23 44 27 28 4 49 29 13 30 34 15 8 24 9 5 22 20 6 25 11 38 10 43 18 
17 29 33 39 26 31 17 7 20 5 40 16 6 14 47 42 9 4 
1 4 
20 38 43 5 3 6 13 12 14 42 18 7 19 22 15 16 45 9 10 1 2 
17 4 27 50 35 31 7 46 2 30 23 24 1 11 8 14 12 13 
8 34 36 32 4 10 46 1 2 
11 32 8 40 23 18 2 21 37 5 4 19 
8 48 29 7 5 23 1 21 32 
9 11 33 12 39 15 2 4 49 1 
7 4 31 34 1 17 47 6 
6 9 33 17 1 5 45 
6 5 16 4 21 20 9 
5 4 5 30 1 19 
7 46 26 4 41 2 5 35 
6 48 9 36 1 22 4 
5 26 12 2 4 28 
6 45 2 11 41 10 27 
5 41 28 1 4 7 
4 25 7 4 13 
4 12 2 37 1 
5 24 35 12 8 7 
4 25 15 4 1 
3 5 8 7 
4 21 43 1 5 
3 1 19 22 
3 2 16 14 
3 1 5 17 
4 1 47 18 16 
5 1 8 39 2 36 
4 50 5 1 13 
3 10 5 2 
3 8 6 7 
6 38 2 9 11 44 40 
3 6 1 10 
4 37 14 5 21 
3 29 15 6 
4 42 20 7 35 
5 49 1 33 48 4 
5 2 9 44 29 50 
3 2 7 33 
3 14 17 18 
3 2 37 4 
3 1 24 4 
3 33 39 1 
3 4 17 11 
3 14 5 6 
3 10 2 28 
3 38 15 8 
3 1 38 9 
3 5 39 30 

6 24 38 23 37 4 28 
11 36 10 5 11 12 7 8 9 6 26 4 
11 29 5 19 31 12 17 35 13 4 14 6 
21 39 11 46 22 7 9 25 15 28 36 43 13 1 48 5 2 8 40 3 20 21 
12 35 8 4 44 2 34 16 3 6 7 38 46 
10 33 10 11 2 18 22 30 15 3 5 
11 32 17 33 13 4 18 34 2 5 22 19 
10 45 48 15 2 41 5 9 4 10 21 
11 29 17 14 2 4 8 25 47 41 19 16 
6 40 43 12 6 8 2 
6 2 49 6 4 14 36 
6 10 21 25 3 39 2 
15 45 26 31 50 24 46 18 38 41 7 32 4 37 3 27 
5 9 37 11 28 3 
7 30 16 42 20 8 4 6 
4 9 15 5 20 
4 9 7 48 3 
4 7 23 6 13 
7 27 44 9 3 47 26 7 
8 23 34 42 4 30 15 16 24 
4 8 12 35 4 
4 4 27 7 6 
6 32 31 1 20 18 29 
4 13 20 1 42 
4 40 12 9 4 
4 2 13 50 19 
4 22 19 43 13 
4 14 4 39 1 
3 9 3 23 
6 50 33 6 20 47 15 
3 13 23 3 
3 13 7 23 
4 49 30 7 6 
3 5 7 20 
4 44 3 5 21 
3 4 2 11 
3 14 1 13 
3 13 5 1 
3 4 12 28 
3 4 25 10 
3 9 13 8 
3 24 20 15 
4 10 49 4 27 
4 19 45 5 35 
3 44 8 13 
3 5 13 4 
3 30 9 19 
3 8 4 17 
3 33 11 43 
3 30 13 26 

9 4 5 13 8 40 45 7 15 46 
14 12 22 8 33 10 6 41 48 34 28 25 4 27 11 
11 8 5 19 17 7 12 32 48 4 50 6 
16 14 1 34 20 12 22 5 18 3 24 44 2 26 21 42 9 
20 6 21 13 36 7 14 1 20 9 26 32 11 27 3 4 17 25 33 16 44 
9 5 28 23 42 9 10 3 2 40 
7 5 3 25 1 49 43 36 
11 35 3 24 1 2 38 31 18 11 27 15 
11 29 10 33 19 4 30 31 18 5 6 23 
9 13 2 29 22 14 6 15 9 50 
3 5 2 8 
6 16 41 2 3 4 32 
4 10 28 1 5 
9 45 5 39 16 21 10 17 4 41 
5 1 46 8 10 19 
9 12 29 5 23 34 37 36 30 14 
4 14 46 3 5 
4 9 40 8 4 
4 20 15 3 9 
3 5 4 19 
7 4 38 14 26 43 5 24 
5 10 2 4 35 45 
5 9 16 44 6 50 
3 8 21 4 
7 47 5 37 2 7 39 49 
4 21 4 31 5 
6 48 30 42 5 2 8 
3 6 2 13 
3 10 9 16 
4 16 38 27 9 
4 8 9 39 26 
4 3 12 5 37 
4 2 5 35 9 
3 4 2 16 
3 22 33 8 
4 16 7 5 43 
3 16 32 25 
3 30 21 8 
3 25 31 14 
3 1 18 6 
3 2 12 14 
4 47 4 6 27 
3 36 21 7 
3 5 4 23 
4 47 1 14 22 
3 15 1 17 
4 25 42 49 45 
3 2 27 3 
3 25 7 47 
3 10 23 3 

8 5 9 34 49 40 47 11 4 
5 11 4 32 13 6 
10 5 4 23 43 15 8 27 50 37 39 
29 2 35 8 3 13 41 11 12 7 25 21 19 14 26 36 42 6 45 28 32 50 5 1 38 9 46 44 15 16 
12 12 7 1 3 48 8 4 42 6 16 31 22 
14 40 5 7 29 2 17 39 24 33 21 10 18 12 4 
9 4 26 28 10 19 17 6 37 5 
6 5 14 18 3 4 9 
7 20 1 45 8 30 4 10 
7 30 7 6 35 9 20 21 
7 16 2 4 1 18 25 45 
13 23 24 6 44 47 17 29 5 4 13 34 14 43 
7 4 49 31 15 12 38 2 
5 8 47 12 4 35 
8 29 27 4 23 3 13 20 49 
3 11 4 5 
6 7 6 33 22 12 31 
9 19 6 11 8 36 24 33 32 30 
6 41 18 7 4 34 43 
4 10 9 15 22 
5 10 6 37 4 27 
5 48 20 44 17 5 
5 42 26 3 12 15 
7 41 28 46 18 25 12 6 
3 4 11 24 
5 4 40 48 7 23 
3 21 15 3 
3 24 7 4 
3 12 15 6 
6 10 50 9 38 18 39 
4 5 13 17 36 
3 2 18 4 
3 6 18 17 
3 19 12 1 
3 4 14 10 
3 18 31 4 
3 21 3 7 
4 30 4 13 46 
3 6 3 30 
3 6 1 26 
3 4 24 19 
3 4 5 23 
3 12 19 3 
3 12 4 22 
3 4 9 11 
3 24 4 38 
3 1 14 12 
3 5 22 26 
3 13 15 1 
3 3 4 30 

6 10 5 17 19 9 4 
2 5 4 
3 4 8 6 
19 24 46 15 9 10 34 18 23 45 1 3 2 14 5 6 37 8 7 16 
12 7 37 2 8 33 15 11 36 1 14 6 4 
18 19 15 48 28 26 40 4 50 7 35 12 5 17 25 20 3 32 13 
14 24 4 29 6 32 9 18 11 40 5 14 10 22 21 
10 5 25 11 4 3 20 38 45 48 33 
11 38 12 42 31 7 1 13 16 4 22 40 
7 20 39 1 12 30 4 7 
10 13 5 16 17 41 47 38 7 8 29 
9 9 29 34 21 19 6 10 41 36 
8 11 33 23 21 30 9 6 31 
6 24 4 28 5 36 7 
4 37 5 4 6 
4 9 11 30 4 
6 28 1 46 18 6 11 
5 46 35 4 7 17 
4 1 27 6 12 
5 8 25 22 10 6 
6 13 12 7 23 34 26 
4 20 26 9 7 
6 44 13 27 21 4 49 
4 4 27 7 14 
3 6 8 20 
4 21 22 44 6 
7 24 31 47 19 45 23 35 
6 14 17 6 47 50 43 
5 42 7 12 11 39 
5 13 43 16 10 32 
3 9 27 13 
4 6 30 49 7 
3 13 5 8 
5 42 21 12 44 4 
4 6 18 48 27 
4 12 43 14 5 
5 4 41 15 5 39 
3 11 8 9 
3 10 29 37 
3 9 7 6 
4 37 12 50 11 
3 29 9 34 
3 28 30 36 
3 26 34 23 
3 27 4 8 
4 17 18 4 49 
3 28 27 11 
3 35 6 8 
3 32 46 23 
3 6 28 41 

7 11 22 41 15 14 4 5 
12 49 7 9 41 12 43 4 5 44 29 21 18 
11 8 30 10 48 25 14 22 23 4 6 21 
23 37 28 1 32 43 42 44 7 2 34 26 3 27 29 19 25 33 16 5 50 17 6 14 
6 2 7 1 50 6 4 
8 38 4 27 5 8 10 3 12 
13 9 18 11 5 38 15 21 31 4 8 2 37 22 
10 3 23 41 28 11 24 7 13 9 6 
8 46 2 8 10 7 33 13 15 
19 29 38 35 37 20 48 23 3 6 17 12 19 26 9 30 46 24 42 25 
7 34 13 7 16 18 8 1 
11 35 6 49 2 47 16 20 26 32 42 10 
4 11 9 8 19 
6 36 50 1 3 4 40 
3 7 9 1 
5 11 27 17 12 4 
8 10 4 33 49 39 24 20 16 
4 31 7 11 2 
4 10 13 30 4 
5 10 17 31 43 12 
3 7 2 3 
4 28 7 1 3 
3 3 8 10 
3 8 17 10 
3 3 4 10 
7 12 45 10 39 4 47 36 
3 4 16 6 
4 8 44 22 4 
4 35 2 10 4 
6 40 48 3 36 10 19 
5 20 47 32 18 7 
4 4 34 12 31 
3 17 9 4 
3 11 32 4 
3 29 12 10 
4 26 39 30 14 
3 7 10 4 
5 45 40 10 7 6 
4 36 45 26 17 
4 30 46 38 14 
3 8 1 2 
3 12 4 10 
3 20 4 2 
3 2 4 28 
3 26 38 39 
3 9 10 40 
3 31 26 12 
3 10 3 30 
3 17 2 12 
3 5 4 14 

5 31 17 4 5 15 
13 42 4 17 10 19 9 5 8 7 14 11 45 38 
7 40 19 4 6 46 45 10 
14 25 13 1 2 9 44 38 7 8 3 24 6 5 16 
12 26 43 12 4 6 46 2 7 1 14 9 8 
14 33 28 30 29 5 4 23 27 3 11 24 49 41 40 
7 33 5 20 2 39 48 4 
5 5 12 15 2 4 
10 10 41 18 5 13 14 2 22 4 28 
16 11 12 19 31 18 16 15 25 9 13 3 26 2 21 17 20 
5 6 10 21 2 32 
10 5 10 50 29 47 37 33 39 8 49 
7 4 25 34 9 10 37 24 
8 5 39 36 29 2 21 9 20 
11 41 42 10 35 22 23 27 8 31 1 16 
4 10 4 15 38 
8 2 18 50 37 30 1 10 22 
5 9 36 17 26 10 
3 10 3 2 
4 46 14 7 10 
4 28 10 11 14 
4 23 17 9 15 
7 22 27 35 44 6 15 45 
6 4 36 30 6 32 13 
3 4 13 10 
6 5 47 40 18 10 34 
4 23 15 34 6 
4 9 47 6 21 
4 6 14 12 50 
4 32 24 6 17 
3 10 15 1 
3 30 11 24 
3 7 12 6 
4 35 26 13 27 
3 34 23 15 
3 14 24 18 
8 49 17 12 42 13 43 48 44 
3 16 4 2 
5 48 12 43 14 7 
3 3 6 26 
3 15 6 9 
3 37 2 15 
3 5 37 39 
3 23 37 4 
3 2 3 23 
3 20 5 3 
3 26 12 28 
3 39 37 7 
3 12 37 6 
3 12 29 17 

15 16 9 4 41 10 34 35 19 6 31 28 37 30 5 15 
8 4 9 16 23 8 38 19 21 
2 5 4 
25 11 7 49 24 45 28 29 48 6 38 8 20 16 13 30 47 2 1 25 5 39 9 26 3 46 
16 4 29 41 6 20 31 17 7 30 8 12 1 18 43 11 3 
13 39 10 7 4 13 12 21 1 23 14 49 43 5 
6 14 5 20 6 4 18 
8 28 2 27 40 47 4 5 25 
15 17 22 27 2 1 13 15 12 10 23 11 4 36 32 50 
8 34 9 1 6 18 15 35 24 
3 5 4 9 
5 5 9 33 6 17 
5 6 9 14 45 4 
7 7 6 21 13 33 37 24 
6 9 1 50 27 10 25 
5 22 1 47 4 2 
5 12 19 5 29 9 
8 42 50 35 5 22 7 26 10 
6 1 41 2 26 17 34 
4 5 4 48 7 
5 14 6 2 37 36 
4 18 44 16 9 
5 42 9 2 6 46 
5 36 42 10 4 14 
4 4 49 15 8 
3 4 19 18 
6 15 8 48 31 32 9 
5 40 8 1 4 32 
3 5 4 17 
4 4 5 1 38 
5 40 27 33 5 1 
3 27 28 9 
5 44 45 31 12 14 
3 19 10 1 
4 10 43 1 18 
4 21 9 39 24 
3 1 14 21 
3 4 30 2 
4 36 44 4 6 
4 28 8 46 31 
3 1 5 19 
3 24 23 18 
3 35 5 6 
3 39 22 33 
3 13 4 33 
3 40 4 23 
3 8 16 4 
3 27 4 20 
3 4 6 25 
3 15 18 9 

13 15 25 32 5 8 33 43 38 16 36 6 29 4 
3 4 34 36 
7 9 4 6 38 5 14 16 
17 22 1 46 45 42 2 11 12 48 43 5 30 10 7 32 3 6 
22 26 12 23 7 18 31 29 22 1 10 9 3 13 21 41 17 11 4 40 8 16 47 
16 19 23 24 35 7 13 27 3 46 4 1 17 31 20 10 26 
18 5 46 30 44 8 11 9 24 15 12 6 4 27 23 40 37 45 32 
4 7 1 5 15 
6 5 38 7 3 21 33 
7 28 21 49 4 6 45 5 
9 14 18 37 39 5 4 13 7 34 
6 4 5 42 14 33 7 
4 19 11 5 6 
11 3 12 30 11 25 37 44 31 22 36 47 
5 48 8 17 1 7 
4 3 35 1 5 
9 20 6 5 18 35 39 15 19 25 
5 5 11 26 17 20 
6 17 13 24 6 39 49 
3 18 6 17 
4 5 9 28 10 
4 5 27 14 4 
5 5 7 50 6 47 
3 6 7 19 
5 28 1 14 17 29 
4 6 5 18 50 
3 6 7 22 
3 25 21 10 
5 25 48 5 1 42 
4 4 14 41 7 
4 14 41 6 5 
4 1 34 7 4 
3 9 1 12 
3 11 32 2 
4 16 6 17 40 
5 14 44 43 2 1 
3 7 11 14 
3 1 3 9 
3 17 19 11 
3 5 7 35 
5 31 30 5 50 49 
3 4 12 29 
3 36 4 1 
3 36 14 7 
3 7 4 10 
3 7 4 6 
3 23 14 5 
3 29 15 4 
3 10 19 41 
3 26 41 23 

8 4 5 16 49 26 17 25 33 
5 4 37 6 19 13 
12 29 46 11 20 9 16 4 5 8 45 7 6 
14 5 12 10 48 7 30 8 3 47 2 14 50 19 1 
13 31 6 3 1 32 4 24 14 46 27 22 37 12 
14 3 44 7 10 8 26 5 2 15 35 13 18 22 23 
13 36 9 50 13 12 3 11 6 4 25 15 21 27 
12 24 14 3 30 10 20 23 6 9 4 15 22 
7 49 8 7 11 3 50 28 
4 8 42 4 6 
9 33 17 3 21 7 29 9 31 16 
6 5 7 4 48 45 41 
9 7 6 38 43 36 24 30 29 2 
9 25 19 8 47 18 5 17 4 28 
5 6 47 34 8 7 
6 18 3 11 34 1 26 
8 21 28 40 11 36 41 1 14 
8 43 42 20 23 16 6 40 14 
4 39 4 2 14 
6 8 35 27 18 3 38 
6 17 7 31 11 32 37 
5 43 5 8 6 38 
4 6 18 49 8 
3 13 8 5 
4 1 14 7 33 
4 44 16 1 6 
4 7 35 20 5 
3 14 9 17 
4 13 3 32 11 
4 42 4 8 13 
4 41 5 21 11 
5 39 40 5 21 29 
7 34 39 45 1 25 44 11 
3 15 16 33 
3 27 20 6 
3 7 17 13 
3 21 5 2 
3 20 22 13 
3 33 19 32 
3 17 32 18 
5 48 31 17 12 46 
3 18 10 30 
3 22 18 13 
3 26 33 6 
3 12 3 33 
3 5 41 3 
3 14 4 15 
3 41 12 4 
3 1 23 9 
3 7 4 9 

13 8 5 47 4 6 18 46 26 14 29 12 38 17 
4 5 4 8 49 
8 23 34 7 50 16 4 20 42 
24 16 46 33 31 48 22 15 2 39 37 3 1 28 13 11 9 6 47 18 14 7 5 10 21 
12 43 14 37 4 6 24 2 45 8 11 9 1 
20 21 32 12 23 26 18 10 29 31 7 16 5 13 11 39 30 1 4 15 9 
10 24 4 13 6 22 19 27 3 20 28 
7 1 10 40 12 2 43 5 
7 49 40 34 33 5 4 6 
4 8 26 6 4 
7 6 4 39 36 5 21 50 
6 37 20 1 48 8 6 
10 38 6 35 15 36 7 25 23 4 48 
5 28 1 4 19 5 
5 6 4 17 13 32 
9 19 3 38 17 25 6 42 32 4 
6 42 16 50 36 15 1 
4 1 49 4 6 
10 25 16 14 7 22 44 24 45 31 27 
4 7 12 27 3 
3 4 11 6 
4 4 30 7 19 
5 41 13 3 29 6 
3 5 19 7 
6 35 19 16 13 41 40 
3 10 6 1 
5 30 35 7 19 20 
3 7 4 14 
4 6 1 23 34 
6 22 6 33 43 27 46 
3 6 4 19 
4 6 45 15 16 
3 9 4 30 
4 41 9 29 3 
3 27 13 25 
4 11 13 17 44 
3 5 4 12 
3 13 16 1 
3 6 11 4 
3 9 8 25 
3 25 34 23 
3 16 17 3 
3 30 8 5 
2 19 36 
3 19 32 5 
3 30 1 4 
2 4 1 
3 12 4 13 
3 18 9 2 
3 17 3 11 

11 39 11 5 29 15 4 7 30 43 6 19 
26 45 14 18 19 38 9 32 31 15 48 34 5 44 24 17 13 40 47 25 10 36 4 43 11 8 16 
2 33 4 
14 23 28 7 5 37 19 34 3 2 27 1 44 6 16 
13 2 9 4 24 10 6 22 50 21 20 7 13 1 
14 32 25 12 17 22 15 10 18 1 8 4 26 5 30 
8 9 44 8 4 14 5 1 28 
15 42 7 21 47 6 38 27 2 13 12 50 23 41 11 25 
7 31 16 5 7 12 2 21 
5 2 6 36 26 5 
5 2 29 8 23 1 
4 6 9 8 42 
9 18 20 14 37 8 30 42 5 2 
4 48 2 13 7 
5 1 6 22 2 17 
8 26 2 4 38 32 20 33 9 
4 2 24 6 15 
3 6 2 13 
5 50 40 4 2 1 
5 16 5 13 45 34 
4 28 8 9 5 
5 27 15 6 5 39 
6 41 11 35 8 4 33 
4 17 46 5 2 
3 2 6 8 
5 10 29 16 35 6 
3 22 8 4 
5 4 37 7 49 21 
6 26 40 31 36 11 1 
3 13 6 1 
5 2 29 41 45 9 
4 35 2 16 6 
5 43 23 3 47 16 
4 4 39 2 20 
3 32 23 26 
3 10 29 2 
4 49 13 28 4 
4 46 2 8 16 
4 48 34 1 22 
3 19 29 2 
4 31 8 23 47 
4 12 44 8 13 
3 1 2 33 
4 7 2 42 4 
3 31 2 20 
2 24 38 
4 33 41 8 2 
3 39 2 14 
2 28 37 
3 19 5 8 

13 28 38 10 45 20 48 5 25 6 36 9 13 4 
4 15 12 4 30 
20 46 42 26 43 37 29 16 44 8 19 30 13 4 6 5 7 40 48 32 17 
20 20 22 6 9 7 2 21 1 46 40 14 8 38 25 32 3 11 27 5 36 
18 3 4 43 33 8 35 40 15 9 28 30 11 1 39 18 29 7 44 
9 1 12 4 45 41 14 23 39 3 
10 22 34 36 18 5 37 14 3 24 4 
7 47 11 10 5 34 3 4 
8 5 50 13 12 1 18 10 4 
4 1 8 9 49 
9 4 5 8 17 21 39 15 50 16 
5 23 6 16 2 9 
7 19 41 26 1 3 9 20 
8 4 31 17 6 24 22 44 7 
3 11 2 5 
8 27 31 42 47 35 11 12 3 
4 3 14 50 11 
8 33 9 32 5 19 23 27 7 
8 13 18 49 21 47 29 3 43 
6 24 4 13 48 26 1 
5 19 35 4 11 28 
4 31 7 4 14 
3 18 12 6 
4 25 14 20 7 
4 42 1 24 4 
3 13 3 20 
3 18 4 16 
3 21 5 1 
5 3 19 38 5 33 
3 2 3 5 
3 22 16 14 
4 3 4 34 18 
3 18 29 5 
3 7 32 8 
4 16 41 21 5 
5 45 4 37 7 1 
3 3 7 36 
3 29 1 4 
3 5 6 11 
4 4 5 3 46 
4 13 6 35 49 
3 3 25 16 
3 3 19 5 
3 3 5 14 
3 36 6 1 
3 3 40 4 
3 19 16 8 
3 20 1 3 
3 19 41 10 
3 9 17 11 

6 4 9 43 48 30 21 
5 10 35 5 50 4 
11 4 27 45 33 20 19 10 6 44 5 34 
25 2 37 6 41 46 43 7 15 17 34 5 42 9 3 11 44 31 45 36 13 33 38 8 25 1 
22 6 33 36 14 2 47 22 32 42 3 10 4 26 16 41 12 9 7 20 49 37 31 
14 5 24 18 13 3 17 8 7 12 32 30 4 41 11 
7 8 6 11 4 5 40 14 
12 7 23 37 14 12 6 4 20 44 26 17 16 
6 19 1 4 38 5 23 
6 2 3 5 13 16 45 
4 7 27 4 6 
4 8 5 50 6 
9 4 10 6 29 34 39 42 15 22 
8 5 15 32 7 8 24 48 19 
6 13 23 4 21 14 18 
6 8 18 10 46 28 5 
8 25 6 39 49 8 27 4 24 
7 15 6 26 38 28 16 47 
4 3 29 14 9 
7 5 40 8 25 3 21 48 
5 22 20 1 36 15 
4 28 21 13 5 
4 8 15 9 43 
5 14 6 30 17 35 
3 20 17 4 
4 18 40 8 5 
5 11 3 17 29 31 
3 18 16 22 
3 19 27 13 
3 24 1 6 
3 5 27 4 
4 35 5 14 6 
3 3 5 4 
5 3 13 4 49 39 
3 32 24 2 
3 4 5 21 
5 5 8 50 4 46 
3 9 4 18 
4 13 17 46 34 
3 7 26 20 
3 6 4 5 
3 5 4 13 
3 1 23 4 
3 3 4 8 
3 4 10 3 
4 4 16 39 37 
3 49 18 5 
3 14 1 20 
4 17 5 47 34 
3 2 12 37 

13 22 5 6 15 4 50 28 8 9 12 13 36 25 
3 4 5 49 
7 41 10 30 42 4 47 50 
20 5 37 38 31 20 42 1 23 2 3 9 46 7 13 11 14 12 6 40 45 
13 4 1 8 13 14 6 22 11 7 41 26 2 19 
14 44 17 12 10 4 39 7 31 18 1 5 9 49 46 
11 18 5 8 15 4 6 34 11 43 26 16 
8 10 5 7 1 43 21 30 23 
9 6 20 38 19 17 32 35 1 4 
7 24 16 8 6 18 44 3 
7 4 15 27 7 5 16 19 
5 4 1 27 6 21 
8 35 14 4 21 47 5 1 38 
7 35 5 33 27 13 48 4 
3 7 1 11 
9 34 20 17 33 26 11 10 24 7 
5 16 9 22 28 6 
6 25 39 7 31 10 6 
11 33 46 24 9 28 48 23 11 25 34 5 
3 16 4 9 
5 8 39 13 12 29 
4 17 5 37 1 
4 19 8 37 4 
3 10 16 19 
6 18 32 29 19 30 1 
6 36 32 16 5 29 7 
6 50 43 12 14 47 11 
3 1 17 19 
4 26 21 25 36 
5 45 25 3 40 8 
3 18 6 4 
4 45 25 26 9 
3 19 14 16 
3 7 19 16 
4 40 13 14 9 
3 26 1 29 
3 4 22 23 
3 9 13 4 
3 21 18 6 
3 30 35 4 
2 3 5 
2 4 3 
3 7 8 27 
2 10 6 
4 32 47 4 30 
3 6 4 19 
4 3 27 45 13 
2 14 19 
2 6 2 
3 3 27 1 

12 12 43 49 10 45 4 17 22 7 26 6 11 
13 6 9 4 12 11 18 14 10 5 8 7 42 13 
10 37 19 30 11 4 24 5 10 40 28 
20 39 3 7 40 27 49 37 38 23 50 8 30 1 33 36 5 9 6 41 2 
9 28 13 9 44 15 4 36 2 3 
7 13 17 1 4 38 48 2 
13 22 1 12 39 45 27 26 20 30 21 4 2 8 
7 21 7 25 4 15 2 23 
6 4 5 20 46 21 2 
7 3 1 2 14 16 34 17 
4 3 2 1 18 
7 44 14 15 1 7 2 16 
4 2 5 28 6 
13 2 29 31 12 46 22 10 19 16 24 47 50 33 
9 8 20 34 12 31 24 46 25 5 
7 14 29 31 12 10 41 35 
10 32 34 23 6 26 19 18 1 36 10 
5 2 11 33 29 17 
5 17 41 3 27 14 
3 7 9 15 
6 9 32 35 7 25 8 
4 7 14 1 32 
3 8 4 17 
3 15 14 3 
4 44 15 8 21 
4 1 7 43 17 
4 4 19 7 38 
3 3 13 5 
4 18 16 37 14 
4 4 47 7 3 
4 15 16 35 14 
4 42 21 22 17 
4 14 18 4 43 
4 40 17 10 15 
3 16 21 31 
3 17 5 4 
5 4 3 44 29 41 
4 27 49 6 4 
2 4 7 
4 3 4 34 42 
4 4 19 37 16 
3 40 32 2 
4 33 1 26 48 
4 12 37 25 5 
2 1 7 
3 14 15 9 
2 14 30 
2 43 6 
3 4 38 1 
2 4 14 

4 40 43 29 4 
13 21 4 34 28 13 33 22 5 29 15 6 24 35 
13 42 4 25 6 44 11 8 10 7 12 32 5 41 
22 16 12 39 6 5 14 20 10 13 43 2 31 15 17 40 3 21 48 25 1 7 8 
12 26 2 37 19 10 8 28 23 7 9 4 3 
7 44 18 41 9 2 4 3 
9 12 19 3 5 11 4 17 24 9 
9 3 4 20 49 26 11 45 23 5 
8 6 42 7 27 30 47 5 28 
11 5 13 16 39 18 46 14 3 44 45 4 
7 19 3 7 20 32 8 50 
7 7 3 14 4 16 17 35 
6 48 4 2 24 10 22 
5 15 10 47 12 4 
5 2 4 14 33 18 
4 12 4 10 39 
8 35 30 42 40 7 12 31 4 
7 6 10 46 21 15 41 23 
5 7 36 5 37 11 
3 8 4 11 
5 2 22 50 18 4 
7 26 2 34 13 27 21 49 
6 30 38 18 8 5 25 
6 2 27 13 7 38 49 
6 3 4 34 29 23 32 
4 8 5 31 22 
4 45 24 9 22 
5 2 9 33 36 5 
4 50 25 1 2 
3 17 23 9 
3 26 17 4 
6 11 38 48 25 3 36 
3 15 2 28 
3 22 2 25 
3 2 12 17 
3 32 19 28 
4 39 48 5 19 
3 24 23 32 
6 42 50 10 4 37 16 
3 4 17 1 
4 45 18 6 3 
4 17 9 39 3 
4 47 1 48 4 
3 3 10 6 
5 41 10 27 49 8 
2 10 18 
3 43 9 14 
5 37 13 43 32 4 
4 22 24 45 8 
4 29 39 21 11 

18 49 8 27 20 24 25 41 34 46 5 47 4 11 38 9 17 30 12 
17 7 30 45 4 18 32 6 13 37 26 31 27 23 24 22 9 5 
7 26 4 42 6 22 20 16 
15 7 1 8 2 15 10 18 3 14 11 36 38 21 43 5 
11 48 17 13 4 29 41 6 1 20 39 2 
19 49 7 3 13 48 10 28 22 42 19 36 9 8 44 2 15 12 35 5 
8 21 10 18 32 15 4 2 6 
6 6 25 39 4 14 1 
8 1 2 11 12 34 21 6 33 
5 14 6 7 29 4 
5 9 29 4 27 1 
11 9 6 16 44 23 30 28 17 1 40 37 
7 37 36 2 16 6 5 46 
4 8 24 10 4 
5 4 44 6 50 7 
8 13 26 3 12 47 32 19 40 
6 5 46 50 12 1 19 
4 2 7 4 42 
3 16 6 17 
3 5 3 1 
5 7 35 9 4 23 
3 6 3 2 
4 2 21 33 12 
7 45 14 28 25 31 1 2 
5 24 8 33 35 1 
5 39 2 3 43 16 
5 49 50 11 1 2 
5 47 31 6 24 12 
5 5 41 34 11 10 
4 2 48 1 12 
4 2 38 24 28 
3 7 2 16 
4 25 43 23 9 
3 1 29 9 
4 25 37 21 6 
3 4 6 13 
4 35 13 2 12 
3 1 31 4 
3 8 5 26 
2 16 12 
5 43 5 47 29 1 
4 46 18 6 3 
4 4 41 33 26 
3 15 12 6 
2 24 2 
4 1 13 17 42 
4 16 41 1 28 
3 6 5 30 
3 6 27 1 
3 27 15 17 

14 8 19 43 12 40 35 7 41 50 5 6 4 28 13 
6 21 9 14 4 20 5 
9 25 13 4 10 23 41 31 16 33 
19 18 30 11 32 6 14 40 5 2 3 1 21 38 27 15 29 10 26 48 
21 16 13 1 32 43 4 44 22 9 10 38 6 11 8 21 26 19 2 31 27 7 
11 11 5 47 25 1 7 30 4 18 27 15 
5 5 39 6 1 8 
12 20 7 34 25 40 22 9 1 5 14 15 28 
8 8 36 12 16 5 17 42 2 
6 3 5 4 29 17 34 
4 12 5 6 4 
8 41 11 24 9 1 19 29 48 
5 45 1 5 37 3 
6 8 17 2 4 23 20 
4 4 6 35 8 
8 49 18 9 26 23 5 34 3 
8 45 24 10 14 47 46 9 30 
5 39 6 4 31 16 
3 1 12 5 
7 2 22 49 14 43 42 8 
6 24 33 4 48 5 2 
3 5 8 20 
5 16 50 44 3 14 
3 17 12 21 
4 6 3 8 33 
4 5 28 16 4 
6 36 39 35 5 6 4 
3 8 1 26 
4 37 12 4 10 
9 44 4 32 42 49 36 17 6 46 
3 5 3 18 
3 4 30 5 
3 3 21 25 
3 10 8 16 
3 1 15 27 
3 30 27 9 
2 29 13 
4 40 4 45 5 
3 27 18 7 
4 38 1 4 8 
3 1 3 12 
3 20 9 30 
3 1 20 5 
3 23 30 5 
3 38 13 17 
2 30 17 
2 17 6 
3 4 21 12 
3 16 30 20 
2 23 1 

17 13 32 7 35 6 20 19 14 10 8 9 4 28 11 15 23 46 
3 5 4 33 
14 10 42 22 7 18 17 31 30 41 32 5 37 4 21 
11 7 5 15 41 3 12 2 6 11 42 1 
21 17 10 6 35 23 13 2 15 49 40 44 26 21 8 14 45 9 16 3 22 4 
11 31 30 1 19 5 4 12 39 44 26 8 
12 40 19 3 41 1 28 24 18 17 4 37 12 
4 9 6 1 5 
10 5 24 1 13 34 18 14 26 8 43 
6 35 45 1 11 3 5 
3 10 4 1 
7 7 6 29 16 36 4 47 
5 20 5 38 9 1 
6 5 25 27 1 9 23 
10 25 4 27 5 1 21 24 43 16 37 
4 15 5 48 12 
5 22 3 5 42 7 
5 20 39 3 7 9 
9 32 33 7 38 6 28 1 31 45 
6 18 13 33 50 1 27 
4 25 15 3 5 
6 3 29 39 17 34 5 
7 38 1 14 48 29 5 30 
4 7 15 9 36 
3 21 15 14 
6 34 50 6 9 5 49 
4 50 15 14 20 
3 1 19 7 
4 22 36 12 23 
3 23 3 6 
4 3 6 19 47 
3 3 1 19 
4 19 2 50 20 
3 22 9 26 
4 5 1 38 10 
5 24 37 47 29 12 
4 36 7 3 15 
4 19 23 35 13 
3 22 6 18 
2 5 7 
4 7 3 4 45 
3 17 4 3 
2 9 15 
2 5 6 
5 10 5 41 46 19 
2 1 45 
3 31 12 36 
2 23 16 
2 5 26 
4 20 27 26 33 

13 26 7 6 21 23 4 11 15 5 8 44 38 48 
9 44 8 29 19 35 43 4 22 5 
2 4 18 
20 33 17 29 50 6 46 25 23 8 3 28 10 1 5 16 43 2 13 24 22 
8 12 6 1 9 7 20 4 2 
18 18 11 28 41 7 34 17 30 13 15 14 10 31 4 19 5 9 1 
13 9 10 6 5 11 21 1 15 14 50 47 27 36 
9 20 1 27 12 2 22 4 18 26 
5 28 7 5 6 16 
9 12 49 4 30 6 46 42 25 7 
11 43 47 14 45 13 38 6 16 40 1 7 
8 5 21 10 8 34 17 30 37 
5 6 11 20 4 35 
5 7 41 26 11 6 
5 24 6 7 1 33 
4 11 32 9 4 
6 32 37 4 6 19 12 
6 8 6 3 25 42 36 
5 39 17 23 2 6 
5 39 13 5 29 8 
9 1 31 24 47 27 45 39 12 7 
3 8 4 2 
3 19 4 1 
9 42 4 35 33 49 21 31 15 40 
3 10 18 4 
3 14 8 1 
3 21 7 8 
4 6 40 4 9 
3 4 2 20 
5 6 48 32 10 12 
3 21 6 24 
3 30 17 16 
3 4 24 15 
4 47 6 12 40 
4 2 24 43 13 
2 18 7 
2 12 17 
2 11 1 
4 21 46 20 19 
4 24 11 34 28 
2 6 14 
3 10 24 18 
5 2 4 11 35 44 
5 1 49 46 2 43 
2 11 21 
5 10 4 48 44 39 
4 34 21 11 7 
3 46 30 1 
3 10 24 44 
2 7 4 

4 19 4 21 6 
12 38 8 44 4 7 16 17 9 15 5 6 30 
17 49 4 35 31 8 33 10 5 48 7 12 20 40 37 22 14 13 
12 9 17 3 5 6 27 1 2 45 7 15 42 
10 2 29 4 9 40 14 3 32 43 11 
12 41 2 27 12 34 36 11 1 20 19 13 4 
8 25 3 12 33 8 2 43 4 
10 2 31 7 35 10 34 25 29 36 3 
11 11 39 28 10 23 50 4 2 21 5 16 
9 13 18 3 35 9 8 33 15 20 
9 32 25 5 22 9 14 6 16 38 
11 46 42 34 47 3 17 23 22 7 6 28 
6 6 18 3 39 24 10 
4 37 5 11 3 
6 38 30 4 10 23 2 
4 2 46 11 9 
6 2 4 30 18 12 26 
8 17 10 19 13 47 26 21 24 
5 24 42 18 1 6 
6 47 28 31 10 3 6 
4 1 9 40 18 
5 11 36 26 12 3 
7 29 15 9 37 12 45 50 
5 19 13 18 45 39 
4 27 11 7 8 
3 22 18 17 
5 25 4 44 6 46 
3 20 12 9 
5 5 23 8 41 32 
3 15 2 17 
6 44 20 45 34 3 8 
3 11 29 5 
3 10 7 3 
7 31 12 41 37 8 6 38 
5 3 48 36 8 10 
4 35 22 6 8 
4 23 14 3 34 
6 2 11 50 46 15 34 
3 24 9 13 
3 5 3 21 
3 6 34 29 
3 4 12 19 
2 5 7 
3 2 27 31 
4 31 4 23 24 
4 38 16 27 12 
3 12 18 20 
3 49 3 35 
2 48 3 
3 38 9 23 

1 4 
8 9 18 42 5 20 4 7 15 
10 5 48 43 6 47 4 41 12 8 11 
13 37 9 32 5 10 15 16 3 11 6 1 50 2 
21 33 16 39 7 45 3 10 4 6 2 9 15 23 40 50 29 48 18 14 8 12 
11 37 28 4 35 8 5 17 7 22 3 24 
12 26 14 32 2 23 43 34 50 16 42 6 5 
12 17 6 13 10 43 21 12 41 3 5 30 36 
7 44 4 11 29 5 2 35 
13 5 30 19 4 26 22 37 8 13 44 21 38 20 
16 14 4 3 36 29 17 46 31 19 25 13 26 30 18 9 20 
5 8 5 31 27 3 
6 11 8 46 25 10 40 
5 5 31 11 7 40 
4 5 4 2 46 
5 5 47 7 4 25 
3 8 11 6 
8 11 24 19 5 21 2 23 38 
6 33 10 24 22 11 18 
4 28 11 10 2 
5 8 45 10 49 18 
5 41 27 10 6 19 
5 18 27 7 5 34 
5 39 6 33 19 18 
3 13 16 11 
3 7 11 10 
6 28 12 44 22 23 49 
4 6 32 20 27 
3 11 5 9 
4 8 11 10 44 
3 14 12 11 
4 7 43 4 28 
5 5 19 48 24 49 
2 7 23 
2 6 9 
3 11 8 41 
3 10 6 4 
3 49 10 18 
3 5 48 24 
3 5 13 14 
5 22 8 50 3 36 
2 7 2 
4 32 8 7 3 
4 30 10 9 27 
2 21 5 
3 11 15 13 
2 16 3 
4 3 5 33 39 
4 38 27 21 33 
4 41 5 4 7 

11 5 4 40 42 10 41 7 13 6 28 20 
6 5 19 36 4 31 25 
5 6 4 8 12 46 
20 11 31 18 26 5 3 17 40 6 9 35 49 1 13 38 22 2 46 42 7 
22 4 2 32 18 20 22 48 8 36 1 30 27 10 26 44 28 40 34 21 7 43 24 
8 1 11 14 41 4 3 43 47 
9 4 5 14 1 48 8 15 9 33 
13 17 9 5 3 29 15 23 7 38 19 22 10 27 
11 11 7 8 19 13 46 4 30 37 12 16 
5 12 8 5 20 1 
8 9 42 6 16 24 17 4 39 
12 35 16 48 14 15 32 37 9 34 33 3 10 
5 28 18 4 9 1 
6 12 44 7 50 6 21 
4 7 38 12 8 
6 33 45 11 9 12 25 
6 8 34 31 11 4 35 
3 13 5 4 
5 2 23 9 25 8 
9 23 24 5 10 1 30 47 37 21 
4 20 5 14 36 
4 8 4 5 26 
3 20 8 19 
3 11 5 20 
7 29 19 32 2 27 16 39 
3 22 4 5 
3 8 5 25 
3 13 5 1 
2 8 25 
3 5 9 20 
3 17 2 4 
4 35 5 25 12 
5 7 16 47 34 12 
8 12 39 36 33 38 17 45 5 
5 4 17 32 42 12 
4 21 5 2 34 
3 9 20 12 
4 8 34 4 15 
3 25 11 34 
3 1 4 5 
2 6 1 
5 49 4 11 1 35 
2 5 6 
3 5 14 48 
2 16 34 
3 3 4 9 
3 6 33 20 
4 5 44 12 7 
2 4 42 
1 14 

6 5 11 14 16 4 17 
10 26 7 9 13 19 46 6 4 12 5 
16 30 9 13 8 22 11 6 41 14 36 4 18 34 26 21 31 
8 3 33 6 5 2 24 7 1 
12 25 12 1 2 38 41 20 37 15 4 8 35 
16 14 36 30 18 4 7 10 24 8 22 37 3 33 15 2 11 
11 4 32 28 9 24 6 15 2 45 12 42 
6 19 5 3 6 31 10 
4 2 7 3 10 
10 40 6 9 46 20 48 8 47 49 26 
13 29 47 13 6 48 25 3 16 21 23 1 30 28 
8 7 2 5 31 23 19 32 36 
7 11 21 3 47 2 28 17 
5 6 1 50 3 27 
12 16 33 7 45 17 34 20 6 50 5 49 40 
7 23 50 1 15 43 38 11 
5 13 18 1 15 32 
3 17 3 6 
5 44 2 12 8 39 
5 15 5 35 10 22 
5 37 3 11 13 27 
8 3 6 27 43 20 41 29 25 
3 11 12 16 
5 42 7 44 6 4 
6 22 5 48 11 42 39 
5 2 34 3 10 29 
3 22 21 14 
6 43 45 29 11 13 7 
4 11 28 26 22 
4 11 6 50 3 
4 12 3 44 8 
3 17 7 12 
3 15 4 6 
3 26 15 3 
2 20 5 
4 39 12 6 3 
3 21 5 6 
2 5 16 
6 36 45 19 25 47 49 
3 10 41 15 
4 22 3 5 40 
5 7 50 49 24 25 
3 28 16 22 
3 24 19 31 
4 15 39 7 28 
2 10 2 
4 39 13 10 11 
3 11 10 25 
4 10 42 15 39 
5 16 15 42 30 14 

4 4 7 15 6 
13 9 16 50 40 4 31 36 17 14 35 5 12 15 
14 7 5 6 22 46 23 9 10 4 13 26 19 48 11 
19 20 34 15 7 26 45 6 1 31 24 40 9 5 2 35 30 3 42 29 
5 4 23 2 8 3 
14 3 14 26 24 8 50 4 25 13 41 27 22 1 10 
12 34 1 30 8 50 27 3 4 49 11 22 21 
8 17 43 7 32 37 12 6 5 
8 18 12 16 10 2 4 3 13 
10 11 9 6 39 41 3 48 38 19 20 
8 29 7 31 24 3 10 36 32 
6 25 20 9 8 2 29 
7 9 14 28 6 3 19 47 
9 28 33 13 45 34 42 2 18 6 
12 2 4 21 18 17 43 45 1 47 49 37 16 
3 9 2 15 
7 8 39 25 2 41 15 43 
4 14 21 15 9 
6 10 13 39 47 3 46 
5 12 27 37 4 10 
3 7 15 18 
5 23 7 6 28 3 
4 22 3 35 5 
4 11 30 4 6 
3 17 12 6 
3 3 4 6 
3 6 20 7 
3 14 22 13 
4 4 38 11 12 
3 7 4 24 
3 2 4 11 
4 8 43 40 11 
3 14 44 35 
3 14 4 7 
4 23 4 33 2 
2 11 2 
4 15 39 8 20 
2 29 10 
4 37 17 19 10 
3 32 2 4 
3 17 6 10 
2 14 4 
4 8 15 32 17 
2 33 45 
6 46 14 44 15 49 4 
3 19 3 45 
3 13 15 19 
2 3 10 
3 45 7 15 
3 6 7 2 

12 38 4 26 24 27 7 5 16 31 8 9 20 
10 10 6 4 14 7 19 34 30 50 25 
9 6 16 50 4 31 30 5 44 17 
19 30 42 34 19 3 23 25 32 5 1 21 15 18 38 2 14 17 47 12 
19 24 13 17 35 49 8 3 45 4 9 1 29 41 20 32 48 27 25 6 
12 9 47 3 11 10 12 7 2 8 18 28 5 
18 46 31 49 33 15 37 6 26 44 24 14 34 11 22 21 18 2 1 
6 6 1 5 29 43 16 
6 40 6 21 10 1 5 
9 9 6 2 13 12 46 11 23 48 
4 6 35 7 10 
8 4 22 50 13 29 6 15 10 
6 5 12 32 20 10 26 
4 2 4 37 7 
4 12 4 45 7 
5 3 28 1 36 8 
5 44 3 4 5 35 
7 7 19 42 6 4 40 22 
6 46 18 4 2 36 28 
5 5 13 41 1 43 
5 9 40 7 4 39 
7 33 18 12 7 38 27 23 
3 22 10 4 
3 7 5 1 
3 5 4 2 
4 13 1 38 7 
4 22 38 1 5 
3 16 19 6 
3 5 12 8 
4 2 4 3 33 
4 1 3 32 7 
7 13 33 31 48 4 5 40 
4 32 22 30 7 
4 2 7 36 4 
4 11 17 5 46 
3 34 16 19 
2 14 7 
6 22 1 4 27 26 42 
2 21 44 
4 21 18 9 32 
3 20 44 5 
5 44 38 49 18 4 
2 20 8 
6 7 39 42 17 3 41 
2 5 15 
4 35 7 10 19 
2 6 4 
3 32 10 5 
3 5 7 42 
3 3 12 2 

2 4 5 
4 14 43 42 4 
12 8 40 12 25 5 46 10 4 42 7 9 6 
17 1 14 3 43 46 18 5 8 13 2 50 6 17 35 20 9 41 
21 4 22 8 19 15 1 37 14 32 35 9 41 6 34 24 12 3 7 38 50 11 
14 28 25 47 38 19 4 37 23 10 5 3 49 7 11 
19 45 22 3 33 5 49 11 6 16 20 29 26 32 21 44 17 27 15 10 
13 30 5 3 13 37 15 12 48 19 4 34 21 22 
6 38 25 3 45 4 5 
7 7 36 39 6 17 3 18 
9 29 24 7 31 28 6 13 44 5 
11 8 5 49 33 30 36 23 3 16 43 24 
7 8 39 11 36 26 23 4 
9 34 21 4 5 20 30 2 27 16 
3 7 5 8 
6 40 26 7 12 18 14 
3 10 7 4 
4 10 4 31 16 
5 8 39 6 42 5 
4 7 4 40 14 
3 14 7 8 
3 5 8 7 
3 12 6 13 
3 12 5 11 
4 6 9 41 3 
3 16 7 13 
2 7 14 
2 11 6 
5 7 43 11 33 39 
4 14 12 49 8 
2 18 11 
4 5 37 7 42 
5 12 29 36 7 48 
4 8 14 5 47 
2 5 4 
4 10 13 12 33 
4 8 32 6 5 
4 6 39 5 9 
5 10 13 19 29 38 
3 16 20 3 
4 45 5 25 4 
4 2 3 19 32 
4 29 4 2 12 
2 11 7 
3 41 9 7 
2 4 3 
2 34 6 
2 33 8 
4 7 6 12 30 
2 4 5 

9 16 19 45 8 38 49 4 18 10 
10 22 19 16 5 43 24 4 47 28 10 
4 5 33 4 6 
17 48 15 1 41 32 14 50 7 13 5 2 3 18 12 20 6 44 
17 9 27 38 3 15 49 40 12 6 2 7 23 34 14 46 4 22 
11 4 5 9 30 20 28 26 8 3 10 7 
20 37 30 4 32 19 40 8 13 35 5 21 25 6 39 47 42 11 26 16 45 
8 6 1 42 33 9 40 21 7 
9 15 6 27 5 41 8 43 11 46 
10 14 26 17 1 37 13 6 2 47 11 
7 7 21 43 9 23 10 12 
5 11 4 5 18 34 
3 4 10 7 
10 5 25 24 37 22 17 4 30 10 44 
5 29 5 9 17 4 
5 44 7 31 1 2 
4 15 14 36 10 
5 12 4 1 25 27 
4 1 7 20 2 
9 6 4 23 46 19 49 31 50 33 
6 8 31 11 28 7 32 
5 2 29 5 14 39 
3 20 5 11 
5 31 47 29 14 2 
4 32 7 14 18 
8 27 6 10 41 7 28 45 46 
4 26 5 9 18 
4 26 6 2 21 
4 24 15 22 47 
4 33 7 14 6 
4 21 16 20 24 
4 4 25 21 7 
4 3 30 20 8 
3 12 35 5 
2 34 7 
1 17 
4 14 7 10 50 
3 1 5 48 
2 22 7 
4 48 8 7 5 
3 9 4 26 
2 7 8 
4 11 9 44 2 
4 4 16 14 43 
3 1 7 26 
4 20 5 9 26 
5 24 7 10 29 2 
3 40 38 4 
3 1 5 20 
3 20 4 37 

9 50 17 11 6 24 39 5 4 19 
6 6 4 7 5 42 35 
8 12 14 22 4 8 48 37 6 
22 8 36 7 46 34 3 13 5 44 9 47 18 10 35 1 22 2 28 16 41 11 25 
11 23 2 20 14 1 7 29 4 13 21 42 
20 47 39 9 2 28 16 40 1 27 3 8 38 19 34 11 20 15 31 41 17 
14 2 12 5 33 4 29 10 14 24 32 21 15 40 26 
9 3 49 4 23 36 46 6 31 9 
9 4 23 17 8 10 6 12 29 15 
5 45 9 7 4 44 
8 13 27 4 38 1 18 6 30 
5 7 35 9 3 18 
8 34 38 16 26 11 44 5 4 
7 7 19 21 22 5 3 31 
3 7 6 9 
5 37 33 4 6 13 
5 9 26 1 6 32 
7 12 32 11 4 25 20 48 
10 30 14 28 47 1 6 27 24 43 25 
5 5 30 36 6 18 
3 7 14 5 
3 3 14 4 
8 35 5 36 42 24 9 8 38 
5 35 19 1 7 23 
3 4 19 18 
3 17 7 13 
5 48 11 19 29 6 
4 6 50 19 4 
5 34 27 5 7 9 
4 19 36 11 20 
3 8 6 14 
4 45 18 7 17 
3 7 16 41 
4 6 29 13 4 
5 4 2 23 24 12 
5 20 23 4 8 30 
2 3 16 
5 39 11 6 13 23 
3 38 6 1 
2 6 7 
3 4 33 6 
3 2 23 5 
1 19 
3 10 4 13 
3 48 32 10 
2 8 4 
3 6 19 4 
4 45 18 27 3 
1 8 
2 28 1 

16 22 31 42 27 7 17 23 4 41 32 49 10 6 5 26 13 
13 6 8 38 22 33 19 21 7 29 4 24 5 12 
1 4 
19 8 42 1 44 39 12 15 5 14 9 13 28 35 2 3 6 11 24 17 
14 7 23 47 27 2 30 16 1 12 9 21 11 31 4 
11 36 50 30 8 4 16 32 2 9 1 10 
12 14 34 5 16 17 37 26 23 10 1 48 2 
13 39 27 4 18 34 19 20 13 6 43 15 2 46 
6 6 45 38 5 4 18 
15 11 20 37 24 39 45 26 1 6 7 21 40 14 36 48 
7 4 28 47 5 10 35 15 
5 28 50 5 2 4 
11 31 19 8 32 25 4 1 29 18 49 46 
4 7 4 44 10 
3 11 4 8 
4 5 6 7 35 
7 7 22 33 29 1 20 4 
4 13 9 8 25 
6 2 48 36 25 13 8 
3 17 10 8 
3 5 2 10 
4 49 17 2 1 
4 37 1 5 7 
3 4 10 2 
6 18 40 42 45 13 19 
3 10 7 1 
5 43 5 50 8 1 
5 4 12 39 50 11 
4 17 2 13 33 
2 5 6 
4 5 43 13 1 
4 1 49 6 13 
4 29 45 2 17 
2 8 7 
4 11 4 16 41 
3 19 6 10 
3 10 23 7 
2 2 9 
5 28 8 4 10 48 
2 10 25 
3 1 35 46 
3 25 1 4 
3 31 8 27 
2 4 14 
4 25 33 10 9 
3 8 41 13 
2 5 11 
4 19 39 10 7 
4 22 32 1 13 
4 6 12 28 27 

7 5 20 13 4 42 15 35 
5 6 40 4 47 17 
5 37 42 10 4 5 
22 50 33 1 46 8 7 40 6 36 21 32 31 22 47 2 3 5 19 14 11 24 49 
14 8 6 4 16 1 3 43 36 27 29 30 33 7 12 
12 13 9 34 26 2 12 20 41 5 4 7 17 
12 8 4 31 9 24 11 29 28 6 5 15 37 
15 5 9 44 7 43 22 11 4 12 28 18 35 10 38 20 
18 36 25 48 8 7 10 27 17 41 38 14 30 6 39 23 32 18 16 
10 15 3 8 9 34 21 32 28 19 30 
5 4 8 7 13 22 
8 24 5 16 14 40 26 8 6 
6 27 23 6 1 11 18 
5 12 19 4 9 45 
4 1 7 39 10 
3 12 5 9 
6 9 26 46 44 6 2 
7 9 8 13 25 46 31 47 
3 4 10 14 
3 6 1 8 
3 38 10 4 
3 8 4 11 
3 13 43 9 
5 49 12 4 7 30 
3 18 40 9 
3 17 12 6 
4 9 13 5 41 
3 7 10 8 
5 45 37 7 40 5 
5 9 24 5 44 10 
4 7 34 4 18 
4 4 9 10 33 
4 5 32 4 42 
3 6 31 10 
2 8 1 
3 5 4 9 
3 3 29 7 
3 9 21 8 
3 9 41 15 
5 25 29 4 2 12 
5 27 6 9 39 46 
4 33 43 3 1 
5 8 5 23 47 42 
3 8 30 17 
2 14 29 
5 50 41 4 17 18 
4 2 4 43 18 
1 9 
2 24 4 
2 4 46 

9 7 20 4 24 28 5 11 6 8 
16 7 5 15 10 38 16 8 22 33 34 14 12 4 46 23 27 
1 4 
17 1 5 12 25 14 13 19 6 21 8 3 10 2 7 11 39 35 
10 31 1 38 2 41 22 6 18 17 4 
13 10 13 23 19 47 1 17 4 27 45 32 9 5 
7 9 32 14 1 44 4 2 
12 1 22 13 18 9 4 2 50 28 19 11 35 
10 31 26 18 6 15 8 29 7 20 33 
11 42 31 4 6 2 30 32 21 40 27 16 
5 4 12 50 8 1 
4 2 42 4 11 
3 4 8 6 
10 44 42 2 16 48 15 4 35 49 7 
10 21 29 2 17 26 9 14 20 45 25 
5 10 24 14 25 2 
3 5 15 6 
4 8 30 9 5 
3 6 8 4 
6 25 9 1 15 21 23 
4 4 15 20 10 
3 8 5 2 
5 2 29 6 45 20 
2 16 1 
4 16 15 4 20 
2 15 9 
7 38 6 10 2 49 34 41 
3 1 8 48 
5 23 39 9 15 33 
5 35 18 10 43 50 
4 10 37 5 9 
3 6 10 7 
3 2 9 29 
2 27 2 
4 8 4 14 30 
1 42 
2 50 31 
3 2 5 27 
2 29 4 
1 10 
2 5 27 
5 36 49 10 12 14 
2 30 44 
4 45 43 14 7 
4 15 44 23 6 
1 2 
2 6 48 
3 14 47 28 
3 42 14 27 
4 37 8 30 11 

2 4 29 
19 5 14 23 8 44 10 27 25 42 40 7 4 30 19 13 6 34 16 20 
5 43 25 16 5 4 
19 37 7 31 48 10 30 11 2 18 17 12 1 21 46 5 41 3 27 6 
23 45 4 18 50 38 8 6 44 28 13 2 34 11 35 47 17 26 41 9 15 16 3 7 
7 18 24 4 13 5 14 2 
13 33 4 2 39 24 8 5 10 40 15 22 19 9 
10 33 5 12 20 32 17 9 11 2 7 
8 36 5 8 7 12 38 43 37 
5 4 2 31 7 21 
5 8 5 15 14 4 
4 4 8 22 9 
5 49 2 6 50 5 
5 19 6 11 2 39 
7 35 7 48 11 27 22 5 
7 49 40 3 5 20 32 2 
8 31 4 5 8 28 42 44 23 
3 6 4 5 
5 7 14 37 2 23 
3 16 2 8 
5 34 40 4 38 10 
7 15 44 37 12 7 43 36 
9 37 2 24 28 30 17 26 34 19 
3 7 6 23 
6 47 3 2 39 50 33 
3 48 23 5 
5 43 2 40 15 4 
6 41 17 29 5 36 23 
4 36 39 28 1 
3 23 2 4 
3 17 4 10 
3 8 16 46 
4 8 7 41 25 
4 21 23 2 5 
3 15 43 5 
5 28 9 29 22 49 
5 9 4 22 23 19 
4 9 5 21 46 
4 29 25 14 7 
5 7 2 16 21 27 
4 28 33 5 4 
2 2 17 
7 22 35 47 27 3 45 9 
4 5 2 22 17 
3 5 49 43 
4 4 48 38 32 
3 43 5 25 
4 46 15 4 26 
4 16 36 13 45 
3 13 5 25 

12 16 19 20 44 7 5 11 4 42 13 12 6 
14 5 17 9 34 12 6 4 24 48 27 7 8 26 40 
6 4 44 23 11 15 13 
18 14 23 31 9 15 38 2 12 21 6 1 17 45 8 5 32 3 20 
8 41 7 4 32 33 1 47 2 
11 18 10 2 17 1 21 16 14 11 4 34 
12 2 26 31 48 1 5 15 19 33 8 25 22 
8 38 10 48 4 2 44 7 9 
10 2 8 43 37 39 35 10 4 31 13 
6 9 25 23 8 6 39 
4 3 50 6 1 
4 2 1 46 4 
8 16 43 3 9 14 1 18 34 
5 27 29 4 13 6 
4 4 37 3 7 
11 26 21 47 1 24 39 6 22 20 30 13 
3 2 4 6 
4 13 47 6 34 
8 25 7 1 21 24 36 45 30 
8 16 4 23 1 28 29 46 42 
5 6 19 43 16 4 
3 7 39 16 
5 20 3 26 10 4 
3 2 19 16 
5 19 7 10 29 26 
7 2 7 25 16 50 32 23 
4 14 48 36 2 
1 20 
3 14 25 20 
2 16 19 
5 37 35 7 9 4 
5 46 4 26 33 5 
3 7 5 32 
4 6 13 18 2 
2 9 31 
3 49 19 27 
6 31 15 38 9 47 41 
3 37 4 8 
5 22 45 16 9 10 
1 2 
2 37 5 
2 1 20 
3 9 21 13 
3 8 1 3 
3 19 39 4 
3 12 32 20 
4 16 18 5 37 
4 7 8 27 2 
1 36 
2 11 26 

9 18 50 9 35 6 23 37 4 14 
4 4 15 5 36 
18 35 47 24 46 19 6 39 38 4 10 44 11 5 7 41 8 16 20 
19 5 3 2 13 11 19 50 9 10 18 15 7 45 6 21 12 25 1 30 
9 2 22 3 15 9 33 20 4 31 
15 4 13 11 17 1 34 7 8 42 3 31 33 16 48 44 
9 12 6 4 8 40 3 17 21 10 
5 7 3 13 38 6 
3 4 5 1 
7 16 12 4 3 29 40 7 
5 4 46 3 6 25 
4 10 14 4 7 
7 4 8 26 36 22 14 6 
7 13 17 12 30 27 19 1 
5 5 4 50 2 23 
3 10 3 6 
10 42 18 7 6 38 19 29 22 14 49 
7 50 4 37 1 17 28 33 
9 30 17 35 24 4 3 32 14 49 
2 3 5 
4 30 4 36 7 
4 5 27 13 17 
10 41 28 25 36 42 29 43 50 15 1 
3 28 19 3 
6 40 46 23 41 11 4 
2 40 13 
2 14 22 
3 24 23 18 
4 10 17 23 35 
4 4 14 21 19 
3 6 5 47 
1 19 
3 6 18 5 
2 6 45 
8 36 49 3 29 45 19 1 46 
5 21 13 2 23 35 
2 18 1 
3 8 17 3 
1 3 
4 25 10 7 26 
3 23 25 3 
3 6 23 17 
1 23 
2 3 6 
3 34 4 35 
4 11 35 3 25 
2 31 3 
1 6 
3 17 35 19 
5 1 4 18 15 23 

5 4 31 35 7 12 
9 26 5 19 15 4 33 48 6 11 
9 25 6 5 4 10 21 16 28 13 
15 34 22 1 2 7 6 13 14 15 17 5 9 40 46 3 
15 30 27 9 38 10 4 8 41 31 7 24 18 2 17 3 
15 9 23 3 11 16 2 37 35 45 8 41 39 10 46 4 
10 1 4 5 12 47 8 33 19 14 37 
7 6 5 26 36 7 23 13 
11 16 42 14 38 24 6 18 5 11 43 4 
8 3 12 36 6 15 26 5 40 
4 31 6 9 2 
6 1 7 18 27 44 10 
4 3 4 8 49 
4 20 7 4 9 
3 10 2 4 
12 9 27 6 32 45 48 28 3 49 20 39 43 
7 33 18 4 35 39 5 29 
8 43 9 34 5 17 41 30 12 
6 28 7 27 21 24 2 
6 25 14 24 26 16 37 
6 23 19 26 22 43 3 
6 48 29 32 4 21 45 
3 8 6 21 
4 9 20 19 5 
5 32 31 3 20 28 
5 10 2 8 21 20 
6 12 16 5 38 19 36 
4 19 16 3 25 
3 47 17 22 
4 18 37 44 5 
6 42 25 41 1 5 11 
3 25 22 16 
4 34 7 17 2 
3 18 4 33 
3 1 17 6 
4 40 8 27 10 
5 7 30 20 42 6 
3 9 27 5 
3 17 16 6 
4 49 4 10 36 
4 5 31 6 18 
4 9 49 31 37 
4 21 9 16 18 
3 12 30 46 
3 16 6 22 
4 47 6 44 4 
3 29 7 46 
3 22 16 2 
4 42 13 40 16 
0 

3 6 4 5 
1 4 
11 42 35 5 9 45 20 6 10 4 21 8 
18 19 8 12 27 3 49 13 9 38 11 10 22 6 5 7 1 2 18 
16 36 16 14 24 13 12 38 30 25 33 22 39 1 4 7 3 
20 30 20 4 31 26 8 3 47 50 34 9 24 36 37 40 1 11 7 35 18 
12 10 14 40 22 4 25 29 45 5 16 34 6 
19 23 44 48 41 4 13 37 17 15 21 49 3 29 6 12 32 28 16 14 
5 4 28 6 3 15 
8 4 7 33 41 36 46 11 3 
5 6 19 23 10 4 
7 44 5 4 29 8 17 35 
5 5 15 8 4 41 
3 8 5 7 
9 42 9 17 20 29 24 34 8 13 
3 7 8 5 
12 45 50 27 21 8 22 47 15 43 12 44 29 
6 19 21 28 25 6 4 
5 4 45 11 20 18 
6 3 15 22 19 6 35 
5 3 8 32 18 17 
8 32 4 23 7 48 5 20 17 
5 22 39 33 8 11 
8 30 28 25 42 6 34 15 5 
4 24 5 18 7 
6 30 6 36 39 29 43 
2 17 4 
5 8 9 18 37 24 
8 17 26 15 8 12 41 32 7 
4 5 24 6 26 
2 6 38 
6 22 21 8 50 29 46 
3 23 5 10 
4 7 15 6 24 
7 40 48 12 49 3 6 20 
4 6 5 26 10 
3 8 6 28 
4 31 44 4 5 
3 26 5 23 
4 7 6 35 50 
4 13 10 8 29 
3 24 15 3 
2 17 26 
4 8 17 12 38 
5 47 19 3 17 7 
2 10 32 
4 17 45 49 6 
3 22 8 35 
4 8 4 47 35 
4 17 40 6 32 

24 9 35 44 42 8 19 31 12 5 17 37 23 6 33 49 50 4 39 7 29 47 36 21 41 
6 4 42 21 22 24 10 
2 5 4 
18 7 10 28 14 38 2 5 20 3 6 34 1 17 9 11 24 37 43 
12 3 16 8 9 29 18 12 6 4 30 1 19 
12 1 25 50 47 11 13 8 18 5 10 7 4 
9 27 36 1 6 4 28 14 41 15 
10 6 1 5 20 22 44 33 12 45 43 
14 15 24 46 48 11 1 29 13 26 19 17 4 16 5 
7 4 39 15 27 6 14 2 
5 4 9 30 26 6 
5 38 1 8 5 13 
3 6 12 9 
7 4 32 7 21 10 31 47 
5 9 7 10 33 17 
3 32 9 5 
9 24 9 20 31 4 1 15 18 49 
7 5 25 17 6 19 46 43 
6 1 9 44 5 18 26 
4 8 23 4 17 
4 37 1 14 2 
2 2 8 
6 27 20 39 46 1 26 
6 4 17 43 30 9 2 
4 27 6 18 38 
6 28 19 23 11 42 9 
5 7 23 39 25 10 
4 7 26 34 4 
3 5 1 9 
4 5 11 42 24 
4 17 50 14 1 
3 45 14 16 
5 15 8 48 1 43 
2 28 4 
1 1 
3 7 40 1 
3 1 4 21 
4 50 12 4 25 
5 10 27 23 47 1 
1 36 
2 7 1 
4 2 1 26 30 
5 24 18 4 8 33 
3 1 19 8 
3 8 32 48 
3 23 9 18 
4 6 39 1 14 
3 9 45 33 
2 17 1 
4 38 6 1 31 

13 27 6 9 40 39 16 5 13 7 23 24 4 12 
14 20 8 9 19 46 6 11 7 21 15 10 4 5 12 
3 30 4 8 
25 16 38 31 19 22 18 1 3 29 6 48 2 36 20 13 8 17 43 5 25 9 32 14 28 15 
9 1 7 45 28 11 4 2 10 13 
8 12 1 27 4 46 21 2 33 
7 50 33 2 1 5 10 24 
16 49 41 50 39 15 11 3 24 14 4 42 2 34 22 26 16 
4 4 2 1 43 
4 2 7 5 40 
7 8 47 2 5 14 35 17 
3 1 2 6 
7 1 4 5 40 28 26 18 
5 11 47 4 16 8 
6 4 2 44 8 25 48 
8 8 4 23 14 1 21 20 37 
3 4 36 11 
5 34 41 4 32 13 
4 23 49 4 2 
6 2 46 22 33 16 4 
4 2 6 16 39 
5 27 20 32 4 8 
7 16 25 45 1 19 30 40 
4 7 31 1 8 
3 15 4 23 
4 46 38 8 13 
6 22 49 34 35 6 1 
4 31 5 13 4 
1 4 
4 32 50 23 3 
3 4 24 28 
4 22 30 4 18 
3 6 20 7 
5 18 8 35 42 27 
3 34 11 27 
2 17 4 
1 16 
3 45 26 4 
5 43 40 8 21 1 
5 1 10 23 39 13 
2 8 18 
2 8 34 
4 48 4 39 9 
1 15 
3 38 23 5 
4 2 26 6 20 
2 14 11 
3 4 15 43 
3 8 19 27 
3 30 8 7 

11 8 39 18 41 12 14 10 17 4 6 9 
5 17 11 8 4 5 
7 7 5 25 9 13 4 40 
19 2 7 6 20 43 3 12 33 5 18 22 25 32 15 35 1 21 34 26 
13 13 6 28 20 11 15 16 47 23 4 3 31 2 
17 12 7 4 1 50 15 32 19 47 42 36 5 27 9 37 17 33 
10 3 30 23 41 6 4 24 35 8 10 
10 10 1 42 44 37 13 7 23 28 2 
5 6 19 1 30 3 
8 11 14 37 8 7 29 1 38 
3 10 2 5 
7 1 42 4 48 6 27 18 
7 3 47 8 5 23 38 32 
8 30 17 19 1 18 44 10 36 
4 6 5 4 41 
3 5 29 35 
10 22 29 2 14 21 23 40 1 6 37 
6 20 14 31 4 12 1 
9 30 28 32 6 35 50 9 14 34 
7 48 4 5 43 18 26 33 
3 17 4 31 
6 4 47 25 34 38 17 
7 7 17 26 5 8 13 25 
2 7 37 
6 23 4 44 3 22 45 
5 49 42 20 23 4 
4 12 6 44 46 
4 5 8 19 49 
3 17 16 10 
6 7 37 14 45 9 19 
4 5 39 18 21 
5 6 13 19 36 4 
4 20 4 41 6 
3 4 19 22 
4 4 7 19 16 
3 32 14 6 
6 6 24 8 10 17 30 
3 22 13 10 
2 1 31 
2 17 3 
4 7 15 33 1 
4 26 12 8 6 
2 4 20 
4 25 14 27 8 
2 25 30 
1 27 
4 5 6 22 13 
2 20 12 
2 28 26 
2 19 6 

3 5 25 4 
17 27 7 20 19 11 9 4 32 6 17 31 13 5 12 14 10 45 
1 4 
21 12 20 30 11 5 9 50 7 2 17 6 1 15 34 48 29 8 18 3 21 39 
16 7 13 2 8 33 26 19 36 6 1 35 15 23 9 27 4 
6 2 5 4 15 8 40 
6 2 47 18 46 4 5 
19 31 40 49 48 16 38 36 44 26 10 14 47 23 5 28 6 32 12 4 
13 5 4 17 10 42 34 11 29 2 40 41 50 26 
3 9 8 2 
13 49 46 20 42 14 18 4 9 16 34 36 21 2 
5 2 31 33 8 4 
6 16 24 19 5 22 2 
6 34 8 11 2 26 22 
5 4 27 5 38 6 
5 8 13 29 21 11 
6 45 2 49 4 9 24 
4 7 28 11 4 
6 5 2 50 13 41 31 
5 11 27 2 25 4 
3 11 4 16 
2 14 13 
2 8 5 
5 35 13 17 29 32 
3 20 1 26 
11 36 43 47 39 44 25 9 8 5 14 48 
5 5 38 20 15 2 
3 8 18 30 
5 9 4 16 24 40 
5 44 4 39 28 45 
6 8 50 40 12 2 19 
3 2 8 24 
2 5 12 
5 14 11 46 4 9 
2 24 5 
4 11 8 26 5 
3 48 45 43 
3 8 27 15 
3 30 26 4 
5 31 8 6 9 29 
3 19 46 9 
3 11 9 48 
2 37 26 
3 8 30 26 
4 37 30 17 2 
4 7 11 34 41 
4 8 7 49 26 
5 42 26 8 4 37 
4 47 17 8 11 
4 4 19 9 31 

2 4 15 
13 12 41 8 7 17 11 6 5 10 20 46 4 21 
3 46 4 5 
19 10 48 12 31 15 21 32 23 9 6 1 3 7 28 8 2 14 25 5 
14 13 31 11 49 9 2 4 18 3 43 16 6 8 23 
18 15 22 39 25 7 28 19 5 46 9 33 11 14 35 2 4 13 16 
10 6 2 36 27 28 14 17 4 44 16 
7 2 5 26 4 48 10 40 
3 5 6 4 
5 24 2 4 8 43 
7 30 5 37 2 16 6 18 
12 16 46 22 2 4 21 14 13 24 50 39 42 
5 12 25 5 44 6 
6 12 4 36 49 7 6 
5 6 20 4 1 34 
9 11 7 6 45 28 25 12 5 27 
6 19 47 22 7 2 21 
7 38 5 11 44 23 45 41 
4 6 17 22 31 
3 30 15 2 
4 17 12 4 2 
4 12 6 17 19 
6 24 5 42 43 18 4 
4 10 12 28 23 
7 4 13 16 29 6 32 35 
1 8 
5 7 33 49 38 16 
5 16 6 24 4 7 
2 25 37 
3 11 20 37 
4 5 19 4 33 
3 4 25 48 
5 35 39 27 6 31 
1 15 
3 25 6 33 
2 7 14 
3 11 30 29 
3 41 27 18 
5 6 12 46 43 33 
1 8 
3 18 38 2 
2 12 23 
4 23 10 5 39 
3 7 13 18 
2 16 18 
5 3 12 2 6 39 
1 17 
3 8 32 4 
3 5 27 14 
1 12 

1 4 
9 5 44 4 6 21 34 8 11 18 
12 23 48 13 33 4 20 31 10 5 46 39 12 
19 5 11 14 32 1 16 43 7 6 17 21 2 45 26 10 9 40 34 3 
13 32 31 13 2 22 35 3 8 7 45 6 29 4 
9 8 19 4 2 5 20 7 18 16 
11 47 14 19 6 9 13 20 26 34 4 5 
3 2 6 5 
8 39 38 31 7 13 45 32 4 
8 42 47 50 4 35 3 24 18 
8 29 12 2 24 48 18 47 4 
7 42 22 24 11 27 3 17 
5 7 34 3 9 5 
3 7 4 30 
5 38 20 37 26 32 
5 26 4 6 19 34 
13 19 29 43 20 50 12 42 4 44 45 30 27 40 
5 11 2 10 21 6 
8 35 22 17 33 16 6 25 7 
7 15 6 23 17 37 7 3 
4 18 30 4 2 
4 19 5 45 12 
3 20 41 3 
4 37 10 12 11 
3 19 49 29 
6 7 15 4 44 47 16 
2 17 12 
1 39 
6 40 5 34 25 17 11 
4 33 21 17 14 
6 49 5 9 38 43 3 
6 50 15 5 4 9 36 
5 41 36 19 30 3 
6 16 7 4 13 29 2 
3 19 5 10 
2 33 32 
3 24 20 15 
3 31 9 15 
3 9 28 3 
3 29 4 17 
2 33 23 
3 12 17 10 
3 17 4 31 
3 26 2 17 
5 4 17 22 9 5 
1 3 
4 26 7 11 10 
2 3 11 
2 31 25 
3 10 17 32 

8 8 29 11 14 5 12 15 4 
15 32 4 18 5 16 24 49 9 20 30 46 28 7 43 6 
1 4 
19 47 2 8 7 6 39 28 25 5 17 10 13 9 29 1 3 16 49 48 
22 40 44 6 50 21 4 2 10 13 24 1 34 19 36 32 26 17 15 48 22 12 7 
8 2 22 37 11 40 23 5 4 
3 4 2 5 
13 48 49 50 11 42 4 12 27 9 10 15 1 36 
9 30 39 4 28 12 50 2 8 17 
6 16 4 5 30 8 28 
6 8 1 6 37 14 15 
5 8 9 38 1 5 
13 23 29 42 19 27 24 18 5 22 35 15 32 4 
5 29 11 25 1 40 
8 1 13 8 38 11 25 17 5 
6 46 2 10 4 22 24 
6 15 28 5 9 4 24 
7 25 43 23 21 27 13 2 
6 50 26 13 38 45 5 
1 2 
5 49 18 35 43 5 
4 6 13 16 5 
3 6 18 13 
9 13 44 2 5 37 17 41 16 31 
5 14 18 15 33 4 
3 5 19 47 
8 30 46 13 42 18 33 37 8 
6 9 40 17 10 4 2 
4 4 14 13 1 
6 41 10 2 9 27 36 
3 47 48 24 
5 5 13 2 39 36 
2 25 27 
1 5 
2 13 21 
5 44 30 32 8 5 
4 11 27 6 24 
5 19 41 49 15 12 
3 4 32 9 
4 6 5 14 28 
3 38 24 30 
3 27 13 8 
3 2 21 18 
3 36 5 24 
1 19 
3 27 16 2 
3 26 31 4 
4 31 4 8 5 
5 8 2 38 4 21 
4 19 8 5 9 

7 38 20 44 17 4 8 5 
14 6 10 12 11 21 14 20 33 25 31 19 34 26 4 
6 5 4 32 10 42 45 
17 38 16 13 29 2 5 3 7 17 1 6 47 31 23 11 34 12 
13 33 8 9 25 4 6 7 3 15 40 1 24 18 
3 5 2 4 
7 15 4 23 31 8 21 5 
9 13 10 5 1 9 19 7 25 26 
9 39 38 33 5 8 31 36 27 44 
8 11 8 50 2 38 3 12 14 
6 20 42 10 2 14 4 
9 41 34 2 17 4 10 32 23 16 
4 18 8 4 33 
6 24 37 29 10 2 11 
5 5 7 26 18 28 
3 4 39 12 
4 43 4 1 12 
8 5 20 15 45 13 34 19 44 
5 2 22 45 8 18 
10 21 38 18 2 47 37 48 1 35 11 
8 43 36 41 7 20 25 46 2 
1 19 
3 12 7 4 
4 27 5 33 14 
6 30 2 5 21 46 8 
4 27 8 15 2 
5 26 30 24 9 35 
2 15 31 
2 4 14 
3 35 27 25 
6 9 4 28 7 42 2 
2 3 12 
6 13 2 5 40 9 24 
4 4 18 2 12 
3 30 27 20 
3 21 42 9 
4 49 20 14 41 
5 1 9 4 10 20 
3 9 45 16 
3 33 5 50 
3 12 37 21 
4 11 3 36 31 
2 21 17 
3 1 9 18 
4 39 18 3 19 
3 25 21 47 
3 4 20 46 
1 20 
1 37 
2 10 40 

9 7 39 9 19 24 26 6 5 4 
14 27 12 17 22 7 39 30 8 5 6 11 21 4 20 
9 44 47 22 40 27 4 5 26 15 
16 1 48 6 18 41 50 47 29 32 3 40 21 16 17 43 2 
3 2 1 3 
16 1 12 32 16 7 9 14 11 10 19 8 18 48 4 15 2 
6 2 20 1 9 6 23 
9 49 6 29 2 27 43 21 47 50 
7 7 32 14 25 1 22 6 
11 39 41 35 46 18 21 43 22 6 13 16 
4 2 6 35 13 
2 2 6 
3 10 11 28 
8 47 9 43 28 15 29 24 6 
10 23 6 37 3 46 49 27 14 38 34 
5 4 6 37 10 17 
6 19 4 42 16 26 2 
5 4 10 45 6 22 
5 35 6 17 1 30 
4 24 28 2 7 
9 41 4 44 8 10 2 26 36 39 
7 40 10 18 2 9 3 41 
3 27 15 7 
4 36 14 1 20 
2 30 9 
4 17 1 21 3 
8 3 23 2 31 15 39 8 33 
5 14 30 50 13 20 
4 8 4 40 14 
4 2 28 25 19 
1 27 
7 45 48 50 37 6 9 4 
2 36 27 
1 15 
3 10 11 19 
3 33 24 21 
4 32 15 16 42 
1 15 
6 21 1 27 10 44 2 
5 48 4 3 22 29 
5 21 22 10 46 4 
2 37 17 
4 8 4 10 14 
3 39 21 3 
2 18 32 
3 41 15 10 
5 8 49 4 14 3 
4 32 40 6 4 
3 47 8 15 
4 32 28 8 4 

4 7 5 47 4 
6 8 4 5 6 9 45 
2 4 9 
3 1 3 2 
12 2 7 1 15 9 10 8 41 25 38 42 36 
7 34 2 32 8 24 25 14 
11 49 31 46 5 17 1 11 14 44 13 9 
17 40 23 12 43 6 5 10 20 38 18 16 2 24 33 46 28 31 
13 2 33 15 28 10 25 7 5 35 11 13 3 14 
10 9 20 8 33 13 12 5 45 37 23 
3 7 31 9 
8 34 10 48 41 42 29 8 27 
4 10 22 7 9 
8 35 9 19 26 34 6 7 18 
3 16 9 5 
7 37 43 15 42 47 44 8 
3 7 29 30 
4 19 14 8 49 
7 45 23 30 14 18 21 28 
2 8 10 
1 19 
2 50 13 
3 8 19 10 
3 8 39 6 
4 5 6 9 32 
1 14 
3 12 50 36 
3 8 9 19 
3 17 35 12 
4 45 37 19 17 
3 7 11 8 
2 6 25 
6 48 49 9 10 36 8 
3 14 12 6 
3 14 29 9 
5 27 46 5 33 38 
3 10 16 30 
3 5 36 8 
1 24 
1 8 
2 5 12 
3 5 12 16 
2 16 8 
2 7 16 
4 10 30 2 19 
3 8 7 36 
2 1 16 
2 12 33 
3 7 18 33 
2 27 22 

10 45 22 10 5 26 6 24 7 4 12 
1 4 
0 
28 11 1 26 49 12 18 42 17 45 38 25 28 6 37 5 7 10 20 34 16 15 33 43 22 13 8 29 2 
19 6 26 19 35 20 33 41 22 7 1 15 27 43 16 17 4 31 10 46 
8 40 24 5 18 39 10 4 1 
13 5 43 30 44 8 14 4 1 26 21 13 9 38 
7 16 29 4 27 7 11 22 
8 13 12 11 21 19 7 35 32 
7 36 40 41 6 1 5 4 
10 44 42 9 50 14 4 49 20 8 12 
8 17 4 11 46 34 9 15 1 
10 14 48 31 9 7 30 39 4 24 50 
11 13 36 32 33 28 49 19 7 24 11 25 
6 12 5 4 50 41 23 
3 8 5 4 
10 45 5 18 37 29 12 21 47 4 32 
5 17 27 23 6 4 
5 14 5 46 48 9 
3 5 11 4 
5 36 7 17 23 9 
7 39 5 1 4 25 31 8 
4 21 37 18 15 
6 1 14 6 34 13 28 
3 4 22 14 
5 5 1 4 30 7 
4 5 35 8 18 
3 14 4 24 
4 38 4 8 17 
4 42 13 26 7 
3 5 22 13 
4 17 9 40 14 
4 14 5 48 4 
3 4 24 12 
3 9 5 27 
3 21 14 10 
3 17 4 23 
3 29 4 7 
3 13 6 22 
4 6 47 10 32 
4 5 15 44 10 
3 11 4 30 
3 5 7 4 
3 41 7 11 
3 17 4 1 
3 5 19 12 
2 17 40 
3 33 19 13 
3 14 4 11 
3 15 13 11 

1 4 
0 
19 16 19 20 18 29 41 35 5 4 28 22 10 23 48 9 11 17 32 14 
23 7 11 37 1 36 50 44 25 30 47 24 26 10 8 3 13 21 46 5 14 20 49 6 
8 26 40 6 25 4 11 3 16 
9 16 39 5 36 4 7 18 9 8 
6 8 9 6 4 36 12 
9 6 21 18 45 30 15 41 4 7 
6 6 3 22 12 7 33 
9 14 37 40 27 15 28 13 3 4 
6 3 5 4 29 13 31 
5 15 9 7 39 40 
5 11 45 39 4 10 
4 4 10 21 3 
12 25 10 32 43 29 17 38 20 19 8 12 23 
9 23 17 6 44 49 35 33 5 3 
4 15 3 16 43 
9 3 27 8 24 48 19 35 37 6 
5 15 18 30 3 34 
3 4 15 3 
4 4 34 8 14 
2 9 3 
4 15 3 16 27 
3 33 18 4 
3 15 4 5 
4 5 32 38 4 
4 28 10 18 23 
8 47 10 42 38 27 46 3 31 
7 15 34 49 48 31 11 3 
4 42 4 19 8 
4 29 28 41 11 
5 3 42 15 50 26 
5 9 50 47 16 24 
3 21 29 19 
4 46 3 18 16 
3 4 6 7 
3 10 4 18 
3 26 15 28 
3 6 12 13 
3 12 10 5 
3 3 8 31 
5 32 28 43 44 30 
3 17 15 42 
3 42 4 16 
2 13 8 
3 28 35 4 
3 28 4 33 
3 3 18 29 
3 4 16 29 
3 4 33 32 

0 
6 7 11 4 36 30 5 
5 14 4 25 6 5 
17 34 6 18 8 33 22 12 47 7 11 35 28 2 3 31 5 27 
20 22 18 13 37 11 3 14 23 32 9 8 25 4 2 38 48 49 15 7 6 
9 5 37 4 3 27 9 15 12 48 
11 4 2 10 16 24 15 20 23 30 8 5 
9 5 10 7 35 31 21 4 39 9 
14 30 34 8 16 12 27 26 10 38 36 19 5 33 6 
13 33 17 29 13 42 32 26 23 8 7 9 38 44 
7 4 22 46 17 5 2 14 
6 9 44 13 6 4 28 
6 5 49 12 24 10 18 
7 5 41 20 19 3 16 11 
7 50 6 17 7 29 5 37 
3 7 14 9 
6 10 19 11 32 15 21 
5 40 5 13 4 31 
7 41 14 40 17 34 20 9 
6 21 7 19 46 14 48 
5 28 20 8 24 17 
11 11 29 26 25 5 42 50 45 4 39 41 
5 10 39 5 42 7 
4 35 13 21 7 
3 22 5 3 
3 9 10 22 
3 6 9 4 
5 47 12 21 50 4 
5 36 43 10 15 22 
3 7 9 2 
4 45 4 8 18 
3 5 10 17 
4 40 4 10 9 
4 19 43 9 4 
3 4 8 24 
5 47 2 29 46 9 
3 5 6 15 
5 45 10 5 43 9 
3 22 8 23 
3 19 18 33 
3 22 19 14 
4 10 22 44 23 
3 38 34 29 
4 10 42 12 49 
3 31 38 22 
3 36 11 20 
3 28 4 36 
3 20 5 6 
3 13 44 5 
3 15 28 22 

8 43 4 5 6 41 10 23 21 
21 4 21 16 10 11 12 17 14 45 9 44 15 32 8 39 46 29 20 19 27 7 
11 22 4 50 38 43 14 5 6 41 10 37 
21 8 13 7 9 11 19 16 1 20 5 24 33 6 2 31 28 32 48 47 3 18 
8 27 3 1 17 4 7 8 30 
11 48 3 1 20 40 13 23 12 4 37 31 
4 4 2 29 5 
11 2 9 4 32 18 12 5 23 48 33 38 
6 28 8 13 4 2 45 
11 15 25 1 14 22 2 49 3 18 11 36 
6 22 2 10 4 26 36 
5 6 8 2 17 49 
6 9 4 15 25 6 16 
8 2 41 3 45 27 42 10 38 
3 13 10 2 
5 24 13 42 2 4 
5 5 2 12 19 30 
5 8 35 4 10 39 
17 47 31 24 46 39 2 30 43 42 36 35 34 26 4 21 40 17 
6 26 2 6 4 25 29 
4 1 19 50 2 
4 11 44 10 3 
4 6 34 1 8 
3 4 19 16 
4 28 13 10 20 
4 19 11 20 44 
5 40 14 2 35 5 
3 4 9 25 
3 7 20 2 
3 19 5 17 
5 46 6 4 34 19 
5 2 37 4 8 33 
4 32 4 8 49 
3 23 19 31 
3 18 19 27 
3 19 11 10 
4 50 32 3 6 
3 14 8 3 
3 19 18 2 
3 27 6 19 
3 14 3 1 
4 47 19 14 16 
3 1 3 19 
3 26 2 22 
3 2 14 9 
3 2 31 19 
3 42 4 19 
3 6 8 4 
3 33 12 10 
3 37 21 3 

7 42 4 8 5 6 10 17 
9 9 5 19 12 6 15 11 4 21 
7 13 19 31 16 4 36 27 
20 40 39 49 33 38 34 43 5 9 42 1 22 3 30 17 35 2 16 6 7 
11 1 36 2 15 8 25 48 14 18 7 4 
16 46 32 20 24 1 13 17 33 2 7 28 48 4 9 44 12 
21 42 23 39 14 10 29 45 13 26 30 27 40 11 4 24 8 5 6 32 18 41 
19 44 5 11 47 1 18 22 40 14 25 23 27 31 7 10 28 16 37 48 
6 25 6 4 2 19 34 
5 8 7 1 12 36 
7 15 33 7 21 8 26 2 
4 2 20 10 6 
8 6 21 45 37 3 29 7 20 
5 8 38 5 22 7 
5 5 2 24 11 28 
6 3 46 35 4 41 8 
3 6 1 4 
5 29 5 26 7 8 
4 43 9 3 2 
4 6 13 12 43 
3 2 13 11 
7 4 8 23 45 39 35 14 
3 22 7 8 
6 47 31 7 6 44 15 
3 8 9 5 
5 7 11 41 38 18 
5 3 8 34 7 30 
3 8 15 6 
3 13 7 18 
5 7 37 27 32 4 
3 3 24 8 
3 6 30 7 
5 47 6 11 49 4 
4 27 9 4 46 
5 4 16 50 49 22 
3 10 3 5 
4 13 8 50 30 
3 26 4 14 
3 7 4 22 
3 7 8 4 
3 26 7 16 
3 7 4 1 
3 19 20 4 
3 6 24 8 
3 13 7 22 
3 6 34 16 
3 33 8 24 
4 6 8 50 5 
3 33 35 4 
3 35 37 48 

5 6 19 12 4 5 
12 4 10 7 9 6 40 34 11 5 26 37 25 
4 4 8 16 29 
16 9 1 49 31 34 3 25 10 11 8 2 5 17 21 12 7 
12 24 2 7 4 36 14 47 6 48 1 19 27 
10 48 15 44 25 13 1 5 28 22 2 
17 5 41 10 40 4 36 24 46 9 19 13 8 14 18 2 30 20 
9 13 14 3 4 24 42 11 7 21 
12 12 7 42 29 2 37 21 15 17 26 32 4 
7 23 2 4 35 7 39 15 
4 32 4 8 2 
7 17 36 27 9 30 4 1 
6 22 50 8 31 7 6 
9 5 38 39 7 8 43 18 16 30 
8 28 16 45 23 20 9 10 6 
9 14 3 28 15 18 35 32 43 47 
6 12 9 45 34 22 4 
4 7 14 16 33 
4 1 7 5 20 
4 19 15 7 38 
6 9 45 27 4 8 23 
7 33 29 26 13 17 44 6 
6 35 40 37 10 15 21 
3 8 5 7 
3 2 6 4 
5 2 22 39 31 9 
3 12 5 21 
4 16 15 48 6 
5 9 22 46 3 41 
4 12 7 49 14 
4 26 13 33 4 
6 9 46 11 44 49 16 
4 31 18 22 47 
3 4 17 2 
3 16 10 23 
4 41 5 7 12 
4 23 9 38 2 
3 37 14 20 
4 42 14 10 26 
4 7 50 2 23 
4 36 29 43 7 
3 8 9 39 
3 16 14 41 
3 22 32 6 
3 17 15 21 
3 29 7 32 
3 5 33 16 
4 5 6 50 28 
3 32 30 4 
3 48 13 40 

14 30 5 41 15 4 7 32 11 17 18 22 9 50 33 
4 7 13 40 4 
5 6 16 5 4 40 
17 9 6 3 2 43 8 44 1 46 16 5 22 10 13 28 31 11 
17 21 4 17 16 30 26 12 29 6 8 19 18 3 15 34 24 1 
15 28 43 42 20 41 11 4 10 48 3 9 14 36 5 7 
16 6 47 19 20 15 1 40 18 2 12 23 8 13 17 35 10 
10 7 25 29 19 4 12 5 14 31 50 
8 1 27 23 20 29 25 6 4 
7 6 38 26 24 7 4 32 
4 6 27 4 1 
5 8 28 7 5 14 
5 7 49 2 4 35 
11 45 39 36 12 8 38 23 49 6 22 24 
4 1 7 5 21 
4 5 4 3 25 
7 7 31 36 33 5 1 41 
3 1 7 5 
6 8 7 47 35 5 21 
5 7 9 37 6 48 
3 5 15 19 
4 1 26 4 14 
4 48 9 14 7 
3 5 14 10 
5 9 16 50 38 8 
6 10 46 27 34 22 5 
6 30 26 32 11 9 37 
3 6 4 12 
6 39 34 9 5 42 8 
7 5 1 44 27 42 45 33 
4 17 4 46 8 
3 10 27 1 
4 30 39 17 1 
3 26 5 29 
3 19 13 7 
4 6 37 17 14 
4 36 27 49 20 
3 10 25 14 
5 45 33 14 43 29 
4 3 2 7 47 
4 6 17 1 44 
3 30 29 6 
3 6 39 4 
3 41 4 30 
3 39 14 30 
3 26 4 31 
3 19 40 7 
3 23 20 6 
3 37 14 13 
3 8 1 25 

11 9 42 4 46 24 18 12 7 6 22 32 
15 8 5 28 25 7 45 21 12 13 4 10 31 17 22 6 
6 44 4 9 47 5 40 
23 9 47 11 1 37 32 23 10 24 30 50 44 28 18 5 13 12 3 38 2 42 46 16 
16 31 48 16 4 2 3 15 34 35 17 19 7 6 26 23 8 
5 15 2 5 27 1 
16 1 11 48 21 5 29 2 38 49 8 16 14 15 34 10 27 
4 7 2 11 5 
7 3 14 18 46 4 1 43 
10 44 25 48 29 50 21 2 40 4 7 
11 22 13 34 14 37 4 25 8 7 20 36 
8 2 27 36 19 20 1 28 4 
3 2 4 11 
8 7 20 9 26 19 11 41 43 
5 5 7 17 6 35 
6 4 5 39 24 33 7 
5 5 30 15 2 39 
5 29 33 1 9 4 
5 26 12 23 5 14 
5 33 32 11 12 14 
4 7 10 49 2 
3 2 1 11 
4 5 41 19 4 
3 4 16 1 
4 10 11 50 2 
4 14 5 38 19 
7 36 30 6 12 7 35 41 
5 47 45 4 12 2 
4 31 18 7 10 
3 17 27 4 
6 42 40 5 29 2 39 
5 37 4 49 1 20 
3 18 20 16 
3 11 5 7 
3 15 5 27 
3 11 27 12 
3 32 4 11 
3 4 26 7 
3 17 31 16 
3 3 31 10 
3 27 23 14 
5 1 31 45 43 4 
3 42 14 9 
3 10 3 4 
3 2 42 28 
3 1 9 4 
3 4 3 28 
3 5 7 10 
3 21 32 7 
3 25 10 4 

11 20 15 5 34 38 4 44 36 24 12 11 
15 14 24 5 6 32 4 8 10 19 30 50 29 43 39 7 
2 4 18 
20 36 31 41 6 14 10 1 7 2 30 15 23 5 28 9 33 3 37 45 26 
15 12 17 1 22 38 2 11 10 14 6 13 20 39 16 4 
15 4 19 46 34 37 8 47 24 7 43 2 5 38 13 40 
12 46 16 2 9 15 50 12 6 4 17 8 13 
4 7 9 2 6 
5 48 4 8 26 7 
6 2 5 11 17 29 4 
6 46 33 1 10 5 21 
6 7 5 1 37 42 36 
8 48 27 6 5 50 41 7 33 
10 5 2 4 40 23 22 35 18 49 45 
5 16 4 1 7 44 
9 40 5 25 18 26 7 32 21 15 
5 39 10 7 5 25 
8 43 16 14 25 23 3 19 21 
5 47 6 2 18 20 
5 19 44 1 5 35 
5 16 28 11 22 18 
5 21 5 14 29 49 
7 4 31 18 27 28 14 42 
3 1 2 6 
5 17 30 18 27 16 
6 16 35 32 34 4 9 
3 23 25 13 
3 4 21 23 
4 10 2 31 22 
3 2 4 25 
5 23 29 41 4 48 
4 2 42 16 26 
4 4 11 13 45 
3 26 6 1 
3 14 26 20 
3 1 12 4 
3 6 4 12 
3 5 1 6 
3 5 17 2 
3 16 6 14 
4 47 13 4 31 
3 23 12 32 
3 2 6 18 
3 15 20 1 
3 33 14 4 
3 6 7 11 
3 6 41 19 
3 9 31 13 
2 14 22 
3 13 7 2 

13 30 6 29 10 15 40 32 26 13 4 5 14 8 
4 19 4 12 41 
14 21 9 7 19 34 8 12 6 31 4 30 5 28 42 
24 47 36 48 5 14 26 23 2 33 24 9 45 40 43 32 11 16 37 7 17 13 3 18 1 
11 4 11 29 1 3 6 23 13 19 39 36 
14 41 8 1 23 7 17 22 32 10 21 3 49 5 45 
18 9 6 4 50 15 17 29 20 40 12 11 35 22 24 27 3 31 10 
5 6 3 42 1 25 
11 28 46 3 4 14 38 18 7 48 15 16 
5 1 45 6 7 28 
6 5 35 20 7 4 21 
6 7 22 20 27 3 2 
7 5 35 44 1 4 25 16 
4 46 1 4 9 
7 7 44 9 1 46 49 33 
7 31 13 4 37 33 9 18 
4 34 6 7 4 
5 27 4 34 16 9 
3 5 3 2 
5 7 36 38 11 12 
4 11 26 3 6 
6 24 48 7 25 6 12 
4 5 4 47 6 
3 4 7 22 
4 8 49 13 22 
4 4 39 21 1 
5 39 37 12 7 18 
3 3 10 9 
4 7 5 1 30 
3 3 29 1 
4 16 7 3 44 
3 6 4 1 
3 15 4 16 
4 17 38 3 18 
4 11 13 43 7 
6 20 5 50 4 41 42 
3 16 4 27 
4 34 9 47 20 
3 26 27 5 
3 4 7 1 
4 43 36 6 2 
3 36 3 8 
3 41 4 35 
3 15 13 31 
3 4 6 10 
3 15 14 9 
3 23 4 38 
4 4 22 9 49 
4 25 6 48 15 
2 36 7 

14 5 19 31 23 10 14 6 8 21 7 4 43 11 9 
9 32 12 14 4 5 16 38 20 26 
1 4 
13 1 10 39 2 3 9 24 31 5 19 6 12 22 
20 13 26 6 2 22 17 15 42 7 32 1 48 10 4 8 49 11 21 16 12 
7 1 41 5 28 7 4 8 
10 17 1 42 27 9 6 38 5 43 45 
6 11 15 6 5 1 36 
5 4 7 46 1 24 
11 25 4 33 18 31 36 15 13 1 21 5 
11 5 14 47 37 13 19 46 45 1 8 18 
8 33 28 5 29 35 18 4 2 
8 10 43 23 27 5 41 48 11 
9 40 16 22 11 41 2 37 1 30 
4 5 48 8 10 
8 2 25 14 5 34 17 24 20 
4 25 5 7 16 
6 47 29 12 10 11 35 
7 47 23 1 4 11 28 20 
4 2 16 32 19 
5 26 5 1 30 10 
5 29 40 14 4 5 
3 1 13 19 
3 9 16 4 
7 10 30 17 27 16 50 34 
5 21 2 39 34 5 
3 7 13 25 
3 12 19 6 
5 12 33 18 22 46 
5 14 21 44 25 39 
7 38 10 44 42 1 36 4 
4 20 44 2 5 
3 10 12 29 
6 35 49 25 26 37 16 
3 12 34 18 
5 50 31 8 49 10 
4 11 40 14 34 
3 31 2 7 
3 30 4 26 
3 22 14 37 
4 14 6 13 50 
4 45 7 31 5 
3 1 7 13 
3 30 32 31 
3 42 11 7 
3 11 29 9 
4 50 11 19 18 
3 13 15 5 
3 36 34 5 
4 41 47 36 25 

13 13 45 30 28 37 17 6 7 26 39 5 42 4 
15 43 7 5 4 8 13 11 30 10 9 44 45 18 16 6 
1 4 
16 14 9 6 2 42 1 13 33 8 17 50 10 3 5 44 7 
20 9 29 14 26 8 24 25 18 15 4 36 1 23 32 21 27 12 2 11 41 
6 12 4 38 1 2 50 
7 2 4 1 22 11 24 20 
21 44 32 15 14 10 30 27 25 46 2 39 28 16 19 4 29 31 5 12 35 22 
8 22 5 4 39 2 50 31 18 
5 2 8 40 4 37 
5 5 20 7 33 2 
11 43 23 19 33 15 5 8 6 29 16 32 
5 37 45 4 2 1 
10 4 34 21 35 8 49 5 47 41 40 
7 20 46 12 40 17 5 8 
5 36 12 27 2 8 
5 15 4 38 35 1 
6 26 19 5 2 9 34 
4 18 48 8 12 
6 47 7 15 21 25 11 
5 14 20 23 5 34 
3 7 9 8 
4 12 24 5 21 
4 5 7 36 23 
4 20 8 28 5 
5 1 41 5 49 18 
3 16 5 8 
3 1 8 25 
4 5 8 31 12 
3 2 8 1 
4 9 47 8 29 
3 8 5 12 
4 4 11 12 38 
3 14 18 21 
4 14 43 8 17 
4 24 5 49 16 
3 13 10 1 
5 17 33 48 6 42 
3 8 9 1 
3 10 14 15 
3 26 14 5 
3 38 1 4 
3 2 12 35 
3 8 4 2 
3 1 13 2 
2 15 8 
3 14 20 31 
2 38 19 
3 26 36 14 
3 9 4 6 

21 6 4 19 36 27 42 12 5 35 16 49 50 14 9 37 26 31 8 11 30 15 
8 4 7 21 34 45 18 24 50 
13 24 20 27 13 7 6 4 18 34 5 14 19 36 
14 9 18 34 1 47 22 36 29 2 3 15 32 5 8 
16 22 7 6 38 15 13 26 4 3 21 8 12 37 29 1 10 
11 12 3 40 11 23 1 10 5 31 32 41 
7 5 3 28 14 10 2 9 
6 24 16 28 4 5 1 
4 42 1 7 4 
8 16 5 25 11 17 7 38 6 
11 10 44 17 27 32 1 22 35 6 19 23 
5 6 1 50 5 13 
4 5 3 12 33 
7 43 7 48 29 3 1 28 
5 5 4 39 1 31 
6 25 8 46 1 10 17 
8 21 16 40 11 20 10 30 23 
5 20 4 33 3 2 
5 11 1 37 26 3 
3 3 17 18 
7 48 39 5 40 17 35 2 
3 11 4 5 
4 6 11 17 33 
4 8 25 3 2 
3 24 16 10 
5 1 5 19 30 41 
4 3 1 11 44 
4 14 7 38 8 
4 4 5 14 43 
5 1 17 26 42 47 
4 15 1 6 44 
4 11 6 47 4 
4 45 23 18 13 
4 2 39 3 4 
4 11 21 1 43 
5 41 3 1 45 4 
4 5 1 19 46 
3 28 5 10 
4 46 34 21 15 
3 6 21 17 
4 49 36 26 6 
3 30 1 9 
5 29 48 14 35 46 
3 27 31 11 
3 2 33 36 
4 43 37 39 16 
3 30 32 4 
3 14 21 43 
2 1 41 
3 12 1 2 

6 7 9 4 5 34 6 
7 6 19 42 43 4 13 5 
1 4 
24 16 29 28 1 49 3 18 22 13 5 2 10 33 40 9 19 12 14 17 44 24 6 8 7 
15 36 8 45 37 22 7 21 34 1 4 12 33 26 2 11 
16 18 15 1 41 38 50 20 12 4 14 26 2 24 17 11 8 
11 31 35 14 39 4 5 41 29 38 1 15 
8 23 10 6 16 9 25 5 4 
10 8 36 4 1 11 37 20 10 30 19 
6 4 50 8 9 21 26 
11 9 6 25 48 40 43 27 15 16 5 42 
9 13 18 25 6 4 38 40 5 23 
10 4 48 23 12 27 39 21 45 2 33 
7 6 48 45 41 4 7 35 
5 6 11 17 7 28 
5 24 11 44 4 8 
6 20 32 6 37 15 4 
7 4 12 35 31 32 47 6 
3 4 9 2 
6 17 6 22 9 34 46 
5 36 30 5 13 10 
5 47 20 5 4 49 
4 50 8 12 13 
4 16 27 4 6 
4 43 12 8 11 
5 30 6 10 42 5 
4 13 11 28 24 
6 4 15 31 29 32 27 
3 4 28 7 
3 21 26 9 
3 28 7 18 
3 17 28 18 
4 39 5 4 13 
4 1 49 20 5 
3 18 14 7 
5 47 21 9 5 44 
4 5 17 9 46 
3 12 6 7 
3 7 33 13 
3 4 11 12 
3 14 6 7 
3 11 2 26 
4 2 25 48 11 
3 36 16 4 
3 5 13 14 
3 20 37 49 
3 18 36 22 
4 11 14 13 43 
4 4 34 22 46 
3 6 23 10 

9 8 6 9 16 4 5 42 23 14 
5 7 20 4 34 15 
14 11 43 4 12 40 30 6 47 32 5 38 49 22 17 
12 24 14 6 2 3 7 19 20 1 10 5 28 
8 4 12 23 31 3 1 9 45 
19 29 41 18 10 7 1 20 24 16 26 11 35 4 3 45 39 17 13 8 
15 11 18 36 19 49 8 13 14 29 9 6 24 2 4 10 
7 7 12 33 30 6 28 1 
7 15 23 46 7 1 37 5 
7 25 4 13 6 7 17 22 
8 6 7 47 26 21 3 49 31 
6 3 35 27 15 5 8 
6 39 6 50 7 34 10 
9 33 44 27 1 4 40 41 29 7 
7 9 48 12 2 33 19 16 
4 15 1 18 6 
7 21 22 35 3 6 43 10 
7 37 16 25 6 28 7 50 
4 4 7 15 21 
7 2 38 46 6 26 4 45 
3 11 17 19 
3 3 10 17 
4 1 5 25 9 
8 32 30 6 38 4 37 40 7 
4 23 10 18 27 
4 6 20 43 11 
5 14 25 31 41 12 
6 8 44 32 42 4 18 
3 7 14 6 
4 24 34 3 8 
6 11 48 36 5 42 27 
3 28 24 3 
3 14 8 15 
4 2 30 13 36 
4 17 12 39 6 
4 44 7 31 34 
3 18 9 24 
3 3 20 24 
3 35 6 13 
3 14 3 24 
3 27 6 14 
4 31 46 1 28 
3 3 26 17 
3 36 14 28 
3 5 6 20 
3 42 9 20 
2 3 11 
2 31 15 
3 11 3 7 
2 13 18 

2 4 7 
13 13 27 6 24 10 36 18 19 25 22 14 4 5 
15 21 30 36 13 11 20 25 49 6 29 4 9 8 44 5 
15 8 5 42 32 1 22 2 6 46 21 24 3 7 11 9 
5 33 19 4 2 3 
13 2 42 10 14 50 9 30 3 4 39 7 12 23 
5 4 14 8 1 6 
10 44 16 3 4 28 26 48 42 34 7 
19 45 50 11 35 23 15 16 18 17 3 6 26 36 12 19 48 25 4 10 
11 39 2 17 33 15 12 9 6 40 34 31 
6 3 32 4 9 13 45 
5 20 10 6 9 38 
5 48 3 2 26 11 
9 7 32 41 38 15 43 2 17 6 
12 10 37 14 28 33 18 16 22 27 21 20 9 
7 43 28 23 15 9 41 8 
4 14 10 9 35 
6 24 9 29 15 2 35 
4 9 29 2 5 
3 12 3 15 
6 4 15 31 3 49 27 
5 2 45 47 15 4 
3 16 6 9 
4 30 4 18 2 
3 9 2 3 
6 9 31 37 8 13 47 
6 46 21 2 39 38 15 
3 15 16 8 
4 18 19 3 34 
4 3 6 24 44 
5 10 26 50 41 21 
7 37 4 40 49 11 14 47 
3 15 5 10 
5 29 46 8 43 10 
3 9 17 18 
3 3 9 2 
3 32 15 26 
4 27 12 14 40 
3 6 27 10 
4 32 10 47 38 
3 14 16 31 
3 4 6 8 
4 14 34 46 16 
4 30 3 8 48 
3 11 9 22 
5 50 34 4 27 43 
4 22 26 32 40 
4 8 13 44 9 
3 21 32 3 
4 31 46 9 6 

9 4 28 21 11 17 15 7 9 5 
7 4 6 16 24 23 10 18 
3 5 47 4 
20 29 6 39 10 5 32 50 1 7 33 9 47 8 12 43 11 3 2 27 14 
18 13 25 3 14 21 38 6 16 20 9 37 4 26 39 8 1 18 44 
22 17 50 49 7 28 18 21 5 34 46 32 19 2 4 41 27 37 29 36 16 24 8 
5 1 4 13 6 14 
9 5 49 33 48 15 12 6 30 4 
13 5 22 10 12 40 30 17 25 19 1 34 4 46 
6 20 2 9 4 23 11 
9 4 30 37 15 10 20 1 34 13 
3 4 9 8 
8 24 7 28 22 45 11 44 5 
5 7 40 26 5 4 
6 36 42 8 1 11 48 
6 26 6 45 38 2 5 
6 1 31 41 39 6 9 
8 27 38 25 2 5 6 31 19 
3 6 9 18 
5 49 10 11 5 46 
5 6 22 5 31 1 
5 32 9 23 21 13 
4 10 2 35 22 
4 13 6 2 40 
6 18 5 43 33 35 9 
5 14 5 35 16 29 
4 4 6 50 18 
4 42 1 6 13 
4 6 26 44 4 
3 11 9 8 
4 17 18 36 21 
3 6 4 22 
3 8 25 4 
3 6 9 11 
7 42 43 45 47 26 23 25 
4 41 31 6 15 
3 5 11 6 
3 16 18 5 
3 17 4 5 
3 9 14 24 
3 36 17 6 
3 35 28 15 
3 25 35 4 
3 29 13 5 
3 13 35 16 
3 6 20 9 
3 3 35 4 
2 8 15 
3 6 20 8 
3 6 27 4 

18 14 5 7 9 21 10 29 37 4 23 15 27 6 20 30 8 25 47 
17 31 28 33 6 24 12 16 5 14 13 27 23 9 47 34 4 20 
13 46 41 13 23 10 45 11 14 7 4 8 31 47 
15 32 7 1 24 3 50 2 49 29 38 10 6 5 43 11 
9 2 41 18 19 46 1 21 12 4 
9 8 1 39 37 9 16 4 28 2 
9 20 19 4 11 3 13 35 1 21 
3 1 6 3 
7 1 44 17 6 45 28 2 
10 18 22 1 3 4 26 12 32 16 15 
6 17 30 3 44 4 7 
6 10 5 2 30 26 39 
9 42 7 41 2 15 50 25 3 29 
3 3 1 2 
8 1 35 17 18 48 10 26 13 
3 6 2 10 
5 9 11 19 15 22 
3 10 5 15 
8 25 33 49 7 17 36 24 5 
7 7 1 34 27 35 42 2 
4 22 1 5 7 
6 37 17 43 34 10 21 
3 2 3 1 
6 2 4 32 36 19 44 
4 19 1 38 13 
4 36 10 12 15 
4 1 2 39 20 
3 2 9 6 
5 1 45 4 49 13 
6 40 1 11 31 38 12 
3 3 30 2 
7 43 10 33 4 40 46 24 
5 40 42 32 2 19 
3 20 2 22 
3 20 7 15 
3 19 24 26 
3 22 1 6 
3 25 4 30 
3 6 12 27 
3 30 33 32 
3 13 3 5 
3 20 13 33 
3 22 4 32 
3 9 11 24 
3 29 3 9 
4 3 5 48 32 
3 1 2 3 
2 46 15 
3 4 29 19 
2 4 13 

4 17 38 4 7 
6 5 4 22 16 12 26 
11 4 47 16 6 5 29 39 15 10 48 13 
15 22 42 11 34 10 1 2 27 3 6 8 50 9 16 5 
19 25 33 15 4 49 34 24 8 10 28 7 37 45 9 18 2 6 3 43 
13 8 7 26 20 19 17 41 15 3 5 42 14 4 
11 26 46 49 14 6 5 42 29 9 11 1 
9 4 12 39 6 41 19 21 20 5 
12 19 13 12 4 7 48 28 17 31 30 43 5 
7 11 5 36 3 28 4 22 
7 39 7 23 14 24 10 4 
7 9 21 34 18 8 2 13 
9 46 47 12 23 44 48 3 21 9 
3 6 11 7 
7 38 3 5 18 35 6 30 
3 2 3 4 
4 32 1 9 6 
11 49 40 20 12 31 15 25 27 5 30 29 
7 24 9 40 8 6 23 37 
3 18 6 8 
4 8 12 25 13 
6 44 33 2 4 10 50 
9 19 45 11 13 33 32 37 44 40 
5 19 31 5 36 11 
4 21 27 18 5 
3 6 7 2 
3 25 4 18 
7 10 41 36 32 5 35 9 
4 7 3 18 43 
3 15 18 9 
3 9 18 24 
4 17 28 38 23 
4 35 5 23 22 
4 45 12 5 4 
3 15 33 28 
3 10 28 24 
3 19 23 5 
3 15 32 1 
3 11 8 3 
3 18 23 19 
3 6 8 28 
4 7 4 48 6 
3 9 29 5 
4 13 50 22 23 
3 5 23 34 
2 7 13 
3 48 3 13 
5 9 3 42 13 47 
3 5 18 7 
3 44 22 4 

6 13 6 4 27 7 9 
8 14 5 49 4 13 30 36 22 
9 21 37 22 20 7 5 4 38 8 
12 1 8 2 5 6 13 15 41 3 16 24 11 
24 39 24 21 11 28 17 31 43 14 42 10 12 25 8 38 4 26 16 27 3 2 23 9 6 
11 45 42 7 4 27 18 1 50 17 32 5 
12 19 9 24 10 20 15 50 6 28 1 32 3 
15 15 34 26 18 37 23 3 4 30 47 33 5 12 10 28 
3 1 5 7 
10 5 44 11 45 12 39 19 8 7 14 
8 31 10 5 40 25 34 29 4 
4 5 23 8 10 
6 1 20 4 17 2 18 
14 16 19 50 26 10 48 44 38 45 2 46 49 5 29 
5 8 4 40 7 47 
4 43 14 4 5 
4 6 5 46 13 
3 8 13 6 
5 7 14 22 21 10 
5 7 25 3 39 13 
4 3 19 33 5 
3 3 2 19 
3 8 12 5 
6 31 4 7 5 36 30 
5 40 5 35 11 20 
4 5 14 8 29 
6 1 6 5 48 33 34 
7 8 32 5 47 35 7 42 
5 37 26 14 35 11 
3 24 8 2 
5 24 41 36 11 5 
3 28 7 6 
6 8 27 48 46 43 21 
4 27 11 44 8 
3 29 28 25 
3 24 2 31 
3 8 29 3 
3 14 3 5 
5 20 10 50 46 5 
3 11 15 25 
2 31 4 
3 5 28 6 
4 16 33 5 47 
3 14 34 10 
3 14 6 10 
4 33 17 39 14 
4 8 43 28 15 
3 27 14 33 
2 14 2 
4 7 6 39 14 

10 7 4 8 40 43 23 13 14 16 5 
19 4 32 17 36 31 23 6 26 28 20 40 16 8 44 7 39 21 5 47 
7 18 4 44 5 9 26 10 
13 1 19 2 37 40 21 14 10 26 6 22 3 29 
13 7 9 39 6 34 27 20 11 12 1 46 2 3 
12 31 5 19 11 18 10 50 4 2 8 9 37 
13 25 2 1 11 5 34 23 38 21 30 22 19 18 
9 42 6 13 24 2 28 50 1 39 
12 13 42 35 47 5 15 49 12 6 25 17 3 
10 32 3 16 49 6 34 37 4 12 15 
4 5 7 24 6 
8 14 25 27 9 29 10 15 5 
6 30 9 1 22 33 8 
7 29 44 33 1 4 20 12 
4 12 24 10 9 
7 1 2 17 10 38 32 41 
5 41 9 16 2 35 
3 6 3 7 
3 7 4 6 
3 5 2 14 
3 7 2 4 
6 7 31 4 28 47 13 
5 1 2 42 35 7 
4 11 15 8 36 
6 9 48 7 27 45 12 
5 2 43 36 4 3 
3 12 25 5 
4 8 38 22 2 
5 12 30 14 33 4 
3 29 13 7 
3 2 6 22 
5 46 43 16 10 2 
3 29 14 13 
3 10 7 5 
4 41 17 9 23 
3 2 24 26 
4 49 10 6 4 
3 28 16 7 
3 8 2 5 
3 1 2 4 
3 17 35 16 
3 9 8 23 
3 1 26 32 
3 2 3 14 
1 25 
2 5 32 
3 2 9 22 
1 25 
3 37 10 9 
2 8 6 

7 6 7 4 17 13 29 10 
6 15 5 12 23 4 43 
13 9 14 16 40 6 46 31 47 19 10 4 5 26 
17 11 39 5 27 45 6 32 24 37 10 7 44 2 31 38 1 3 
16 8 26 50 3 24 2 21 13 4 9 22 35 14 31 48 11 
11 9 39 3 4 1 50 7 34 19 8 15 
5 33 1 8 6 4 
11 40 25 5 12 16 42 22 15 37 6 7 
9 38 6 45 3 5 17 36 43 28 
8 16 21 11 4 37 1 36 3 
14 4 42 20 30 25 10 13 26 5 28 12 21 49 27 
7 14 18 46 2 11 25 8 
3 5 11 1 
8 22 23 48 12 3 5 35 20 
16 2 23 44 32 30 39 17 29 49 18 8 34 35 20 6 41 
6 18 19 34 10 3 8 
7 49 43 28 9 15 1 45 
7 12 15 42 16 47 32 33 
6 6 3 46 24 16 48 
5 15 47 11 14 33 
3 5 10 11 
3 5 14 8 
5 29 2 14 27 15 
3 19 5 4 
3 11 8 12 
4 41 11 5 3 
3 11 4 23 
6 40 30 17 9 38 11 
3 1 15 23 
3 15 28 11 
4 3 36 4 5 
3 4 18 15 
3 7 18 20 
3 16 15 6 
6 5 48 49 14 15 45 
3 9 31 10 
5 41 8 50 4 10 
4 45 4 9 28 
3 6 15 4 
3 3 8 28 
3 15 37 26 
4 48 18 11 8 
3 2 17 9 
2 4 15 
6 38 4 46 35 9 17 
4 19 45 3 12 
3 18 3 20 
5 5 42 14 19 35 
4 35 15 17 11 
3 6 5 37 

18 7 35 4 41 46 11 19 5 27 32 14 8 50 39 6 15 42 21 
7 17 24 43 4 49 22 47 
12 4 6 49 14 30 5 34 9 20 17 37 12 
10 8 1 40 21 7 23 2 5 3 10 
8 43 9 22 3 28 1 6 4 
13 7 10 46 42 8 12 3 5 1 13 16 38 39 
19 30 1 32 40 13 45 4 24 25 23 47 18 34 48 6 11 15 29 19 
13 1 4 33 6 28 9 26 12 14 38 20 24 31 
10 23 25 32 36 8 10 11 3 5 19 
9 48 6 38 13 16 9 22 4 27 
5 21 18 9 7 1 
3 3 8 6 
14 16 10 42 20 36 34 15 17 31 6 46 44 7 35 
8 29 3 31 37 25 1 18 8 
4 13 33 7 1 
4 10 13 37 6 
3 13 2 3 
4 11 33 14 7 
3 9 7 1 
3 13 3 8 
3 11 1 4 
7 2 27 29 26 5 10 39 
7 36 28 9 4 26 7 41 
3 8 7 2 
3 7 14 9 
4 23 8 22 47 
3 1 22 10 
3 5 8 23 
4 30 7 14 22 
4 29 41 7 3 
3 13 8 14 
3 7 1 9 
3 18 8 15 
3 13 3 7 
4 41 50 1 13 
3 9 13 23 
4 44 16 3 14 
3 10 6 8 
3 22 6 1 
2 4 7 
4 35 30 23 1 
3 6 13 1 
2 2 5 
2 37 13 
1 7 
3 6 1 13 
3 26 7 2 
2 7 10 
2 2 3 
2 35 1 

5 11 38 15 30 4 
6 41 4 5 7 43 37 
9 13 27 7 6 41 4 5 22 44 
24 28 25 15 7 5 23 37 24 40 8 6 16 2 11 45 19 1 27 32 13 9 3 21 47 
7 4 12 3 6 2 17 13 
10 5 8 25 3 16 26 4 18 10 31 
13 36 4 2 9 10 44 8 30 14 3 26 48 18 
12 30 9 10 15 6 4 26 11 27 46 21 7 
10 12 36 19 8 23 45 7 14 4 35 
7 7 20 12 8 18 6 29 
12 8 39 1 41 4 23 14 29 25 45 17 16 
10 20 37 31 29 19 22 10 9 24 5 
8 4 36 33 20 3 22 5 43 
6 48 7 17 9 35 11 
5 21 4 8 34 1 
3 4 11 6 
5 47 14 33 5 11 
4 6 7 10 24 
6 9 12 40 28 4 32 
4 13 49 10 12 
7 8 48 33 15 49 4 28 
3 3 13 12 
5 9 38 4 32 11 
3 18 4 12 
3 6 11 4 
4 34 7 6 8 
3 4 8 3 
4 19 21 42 4 
9 10 47 31 11 12 43 34 50 46 
5 8 42 39 1 7 
3 12 6 29 
4 35 19 4 23 
3 13 21 17 
5 44 26 15 49 29 
5 14 32 43 9 40 
3 13 7 9 
4 45 4 2 12 
3 44 23 1 
2 30 11 
4 19 4 48 35 
3 2 11 3 
2 30 28 
5 45 35 29 2 13 
4 3 34 7 38 
6 11 50 9 4 43 37 
2 29 8 
4 50 17 4 29 
4 21 40 14 7 
3 34 20 21 
3 47 29 45 

19 37 7 22 6 25 8 12 35 44 5 18 10 49 42 29 11 4 39 14 
5 19 4 12 17 31 
14 5 26 15 28 4 34 40 22 46 24 37 8 18 23 
25 31 40 2 6 17 34 32 44 11 24 10 41 1 30 5 43 38 9 7 18 14 3 13 16 50 
10 4 17 36 3 15 49 9 6 1 7 
11 5 43 4 25 14 1 8 13 15 33 20 
5 1 5 16 50 4 
15 20 48 6 10 9 46 30 31 11 27 29 35 1 3 26 
5 38 4 5 8 30 
7 1 21 12 4 33 8 13 
7 19 1 28 8 4 21 25 
5 1 23 10 16 2 
6 10 34 28 6 20 4 
5 6 21 1 41 4 
7 3 5 27 19 6 32 23 
4 12 36 7 4 
3 4 2 5 
4 1 22 4 3 
4 27 15 11 2 
4 6 8 32 13 
6 14 24 39 29 10 11 
3 1 18 3 
5 15 12 33 3 26 
5 3 4 38 21 50 
3 6 11 1 
6 43 8 36 47 3 23 
4 8 15 37 19 
5 13 47 48 3 11 
3 1 21 8 
3 4 8 9 
6 2 8 50 38 4 44 
3 4 20 15 
5 6 46 49 10 23 
6 13 4 35 50 39 3 
3 8 1 34 
4 42 26 5 16 
3 1 3 27 
5 40 31 9 24 4 
3 1 34 21 
3 38 4 3 
2 4 14 
2 36 1 
3 6 4 26 
3 1 4 31 
0 
3 3 33 8 
2 26 28 
2 28 8 
3 1 5 33 
5 24 31 34 7 4 

11 26 23 41 47 9 44 4 21 20 7 37 
11 4 17 10 15 14 46 31 5 50 13 40 
15 15 27 8 4 6 35 10 12 5 25 29 33 48 18 32 
20 9 24 17 43 13 5 31 30 6 42 11 2 3 41 34 1 23 39 7 27 
9 19 4 33 13 3 6 2 18 36 
13 3 7 35 4 21 48 14 49 5 34 16 33 8 
13 6 17 9 11 40 10 4 1 14 8 16 29 22 
6 23 6 3 7 29 39 
11 32 1 7 36 11 37 19 12 4 25 34 
5 32 3 24 7 2 
8 45 9 16 7 12 15 24 4 
4 9 31 3 11 
4 2 5 4 19 
6 6 2 42 20 7 37 
7 50 41 3 40 2 11 36 
8 11 7 26 6 22 21 18 49 
3 7 4 2 
5 3 28 16 20 5 
5 38 5 13 9 26 
3 18 14 1 
7 44 1 28 22 16 6 30 
5 7 16 21 39 28 
5 4 42 8 48 1 
5 43 10 25 4 11 
8 24 44 35 9 3 30 47 27 
3 19 1 16 
4 3 25 4 38 
3 22 21 18 
3 7 8 3 
5 35 45 25 21 4 
3 12 4 2 
4 10 3 9 45 
6 6 39 3 42 5 41 
3 4 9 6 
4 3 6 25 30 
3 5 9 15 
5 9 1 44 46 14 
3 27 40 19 
5 22 33 8 4 42 
5 7 38 15 2 45 
4 4 33 1 15 
5 14 4 23 39 33 
4 4 24 49 48 
4 1 25 21 37 
4 11 32 30 40 
3 47 2 37 
3 46 25 1 
4 6 23 3 43 
3 43 16 6 
2 15 2 

11 28 5 27 9 13 41 50 23 32 47 4 
13 4 10 25 12 29 9 8 7 33 11 6 5 46 
8 16 4 11 18 19 35 7 15 
17 10 8 12 9 19 24 5 3 6 30 50 38 1 14 29 2 17 
19 14 27 11 6 19 4 1 22 8 24 2 7 12 42 10 40 21 26 15 
8 4 17 5 2 13 40 18 33 
6 37 2 46 5 47 3 
9 20 5 2 4 22 28 48 34 30 
7 24 18 4 15 2 34 1 
12 20 26 5 33 2 36 21 32 45 40 4 13 
9 2 20 31 3 49 23 5 16 42 
3 5 4 2 
8 43 49 10 37 1 14 39 6 
4 4 36 5 13 
5 29 5 3 16 9 
7 3 17 43 11 15 21 32 
4 6 26 4 16 
4 6 27 3 9 
3 3 5 4 
5 8 11 22 10 45 
7 23 37 5 16 28 10 31 
5 5 20 25 8 35 
5 11 25 1 41 21 
6 5 31 48 30 9 4 
4 23 22 2 43 
3 17 10 5 
6 18 5 1 39 38 41 
3 1 8 21 
4 43 2 4 15 
3 24 4 8 
4 11 21 24 50 
4 16 10 47 1 
3 2 10 6 
3 9 8 45 
5 45 49 22 3 46 
2 14 10 
4 7 21 13 38 
4 27 4 37 46 
2 13 27 
3 6 5 10 
3 27 23 1 
2 11 5 
4 29 16 13 25 
0 
4 20 34 35 10 
4 2 38 35 7 
3 7 32 1 
2 24 8 
3 13 35 11 
3 31 1 4 

1 4 
14 5 14 16 4 26 8 35 7 9 6 10 37 18 28 
11 48 21 7 12 11 5 19 4 15 31 41 
13 49 2 6 22 12 37 5 10 46 1 3 17 15 
7 48 4 16 3 2 13 6 
15 5 34 32 8 47 18 4 31 25 29 7 14 35 9 2 
10 39 3 30 11 6 26 8 20 2 29 
19 12 20 6 24 21 7 9 34 38 33 14 15 37 11 17 18 22 2 50 
10 46 8 27 13 16 2 6 41 10 42 
4 2 4 48 9 
12 28 27 26 23 34 8 3 24 25 20 17 7 
7 13 23 4 32 24 3 8 
5 12 9 5 43 44 
4 2 6 43 8 
9 40 23 3 19 45 41 21 4 8 
12 29 28 30 19 2 9 5 47 25 39 43 36 
3 8 4 11 
4 2 6 42 8 
4 16 39 3 15 
6 7 11 36 30 8 27 
7 22 3 49 36 8 15 33 
4 45 8 4 21 
4 15 12 47 11 
3 12 11 8 
6 44 11 16 6 31 40 
4 42 7 11 2 
3 20 9 11 
4 16 36 11 2 
3 6 16 7 
4 20 34 7 16 
5 38 3 50 6 25 
4 44 35 6 12 
2 8 21 
5 6 44 30 8 11 
3 32 6 2 
4 28 21 20 16 
4 2 39 8 4 
2 8 31 
4 16 19 37 7 
5 42 25 48 49 15 
4 3 15 44 9 
4 26 40 18 9 
4 14 16 13 47 
7 34 32 45 41 25 46 13 
3 15 22 44 
3 9 44 4 
4 43 6 16 23 
4 40 3 5 10 
3 40 4 21 
2 8 31 

10 26 46 24 11 9 23 4 5 6 32 
18 17 8 27 32 11 20 14 18 16 12 45 33 4 39 19 10 26 21 
15 4 12 24 48 6 35 36 43 7 45 15 21 31 5 37 
22 19 14 28 42 23 38 3 6 16 46 20 2 17 9 5 25 43 22 35 29 7 1 
13 37 29 44 21 22 3 7 33 11 4 1 13 8 
9 36 28 4 1 25 22 38 10 3 
15 49 15 10 8 32 26 9 14 44 5 36 31 3 4 45 
4 5 2 7 12 
7 1 20 47 4 19 7 13 
8 2 16 13 35 24 6 33 7 
10 30 15 1 5 27 47 50 42 2 17 
4 18 8 3 2 
6 10 9 47 5 30 48 
7 2 23 34 7 4 49 46 
6 27 28 7 18 3 11 
5 10 30 4 2 31 
3 4 11 2 
4 15 2 12 43 
6 4 2 40 29 9 41 
5 37 41 2 9 4 
3 5 2 3 
3 4 5 6 
5 1 50 4 38 14 
5 10 39 1 3 25 
5 6 24 40 50 4 
3 1 7 2 
3 2 11 15 
3 6 4 15 
4 5 49 4 19 
4 32 11 16 13 
4 44 3 7 16 
8 1 2 7 38 33 35 30 40 
4 2 32 10 5 
1 14 
4 32 3 10 4 
4 7 50 6 3 
4 20 38 3 5 
6 45 32 4 37 23 6 
2 2 24 
3 32 19 25 
2 20 19 
3 11 50 4 
3 18 4 3 
4 46 7 5 31 
4 3 38 2 7 
4 4 14 1 44 
3 9 13 11 
2 3 13 
3 14 7 29 
5 36 23 11 42 25 

1 4 
16 39 42 50 37 12 33 40 25 17 6 11 4 26 5 31 27 
4 4 5 8 7 
20 9 5 43 49 3 18 37 23 7 39 21 6 11 14 25 1 41 2 28 38 
15 28 13 44 4 10 32 16 2 6 21 3 27 7 12 9 
10 24 45 4 40 15 5 8 2 16 20 
16 30 26 25 12 17 14 9 8 15 18 41 3 4 22 21 5 
11 17 6 33 7 26 13 37 10 3 32 24 
10 10 16 19 38 4 13 14 5 7 20 
9 5 28 8 9 45 11 19 29 35 
6 2 4 41 34 35 10 
12 32 35 27 2 24 36 7 5 22 31 42 15 
9 8 9 22 34 23 31 5 48 43 
6 45 44 9 36 4 7 
5 20 39 6 12 7 
3 6 9 5 
5 8 29 2 18 7 
5 7 17 47 19 4 
5 30 38 9 10 18 
5 6 9 48 49 15 
5 4 36 5 23 7 
3 7 13 12 
4 21 4 48 13 
3 6 8 12 
3 7 2 4 
3 2 7 8 
3 2 5 12 
3 10 5 4 
3 10 17 34 
4 19 48 7 42 
6 39 13 34 2 12 41 
3 5 8 12 
2 8 2 
4 11 29 13 31 
3 12 10 11 
3 12 14 21 
4 2 8 4 44 
3 9 4 19 
6 31 4 15 2 40 49 
3 2 6 39 
4 4 11 7 31 
3 2 12 30 
2 4 13 
3 14 5 37 
3 14 6 10 
0 
1 18 
4 20 23 30 13 
3 20 39 4 
1 2 

1 4 
17 20 7 11 50 23 19 9 18 4 47 33 5 38 13 8 21 31 
17 24 30 10 8 19 25 5 44 28 6 23 35 4 7 49 12 11 
18 10 20 46 50 26 6 5 38 33 41 9 2 12 29 21 1 3 16 
18 26 3 40 12 6 2 32 8 36 21 39 42 49 13 15 7 4 28 
14 3 45 18 24 42 33 4 34 47 9 14 5 23 19 
9 22 10 5 36 34 3 17 35 2 
6 15 37 3 2 47 5 
6 17 4 2 32 16 6 
6 11 14 48 7 4 3 
14 41 20 3 2 34 10 40 24 44 15 27 18 39 32 
15 26 16 44 48 29 5 3 22 25 14 27 4 36 45 13 
7 49 2 22 29 17 5 12 
7 12 6 10 27 31 25 46 
4 8 11 5 39 
4 12 9 4 46 
4 7 9 13 41 
6 11 48 2 6 28 43 
4 42 6 2 3 
3 11 4 2 
3 2 4 5 
3 7 12 13 
6 6 2 45 37 3 31 
3 6 3 11 
6 3 12 29 43 14 46 
4 5 4 12 30 
3 12 14 11 
4 3 5 18 34 
4 12 13 25 4 
3 3 49 26 
4 23 2 14 50 
6 33 9 40 5 11 44 
4 4 6 2 32 
4 7 6 11 28 
4 47 7 3 46 
3 12 7 5 
2 8 23 
2 2 4 
5 11 42 15 50 5 
4 47 32 5 11 
3 11 17 4 
4 39 19 6 5 
2 25 18 
5 3 12 32 46 11 
3 6 12 23 
6 16 35 25 14 4 44 
5 35 2 8 40 6 
3 12 18 10 
4 3 5 30 13 
4 31 2 39 4 

7 34 10 12 5 4 23 14 
9 4 40 17 11 7 6 23 18 5 
3 4 10 6 
13 7 5 41 20 3 1 22 32 17 8 9 6 2 
14 9 49 2 46 24 39 1 19 18 44 7 13 4 23 
10 2 4 3 19 27 33 14 10 8 21 
13 35 22 15 5 11 13 2 43 31 4 18 8 12 
11 9 6 42 16 13 11 15 7 47 4 37 
14 16 35 32 17 4 28 31 33 5 46 37 36 8 12 
10 41 39 6 3 14 29 45 40 30 1 
8 21 16 43 2 8 36 26 7 
3 7 9 1 
6 22 47 8 7 29 5 
14 10 26 34 21 24 15 27 30 6 48 33 20 50 1 
3 7 14 8 
5 9 34 19 11 8 
7 25 4 9 2 29 43 20 
5 31 2 45 5 7 
7 28 5 16 30 48 40 6 
4 38 17 4 14 
9 25 42 26 49 11 14 6 39 35 
9 37 25 4 42 7 13 38 24 32 
3 2 5 1 
3 5 22 14 
4 21 17 38 22 
4 14 30 11 21 
4 6 14 37 35 
3 19 40 9 
4 30 17 13 10 
5 26 19 29 14 10 
4 7 43 9 18 
3 4 22 9 
3 14 6 9 
3 14 16 1 
4 7 21 27 9 
2 9 11 
5 27 22 50 8 9 
4 20 25 22 43 
3 21 10 5 
4 19 2 28 10 
2 10 4 
3 22 21 8 
5 38 31 11 17 7 
1 5 
2 10 18 
2 9 5 
2 13 8 
2 19 14 
2 5 21 
2 14 37 

6 12 11 7 8 4 47 
15 6 13 7 11 18 25 38 4 9 5 22 36 17 32 10 
12 6 4 17 7 29 20 16 5 19 10 8 9 
12 2 8 5 23 1 3 41 18 28 31 14 35 
11 16 24 6 2 10 4 9 43 3 26 44 
7 17 24 37 5 15 2 3 
8 2 36 19 3 1 38 35 44 
13 38 46 20 3 1 4 40 11 42 22 15 28 45 
10 14 24 2 16 5 26 15 27 20 3 
7 3 2 40 13 5 12 21 
7 12 8 1 45 22 18 2 
13 39 13 27 11 10 23 1 14 19 33 30 35 34 
4 34 10 2 12 
6 4 12 9 21 29 39 
4 8 25 9 6 
4 9 45 3 5 
6 25 6 31 2 48 3 
5 11 37 4 47 2 
6 12 34 28 7 3 32 
7 9 27 8 3 49 21 30 
7 44 14 20 36 23 46 10 
3 8 11 2 
3 4 12 21 
3 9 5 6 
4 17 15 2 28 
4 9 38 5 27 
6 45 44 12 26 9 20 
4 8 19 25 4 
3 14 41 3 
3 12 20 36 
2 4 17 
2 2 19 
1 12 
4 50 13 19 12 
3 7 4 12 
5 7 50 30 2 21 
3 18 46 6 
4 7 2 26 8 
3 12 49 14 
3 8 10 44 
3 29 4 47 
1 8 
1 5 
5 7 21 40 5 27 
5 11 27 8 16 48 
3 21 8 37 
3 1 41 18 
2 17 45 
2 20 39 
2 36 34 

6 4 45 20 15 6 8 
5 19 11 17 5 4 
11 4 6 9 14 5 40 19 44 26 7 34 
15 24 2 1 28 38 12 25 3 11 7 39 10 15 5 49 
22 10 47 35 26 18 17 8 29 2 32 50 6 3 37 14 9 43 40 4 7 11 21 
5 5 12 31 1 3 
17 8 24 31 41 17 13 4 9 12 14 45 10 5 27 30 3 39 
11 47 20 1 44 34 16 7 27 15 42 5 
6 5 7 3 32 50 13 
4 7 5 4 38 
5 5 2 4 13 30 
6 6 4 33 7 16 23 
9 30 22 19 11 16 9 47 7 24 
7 7 18 3 22 5 28 33 
6 41 1 8 4 28 25 
11 25 18 13 36 8 12 22 37 29 46 49 
4 7 5 2 21 
6 42 5 14 48 16 33 
6 23 2 49 20 13 3 
8 8 36 32 1 19 21 48 31 
3 20 5 17 
3 14 13 16 
5 19 12 48 33 29 
4 13 7 39 4 
6 41 33 16 26 4 15 
8 32 3 42 5 43 47 49 25 
3 7 8 31 
6 14 4 30 15 43 42 
4 5 50 16 23 
8 7 13 37 28 50 46 48 11 
5 6 49 7 20 27 
4 5 26 9 20 
6 18 23 41 12 25 14 
2 3 8 
1 5 
3 16 20 40 
3 30 16 5 
2 10 4 
4 7 24 50 4 
3 5 36 3 
4 33 15 7 25 
4 18 8 28 26 
3 26 28 5 
2 8 3 
2 7 1 
2 30 16 
4 5 8 13 26 
4 20 30 18 23 
5 31 19 4 26 16 
5 5 9 29 39 30 

7 15 4 10 5 9 48 6 
3 4 14 5 
4 29 17 13 4 
19 10 20 7 2 36 3 32 37 12 41 16 1 17 8 6 5 33 50 9 
22 28 32 17 16 14 11 1 18 4 6 7 29 2 15 21 10 19 22 31 9 8 26 
11 7 40 37 5 1 4 19 8 24 44 11 
14 5 20 4 12 39 42 18 13 36 11 6 23 47 28 
9 4 24 47 5 34 6 37 42 35 
10 49 15 20 30 5 1 12 41 4 32 
12 4 5 44 1 46 27 16 25 14 33 38 40 
3 6 7 5 
7 48 7 21 9 4 18 13 
5 3 43 45 12 7 
4 10 2 5 26 
5 1 27 34 5 9 
10 46 22 5 19 50 10 24 30 4 31 
7 36 23 38 3 4 5 25 
4 7 21 12 5 
10 46 23 25 48 5 38 6 16 40 43 
3 9 7 4 
5 18 23 12 5 39 
2 16 5 
7 41 7 17 45 19 21 26 
3 6 8 16 
4 17 10 46 19 
6 46 27 5 14 29 23 
6 26 43 50 35 10 15 
6 37 7 48 38 5 36 
5 26 5 34 35 3 
2 16 9 
2 5 16 
3 4 9 5 
2 10 4 
3 15 8 29 
3 8 29 27 
6 28 17 7 4 43 42 
5 6 8 40 4 28 
4 19 10 28 17 
2 21 7 
4 37 10 19 6 
3 23 4 9 
3 7 36 8 
5 27 19 44 13 36 
3 10 43 6 
2 23 13 
5 19 26 16 10 25 
2 7 8 
4 1 12 28 19 
1 9 
3 16 27 4 

14 18 24 14 17 5 33 16 8 6 7 20 4 47 36 
10 9 11 44 10 5 31 7 4 15 24 
10 31 8 38 10 4 21 26 28 20 34 
21 6 3 33 48 8 23 36 1 24 14 9 2 30 12 15 11 7 19 5 26 18 
8 1 2 4 9 6 40 46 37 
6 1 18 20 4 5 40 
8 14 4 31 10 2 13 1 25 
13 21 33 11 32 4 12 3 13 1 50 43 39 44 
8 13 12 27 43 5 2 19 4 
9 15 27 7 46 44 22 2 3 41 
5 16 2 32 4 8 
10 21 28 22 34 9 17 46 8 4 23 
4 36 8 9 7 
10 7 47 16 29 30 22 1 19 4 35 
5 23 17 4 2 10 
5 48 40 11 14 1 
4 30 12 1 15 
4 41 6 1 4 
3 14 9 4 
4 22 6 1 3 
5 28 43 12 3 8 
4 20 12 10 14 
4 15 27 4 12 
4 4 2 1 26 
2 30 7 
3 24 3 4 
7 10 29 23 9 41 39 42 
4 3 21 31 12 
5 47 14 34 45 27 
7 4 33 17 45 35 14 25 
4 28 7 3 2 
2 8 11 
4 30 1 4 8 
4 3 12 29 35 
4 34 39 30 14 
3 4 13 1 
1 5 
1 3 
4 35 44 8 27 
3 16 6 5 
3 18 10 27 
1 27 
3 21 9 8 
5 10 2 39 8 49 
3 29 30 50 
4 49 12 10 5 
3 1 14 29 
2 4 16 
2 46 44 
2 45 8 

15 5 19 26 42 13 10 28 24 4 6 48 7 29 20 8 
2 11 4 
4 4 44 8 5 
28 25 12 1 46 23 16 21 7 22 3 14 43 2 13 35 47 19 20 33 39 18 6 26 11 30 5 36 42 
17 40 37 21 18 16 6 19 1 17 14 26 4 7 10 33 3 42 
12 39 45 9 4 10 5 1 27 8 21 15 32 
17 9 15 14 1 41 23 34 38 16 5 12 43 44 36 4 29 27 
10 1 9 29 15 50 12 6 46 25 3 
6 8 7 20 6 30 11 
5 1 6 5 22 32 
10 25 9 24 2 50 22 4 13 45 37 
4 31 8 7 4 
11 35 43 18 24 38 4 17 1 45 11 37 
4 5 4 31 7 
4 7 6 17 8 
7 5 30 7 23 49 4 34 
5 27 15 39 13 5 
3 4 5 13 
6 28 1 4 39 5 38 
3 1 9 4 
5 6 49 5 26 4 
9 25 4 42 11 35 45 10 37 49 
3 7 16 4 
6 1 39 41 11 25 13 
6 11 4 24 8 29 22 
5 5 27 4 21 1 
6 7 6 17 49 35 26 
3 29 1 19 
7 1 7 32 25 8 28 38 
4 4 16 9 34 
2 14 12 
7 10 29 45 47 37 42 6 
4 5 43 50 4 
4 16 7 30 48 
4 27 4 22 13 
2 4 7 
5 22 13 32 5 11 
4 13 19 7 29 
5 4 17 6 19 24 
1 5 
5 42 7 50 24 45 
6 41 22 5 4 1 32 
4 13 4 33 7 
2 3 7 
6 6 41 32 11 13 22 
2 8 4 
2 32 4 
2 34 1 
4 16 22 21 27 
4 33 11 8 41 

13 41 4 37 11 18 15 9 6 13 21 34 24 5 
12 4 38 31 8 29 39 48 12 44 26 7 46 
15 6 19 4 25 22 49 5 15 44 7 10 30 24 43 48 
11 23 50 5 14 7 2 35 21 3 9 1 
11 6 8 47 11 19 1 12 4 14 15 3 
14 5 30 47 37 14 3 8 25 13 34 17 1 10 11 
7 12 3 44 9 4 50 2 
11 35 21 42 13 2 6 30 5 19 32 10 
9 1 27 45 28 4 16 49 26 7 
6 6 40 24 3 8 41 
11 16 18 5 20 23 22 43 27 31 1 6 
4 5 7 33 2 
8 29 20 43 8 16 6 1 28 
6 5 20 34 4 6 38 
4 5 17 1 3 
7 13 17 11 26 45 9 27 
3 15 16 6 
2 1 11 
3 3 5 8 
7 28 48 11 38 13 40 14 
4 8 4 33 1 
4 46 35 3 11 
2 11 4 
6 10 1 32 50 3 41 
2 3 6 
5 36 28 2 16 9 
4 11 31 9 16 
4 13 26 9 20 
3 2 13 34 
4 6 48 3 8 
3 27 11 2 
3 8 24 40 
3 21 41 12 
5 14 6 1 29 44 
3 4 22 8 
2 26 47 
2 1 6 
3 14 2 20 
1 2 
3 20 32 10 
5 47 1 24 10 33 
1 8 
4 11 3 49 13 
4 2 34 7 3 
2 9 16 
3 22 49 2 
4 5 41 36 6 
4 30 2 3 20 
4 43 9 3 46 
3 24 4 7 

19 42 5 19 36 13 32 4 24 30 40 26 31 8 17 14 49 47 10 7 
13 41 6 11 36 27 43 5 28 9 49 4 8 18 
1 4 
19 47 14 9 13 43 3 38 5 20 46 2 7 12 25 6 27 45 10 1 
13 29 11 6 39 2 1 34 8 16 7 19 4 18 
4 4 23 2 5 
15 10 20 37 1 5 16 28 14 23 4 15 12 21 24 33 
5 2 9 5 34 1 
8 24 50 17 41 8 11 2 4 
12 46 15 12 7 22 27 32 4 48 19 17 1 
5 2 49 42 5 9 
7 15 21 13 4 10 7 50 
8 21 25 28 44 1 16 4 12 
6 7 39 40 22 1 4 
7 22 10 12 20 35 7 37 
3 7 13 5 
6 18 32 10 40 1 9 
6 5 17 2 35 49 37 
4 33 5 1 10 
3 15 4 7 
5 7 12 13 39 22 
9 21 25 14 23 42 45 15 10 36 
3 7 22 6 
3 7 1 9 
5 29 13 32 4 22 
5 28 50 48 1 31 
4 2 36 4 10 
4 7 2 13 26 
4 25 41 36 5 
3 33 1 40 
2 1 26 
5 10 25 1 39 17 
3 7 19 30 
2 8 5 
2 15 18 
5 22 2 29 27 1 
4 38 18 15 7 
2 37 4 
5 32 46 21 14 5 
4 14 17 1 30 
4 2 9 42 29 
5 41 1 11 46 22 
2 2 4 
1 13 
2 22 4 
5 42 4 39 10 47 
3 4 46 1 
2 26 10 
4 11 1 18 2 
3 26 12 9 

16 49 24 26 30 10 29 6 5 40 23 9 4 36 8 18 12 
7 5 8 10 29 19 48 4 
8 4 6 9 45 37 17 7 35 
11 2 5 37 34 16 22 30 3 8 11 1 
17 7 16 11 6 2 25 17 1 21 15 4 13 9 43 14 36 34 
17 15 23 12 21 32 1 7 19 11 30 48 34 40 3 5 50 20 
16 31 3 12 27 18 14 42 5 21 20 28 6 10 16 13 37 
4 22 1 2 4 
6 1 23 20 5 17 3 
8 42 1 7 2 49 47 33 26 
11 27 4 6 5 13 28 25 46 29 19 31 
8 1 27 28 14 6 35 7 15 
3 5 7 11 
4 7 12 50 5 
3 12 6 5 
4 7 5 4 18 
7 32 5 23 9 33 38 3 
4 1 16 7 31 
4 45 2 6 11 
4 9 7 26 6 
4 6 7 5 42 
4 8 25 29 4 
5 1 6 17 44 9 
4 30 39 48 1 
4 26 5 22 11 
4 1 25 20 10 
8 12 30 36 33 34 35 7 11 
4 11 12 29 7 
6 22 31 28 1 2 11 
6 6 1 4 27 38 24 
5 18 44 29 11 7 
4 17 6 35 41 
3 17 10 27 
4 4 27 5 6 
6 37 27 3 45 12 32 
5 1 48 27 5 40 
5 47 4 7 3 35 
2 30 17 
1 24 
4 6 36 43 1 
1 32 
3 10 7 21 
2 40 5 
3 23 31 46 
4 35 50 19 3 
2 44 11 
2 37 10 
4 36 2 24 6 
2 10 1 
3 6 14 45 

8 28 6 7 26 34 4 5 14 
8 4 24 41 5 30 31 44 7 
7 44 22 19 20 37 15 4 
27 15 19 36 50 33 23 45 11 1 14 31 9 5 22 7 12 32 2 8 10 13 39 3 6 18 47 26 
10 10 49 1 6 16 2 4 17 28 8 
13 19 25 20 5 40 12 49 4 33 1 50 42 9 
6 2 8 22 1 11 4 
14 18 9 10 13 11 26 35 14 37 7 17 5 4 29 
7 21 6 29 16 38 4 8 
5 4 43 5 8 13 
5 12 4 49 8 7 
16 24 17 21 33 6 28 35 11 20 43 39 36 32 15 4 27 
6 46 10 4 23 8 24 
3 1 8 4 
3 3 12 4 
3 5 9 36 
4 5 8 12 18 
6 17 43 46 49 8 4 
7 4 41 32 6 24 22 3 
6 38 12 45 33 3 6 
2 12 9 
11 44 48 4 19 35 26 3 40 7 47 41 
4 24 31 4 13 
7 39 23 13 19 12 2 25 
3 6 24 39 
5 43 1 8 22 4 
1 12 
3 12 1 5 
4 8 38 33 9 
2 2 32 
5 44 4 23 2 42 
8 4 38 30 12 41 45 44 19 
5 12 4 20 6 29 
1 1 
5 8 22 39 12 47 
3 16 4 12 
2 8 3 
4 20 32 9 29 
5 35 4 24 25 12 
3 6 22 50 
4 32 2 22 19 
2 31 6 
5 46 26 12 10 18 
5 2 22 3 32 31 
3 32 20 4 
3 18 43 13 
3 4 22 35 
1 22 
4 6 11 18 5 
3 4 6 40 

10 9 21 8 28 23 4 29 20 5 27 
17 19 9 42 7 41 14 39 4 24 6 17 35 5 40 45 22 8 
3 7 10 4 
14 49 47 10 9 3 1 18 29 5 11 2 35 7 6 
9 1 2 6 46 4 21 12 38 43 
9 26 12 2 5 48 24 16 4 10 
14 27 4 14 2 11 40 8 19 16 50 3 34 24 23 
6 7 50 1 15 49 2 
20 38 15 14 41 33 11 2 1 21 26 17 42 20 23 31 16 13 12 4 22 
8 3 6 4 44 18 15 13 37 
9 37 9 4 31 13 17 34 30 7 
8 26 25 6 28 35 9 5 42 
3 9 10 11 
5 21 7 2 9 30 
4 16 9 10 8 
11 42 40 18 7 34 15 6 46 37 9 41 
7 2 29 45 25 11 47 9 
3 16 4 10 
4 2 7 23 31 
2 1 9 
7 38 43 14 5 25 1 9 
4 2 35 27 9 
6 7 36 19 1 27 9 
4 6 2 38 7 
3 12 17 21 
3 12 6 9 
4 1 7 22 23 
6 42 12 1 41 40 30 
5 1 32 17 48 4 
4 11 14 34 28 
4 19 47 9 11 
1 29 
1 9 
4 30 16 7 11 
4 22 12 4 2 
3 23 39 44 
4 11 16 48 10 
5 21 46 5 24 9 
2 2 36 
4 2 28 16 7 
5 28 9 2 48 16 
5 12 2 16 9 28 
3 45 5 21 
2 10 36 
3 2 43 17 
3 16 38 5 
3 31 17 4 
4 41 6 29 37 
3 50 8 4 
3 8 7 49 

6 4 6 16 43 17 18 
8 14 12 5 13 21 4 11 39 
9 8 9 10 5 15 13 32 34 4 
15 5 3 2 7 1 28 24 13 21 26 8 23 15 6 25 
23 3 21 4 29 46 34 33 6 8 7 36 19 12 27 45 24 10 22 37 41 9 2 17 
17 19 4 40 43 46 1 42 9 44 24 7 16 12 11 29 5 20 
3 4 5 6 
8 5 23 11 20 14 3 4 15 
5 6 28 5 10 3 
8 5 3 30 9 22 17 16 50 
6 8 47 2 28 14 6 
3 5 2 6 
3 3 2 4 
12 11 2 25 44 29 8 38 39 36 18 22 46 
7 4 37 33 34 3 36 8 
5 1 40 36 10 6 
5 19 48 1 5 10 
7 45 27 1 14 39 50 20 
3 17 5 6 
7 33 48 25 8 45 6 18 
9 44 2 5 28 32 41 4 31 30 
3 10 5 14 
3 8 32 4 
5 5 4 6 32 46 
3 4 14 20 
2 4 30 
2 5 18 
4 9 4 11 21 
4 5 6 14 47 
3 21 10 26 
1 21 
5 21 3 24 23 43 
3 15 20 5 
5 49 5 15 3 47 
0 
4 5 15 16 14 
2 15 5 
1 14 
3 2 14 18 
3 16 43 6 
2 5 21 
1 6 
4 1 40 32 6 
3 14 21 6 
3 20 18 5 
4 24 6 14 5 
3 11 29 34 
2 17 20 
1 34 
2 10 18 

4 21 11 20 4 
22 5 28 35 15 12 26 42 9 19 40 38 10 16 45 4 39 14 37 30 13 48 47 
21 37 4 14 50 13 25 6 44 18 41 7 47 17 12 8 45 36 30 5 23 11 
14 16 9 34 5 17 3 46 2 10 33 27 1 7 6 
12 6 18 3 21 26 7 4 2 16 8 23 29 
10 9 10 31 4 8 3 26 5 21 13 
5 4 22 3 20 5 
6 3 32 37 6 5 44 
5 31 6 43 4 2 
18 35 20 36 4 12 2 15 11 50 40 45 19 38 14 6 28 32 27 
3 10 1 3 
7 10 2 3 18 50 20 27 
8 3 6 2 33 35 22 49 46 
6 2 23 18 10 30 3 
5 38 32 10 49 2 
4 4 5 27 2 
6 19 25 41 3 40 4 
5 14 12 31 3 5 
5 17 10 2 37 31 
8 43 1 7 12 37 26 42 10 
9 5 44 26 39 25 31 30 1 6 
4 38 7 47 13 
3 5 14 3 
1 29 
4 48 17 21 3 
5 6 2 20 5 21 
6 41 16 38 10 12 4 
2 10 2 
2 5 24 
5 2 3 21 14 35 
11 21 39 35 9 34 32 42 19 6 18 36 
6 31 33 15 10 49 8 
3 13 32 4 
3 31 4 45 
6 36 31 10 2 30 13 
5 3 35 31 48 10 
6 2 20 3 19 44 8 
5 15 10 22 2 27 
4 40 21 31 2 
4 39 10 2 17 
3 17 3 27 
3 20 31 2 
3 45 20 9 
4 37 21 3 8 
6 2 3 10 43 48 34 
3 47 13 4 
4 46 3 22 2 
4 25 36 45 2 
4 32 15 13 50 
4 10 3 49 12 

11 7 5 36 15 49 40 4 6 37 20 13 
9 9 8 13 5 4 10 18 47 48 
4 10 4 8 6 
17 11 36 5 29 1 21 6 40 19 3 7 33 44 2 41 30 39 
14 13 2 29 1 11 23 21 8 9 37 26 36 48 4 
8 7 12 4 33 14 10 3 1 
7 4 1 6 12 25 11 47 
11 5 9 50 26 17 27 15 2 18 32 3 
6 2 8 19 44 22 5 
3 2 3 6 
6 23 4 5 7 25 24 
9 27 34 17 6 7 38 22 18 50 
7 25 5 15 1 28 49 2 
1 6 
3 13 8 1 
1 24 
5 32 12 44 8 19 
6 43 8 46 2 12 29 
7 4 9 17 22 40 34 41 
1 1 
4 5 39 4 47 
4 9 24 12 19 
3 11 5 49 
7 33 42 11 29 22 16 41 
6 7 43 13 35 11 42 
3 8 5 30 
3 12 49 8 
3 13 36 33 
6 48 24 4 18 31 5 
2 26 4 
1 29 
2 17 8 
4 24 4 28 6 
2 19 12 
3 48 46 25 
4 4 5 28 1 
2 5 1 
2 39 12 
3 21 38 4 
3 19 1 4 
3 4 19 24 
2 25 24 
2 25 18 
3 9 4 17 
0 
2 35 18 
3 21 7 2 
4 29 35 5 2 
4 1 27 13 23 
2 8 12 

18 17 22 8 11 5 7 12 38 13 9 41 44 25 37 10 4 24 20 
12 40 39 6 11 45 29 8 23 5 20 4 13 
5 30 4 31 22 27 
18 33 1 7 6 14 43 28 3 26 8 5 2 37 34 39 36 21 9 
18 30 32 41 46 14 2 39 4 27 1 6 21 12 44 15 36 22 47 
10 4 7 32 28 18 10 2 9 5 24 
4 6 42 4 1 
3 1 4 2 
3 1 6 4 
3 6 17 1 
13 2 50 32 21 23 29 16 15 22 38 31 12 1 
10 35 41 14 16 5 1 34 27 22 11 
8 14 1 20 24 2 28 43 42 
5 12 4 13 5 46 
9 43 18 16 38 5 48 24 44 11 
8 23 19 17 30 11 15 12 26 
9 27 39 45 24 1 16 10 38 25 
7 39 41 15 28 20 31 6 
1 16 
6 1 34 30 18 2 13 
7 33 45 11 5 31 4 46 
5 11 1 12 5 3 
6 40 25 11 2 49 16 
6 17 13 15 6 1 35 
6 1 35 32 43 17 23 
5 37 4 16 46 42 
7 5 17 3 45 47 12 28 
6 13 27 4 6 18 49 
2 11 2 
5 5 42 16 20 3 
5 3 18 21 11 34 
4 5 6 11 25 
2 21 4 
4 20 31 4 12 
3 25 12 24 
2 5 4 
3 1 4 26 
4 1 15 11 17 
5 17 5 2 18 4 
2 2 23 
4 18 5 1 12 
5 13 7 50 30 26 
4 4 13 15 25 
3 1 15 5 
4 27 21 2 17 
4 14 21 5 26 
2 27 5 
1 15 
2 28 23 
2 11 42 

7 5 47 27 12 4 8 7 
12 5 22 33 49 4 29 48 24 6 20 10 8 
10 26 4 47 40 9 37 8 31 14 16 
14 6 14 2 7 3 11 15 12 9 1 5 17 28 38 
14 1 31 44 29 22 11 4 45 7 2 41 46 6 10 
11 5 16 4 2 13 33 14 39 10 9 26 
8 45 1 13 11 16 4 5 23 
3 1 3 2 
8 11 4 18 10 3 17 6 29 
11 16 49 5 19 34 27 2 12 50 9 6 
8 5 9 38 23 7 17 47 4 
7 13 16 4 1 10 33 15 
11 26 42 28 14 6 7 40 21 12 23 15 
15 36 48 49 32 35 34 19 31 3 16 13 50 18 4 6 
3 4 13 12 
10 12 20 3 24 43 10 14 7 6 31 
4 4 11 9 38 
11 25 44 14 29 47 26 9 45 46 49 19 
4 25 18 10 14 
4 16 42 2 48 
1 13 
2 5 2 
3 13 7 11 
2 16 2 
3 30 18 19 
4 3 18 6 13 
2 10 1 
3 33 13 4 
4 2 9 5 18 
4 25 41 35 50 
6 37 14 3 5 16 35 
1 14 
4 28 2 6 12 
3 40 14 10 
5 45 31 48 30 14 
1 14 
2 31 3 
3 4 11 17 
1 6 
3 13 34 3 
2 30 5 
3 43 20 13 
2 42 16 
2 5 18 
5 7 5 35 18 46 
3 18 45 5 
4 1 11 18 3 
4 35 20 14 2 
4 14 18 10 2 
3 10 14 30 

3 4 9 17 
5 7 5 4 6 14 
14 37 9 42 5 31 15 41 6 45 33 47 16 40 4 
9 36 5 11 6 1 42 2 8 3 
12 17 26 3 4 11 47 8 2 23 29 7 10 
16 11 10 48 3 17 24 31 7 15 12 2 13 26 21 36 4 
3 2 6 5 
7 35 23 32 4 5 21 30 
3 1 13 3 
7 23 6 19 24 50 21 5 
13 12 29 43 5 44 4 6 17 40 26 42 24 36 
7 19 38 15 6 18 11 28 
5 6 19 18 9 35 
6 2 32 27 20 15 17 
5 6 25 12 14 3 
6 21 3 25 44 20 35 
11 27 18 22 34 39 1 14 6 41 5 11 
5 12 34 13 25 17 
5 45 10 12 42 13 
4 30 14 16 43 
6 6 16 28 38 10 8 
1 17 
3 8 5 10 
6 6 11 10 30 37 39 
3 18 16 15 
3 11 6 5 
2 14 17 
3 21 12 48 
8 46 32 49 41 34 47 11 5 
6 31 20 24 40 33 8 
4 30 3 6 36 
3 8 14 29 
3 30 3 36 
6 29 37 18 42 46 17 
3 8 13 16 
5 4 11 33 31 6 
4 24 34 49 3 
3 21 12 50 
3 24 17 43 
3 11 3 30 
3 3 29 17 
5 19 4 11 34 3 
3 11 20 39 
2 16 11 
4 19 50 3 48 
2 34 29 
3 29 5 3 
3 45 28 6 
2 29 37 
3 45 38 10 

12 12 6 17 25 30 15 43 38 36 4 5 19 
4 34 4 8 12 
24 19 9 11 8 22 12 34 10 7 16 40 32 46 4 28 17 33 39 6 5 43 26 14 21 
17 26 1 8 18 11 3 5 10 23 50 15 9 48 7 45 2 6 
10 4 3 24 33 47 7 49 13 23 1 
3 3 1 4 
20 22 19 39 36 16 49 44 5 12 29 8 25 41 40 15 28 3 9 4 24 
6 7 4 19 2 10 3 
18 14 25 27 7 28 18 34 12 50 13 35 24 38 20 4 16 3 30 
9 8 27 32 38 13 43 3 4 33 
4 30 3 4 38 
11 28 40 21 18 9 45 1 3 2 7 37 
10 20 37 46 9 5 30 14 22 10 35 
3 13 9 3 
6 1 7 4 50 42 20 
3 3 9 7 
5 22 21 1 18 3 
7 17 12 4 19 32 29 9 
7 18 44 3 1 7 45 8 
7 32 26 9 13 39 46 15 
5 12 17 3 23 43 
6 13 43 17 23 7 3 
5 4 5 21 25 22 
3 9 5 7 
5 9 23 7 27 1 
5 20 48 34 4 3 
4 10 9 25 39 
4 12 3 9 7 
4 18 50 31 7 
8 44 41 9 33 13 11 46 1 
1 29 
6 10 34 3 49 18 20 
4 3 5 30 10 
6 32 3 2 9 35 26 
3 13 9 34 
3 47 1 7 
2 12 13 
4 11 9 1 10 
5 3 20 7 48 27 
3 7 12 3 
2 7 30 
1 15 
5 10 22 21 1 3 
3 7 30 19 
3 19 4 12 
4 30 20 3 13 
3 49 36 5 
3 39 26 4 
4 7 32 47 5 
4 29 9 4 15 

16 4 42 21 9 20 48 10 19 6 28 7 27 22 5 18 43 
7 39 5 43 23 4 24 41 
7 21 6 36 4 7 32 40 
28 22 13 31 26 2 38 14 35 3 5 9 41 16 21 36 19 29 1 34 8 10 11 6 27 30 25 37 7 
3 2 4 1 
5 3 4 9 11 1 
8 4 15 3 48 20 1 27 31 
13 23 18 17 35 4 25 10 14 16 13 22 42 38 
8 37 22 6 42 1 27 4 47 
13 19 32 4 21 8 20 1 45 35 27 36 14 49 
9 50 43 41 6 4 24 13 32 35 
4 31 24 26 39 
3 4 11 8 
4 48 8 10 4 
6 31 7 49 16 20 18 
6 41 8 44 15 4 21 
2 8 41 
3 8 15 1 
3 10 1 4 
5 45 1 10 7 15 
6 3 4 25 10 1 16 
4 8 4 9 1 
3 29 8 2 
8 12 29 33 37 28 2 11 46 
4 8 4 28 21 
4 4 12 29 40 
7 1 10 30 7 40 4 9 
4 30 24 1 25 
4 24 23 26 4 
4 28 4 34 27 
4 7 12 4 15 
4 11 10 3 39 
3 24 37 38 
3 30 36 4 
4 8 10 4 11 
6 3 10 4 34 50 42 
4 33 9 24 4 
3 8 33 4 
4 2 44 32 12 
3 27 3 26 
5 16 2 11 17 4 
6 44 8 9 47 36 1 
3 11 1 2 
3 16 39 42 
3 10 46 20 
2 24 45 
2 9 42 
3 1 14 7 
2 10 15 
2 36 11 

3 8 4 5 
2 30 4 
20 15 14 10 24 5 40 18 22 12 32 35 9 37 50 6 29 11 4 19 7 
3 1 3 2 
7 17 22 1 3 8 38 13 
11 12 24 13 37 17 3 8 50 14 30 35 
7 26 48 23 9 20 3 32 
12 28 25 11 12 33 10 23 14 1 5 19 6 
3 3 44 7 
10 15 11 12 3 17 8 46 16 49 48 
9 30 18 15 3 16 8 47 34 10 
8 18 3 33 8 32 6 10 25 
5 5 15 6 20 46 
4 8 28 3 6 
5 13 45 11 3 10 
4 29 50 11 10 
5 24 40 6 10 5 
4 33 12 11 3 
5 26 43 3 8 41 
3 7 27 13 
1 39 
2 3 5 
4 36 50 8 7 
4 6 47 17 3 
2 8 12 
6 42 7 34 35 19 49 
2 20 31 
3 29 8 14 
7 44 37 16 3 28 31 47 
4 46 6 11 2 
3 42 27 29 
3 7 3 12 
5 12 18 40 45 8 
3 26 38 11 
4 3 39 6 26 
1 23 
3 6 3 29 
3 34 5 44 
2 35 21 
3 33 17 3 
1 19 
3 26 31 49 
1 19 
4 38 45 9 29 
3 44 15 33 
3 10 13 30 
3 11 29 24 
2 7 10 
3 42 10 26 
4 16 23 3 6 

7 7 16 11 6 27 4 8 
10 4 32 5 23 18 44 9 13 21 48 
0 
17 26 21 46 34 38 39 11 7 5 19 13 6 1 43 8 2 48 
13 12 17 4 49 13 36 21 18 6 8 2 46 28 
14 7 33 24 5 10 12 15 23 14 11 9 30 4 1 
4 6 9 4 1 
12 50 20 36 13 4 18 1 5 24 30 31 10 
3 2 7 6 
16 14 6 46 33 27 23 47 25 35 39 45 8 17 34 19 40 
7 4 27 6 1 41 16 26 
8 43 5 6 16 20 21 44 28 
7 2 42 8 15 4 41 5 
11 45 6 47 32 29 16 17 42 25 10 23 
5 20 49 13 6 22 
4 14 11 1 12 
4 5 47 14 10 
4 8 5 26 2 
5 4 10 28 33 48 
8 25 40 32 27 12 15 8 22 
4 5 12 2 4 
3 20 15 42 
5 6 10 14 31 2 
3 45 8 6 
3 14 10 20 
6 4 43 11 18 34 29 
8 41 20 39 10 11 37 50 1 
4 19 12 36 5 
2 26 14 
5 44 31 8 38 6 
5 8 30 35 23 38 
3 14 20 2 
4 6 37 10 19 
3 26 10 4 
2 10 31 
4 8 48 5 28 
2 33 27 
3 30 4 31 
3 10 27 4 
2 10 20 
3 27 13 11 
4 44 14 22 13 
4 26 12 49 4 
4 30 2 42 12 
3 10 24 14 
3 5 4 10 
3 17 10 14 
4 19 4 36 2 
3 15 5 43 
2 27 8 

