13 26 7 6 21 23 4 11 15 5 8 44 38 48 
9 44 8 29 19 35 43 4 22 5 
2 4 18 
20 33 17 29 50 6 46 25 23 8 3 28 10 1 5 16 43 2 13 24 22 
8 12 6 1 9 7 20 4 2 
18 18 11 28 41 7 34 17 30 13 15 14 10 31 4 19 5 9 1 
13 9 10 6 5 11 21 1 15 14 50 47 27 36 
9 20 1 27 12 2 22 4 18 26 
5 28 7 5 6 16 
9 12 49 4 30 6 46 42 25 7 
11 43 47 14 45 13 38 6 16 40 1 7 
8 5 21 10 8 34 17 30 37 
5 6 11 20 4 35 
5 7 41 26 11 6 
5 24 6 7 1 33 
4 11 32 9 4 
6 32 37 4 6 19 12 
6 8 6 3 25 42 36 
5 39 17 23 2 6 
5 39 13 5 29 8 
9 1 31 24 47 27 45 39 12 7 
3 8 4 2 
3 19 4 1 
9 42 4 35 33 49 21 31 15 40 
3 10 18 4 
3 14 8 1 
3 21 7 8 
4 6 40 4 9 
3 4 2 20 
5 6 48 32 10 12 
3 21 6 24 
3 30 17 16 
3 4 24 15 
4 47 6 12 40 
4 2 24 43 13 
2 18 7 
2 12 17 
2 11 1 
4 21 46 20 19 
4 24 11 34 28 
2 6 14 
3 10 24 18 
5 2 4 11 35 44 
5 1 49 46 2 43 
2 11 21 
5 10 4 48 44 39 
4 34 21 11 7 
3 46 30 1 
3 10 24 44 
2 7 4 

4 19 4 21 6 
12 38 8 44 4 7 16 17 9 15 5 6 30 
17 49 4 35 31 8 33 10 5 48 7 12 20 40 37 22 14 13 
12 9 17 3 5 6 27 1 2 45 7 15 42 
10 2 29 4 9 40 14 3 32 43 11 
12 41 2 27 12 34 36 11 1 20 19 13 4 
8 25 3 12 33 8 2 43 4 
10 2 31 7 35 10 34 25 29 36 3 
11 11 39 28 10 23 50 4 2 21 5 16 
9 13 18 3 35 9 8 33 15 20 
9 32 25 5 22 9 14 6 16 38 
11 46 42 34 47 3 17 23 22 7 6 28 
6 6 18 3 39 24 10 
4 37 5 11 3 
6 38 30 4 10 23 2 
4 2 46 11 9 
6 2 4 30 18 12 26 
8 17 10 19 13 47 26 21 24 
5 24 42 18 1 6 
6 47 28 31 10 3 6 
4 1 9 40 18 
5 11 36 26 12 3 
7 29 15 9 37 12 45 50 
5 19 13 18 45 39 
4 27 11 7 8 
3 22 18 17 
5 25 4 44 6 46 
3 20 12 9 
5 5 23 8 41 32 
3 15 2 17 
6 44 20 45 34 3 8 
3 11 29 5 
3 10 7 3 
7 31 12 41 37 8 6 38 
5 3 48 36 8 10 
4 35 22 6 8 
4 23 14 3 34 
6 2 11 50 46 15 34 
3 24 9 13 
3 5 3 21 
3 6 34 29 
3 4 12 19 
2 5 7 
3 2 27 31 
4 31 4 23 24 
4 38 16 27 12 
3 12 18 20 
3 49 3 35 
2 48 3 
3 38 9 23 

1 4 
8 9 18 42 5 20 4 7 15 
10 5 48 43 6 47 4 41 12 8 11 
13 37 9 32 5 10 15 16 3 11 6 1 50 2 
21 33 16 39 7 45 3 10 4 6 2 9 15 23 40 50 29 48 18 14 8 12 
11 37 28 4 35 8 5 17 7 22 3 24 
12 26 14 32 2 23 43 34 50 16 42 6 5 
12 17 6 13 10 43 21 12 41 3 5 30 36 
7 44 4 11 29 5 2 35 
13 5 30 19 4 26 22 37 8 13 44 21 38 20 
16 14 4 3 36 29 17 46 31 19 25 13 26 30 18 9 20 
5 8 5 31 27 3 
6 11 8 46 25 10 40 
5 5 31 11 7 40 
4 5 4 2 46 
5 5 47 7 4 25 
3 8 11 6 
8 11 24 19 5 21 2 23 38 
6 33 10 24 22 11 18 
4 28 11 10 2 
5 8 45 10 49 18 
5 41 27 10 6 19 
5 18 27 7 5 34 
5 39 6 33 19 18 
3 13 16 11 
3 7 11 10 
6 28 12 44 22 23 49 
4 6 32 20 27 
3 11 5 9 
4 8 11 10 44 
3 14 12 11 
4 7 43 4 28 
5 5 19 48 24 49 
2 7 23 
2 6 9 
3 11 8 41 
3 10 6 4 
3 49 10 18 
3 5 48 24 
3 5 13 14 
5 22 8 50 3 36 
2 7 2 
4 32 8 7 3 
4 30 10 9 27 
2 21 5 
3 11 15 13 
2 16 3 
4 3 5 33 39 
4 38 27 21 33 
4 41 5 4 7 

11 5 4 40 42 10 41 7 13 6 28 20 
6 5 19 36 4 31 25 
5 6 4 8 12 46 
20 11 31 18 26 5 3 17 40 6 9 35 49 1 13 38 22 2 46 42 7 
22 4 2 32 18 20 22 48 8 36 1 30 27 10 26 44 28 40 34 21 7 43 24 
8 1 11 14 41 4 3 43 47 
9 4 5 14 1 48 8 15 9 33 
13 17 9 5 3 29 15 23 7 38 19 22 10 27 
11 11 7 8 19 13 46 4 30 37 12 16 
5 12 8 5 20 1 
8 9 42 6 16 24 17 4 39 
12 35 16 48 14 15 32 37 9 34 33 3 10 
5 28 18 4 9 1 
6 12 44 7 50 6 21 
4 7 38 12 8 
6 33 45 11 9 12 25 
6 8 34 31 11 4 35 
3 13 5 4 
5 2 23 9 25 8 
9 23 24 5 10 1 30 47 37 21 
4 20 5 14 36 
4 8 4 5 26 
3 20 8 19 
3 11 5 20 
7 29 19 32 2 27 16 39 
3 22 4 5 
3 8 5 25 
3 13 5 1 
2 8 25 
3 5 9 20 
3 17 2 4 
4 35 5 25 12 
5 7 16 47 34 12 
8 12 39 36 33 38 17 45 5 
5 4 17 32 42 12 
4 21 5 2 34 
3 9 20 12 
4 8 34 4 15 
3 25 11 34 
3 1 4 5 
2 6 1 
5 49 4 11 1 35 
2 5 6 
3 5 14 48 
2 16 34 
3 3 4 9 
3 6 33 20 
4 5 44 12 7 
2 4 42 
1 14 

6 5 11 14 16 4 17 
10 26 7 9 13 19 46 6 4 12 5 
16 30 9 13 8 22 11 6 41 14 36 4 18 34 26 21 31 
8 3 33 6 5 2 24 7 1 
12 25 12 1 2 38 41 20 37 15 4 8 35 
16 14 36 30 18 4 7 10 24 8 22 37 3 33 15 2 11 
11 4 32 28 9 24 6 15 2 45 12 42 
6 19 5 3 6 31 10 
4 2 7 3 10 
10 40 6 9 46 20 48 8 47 49 26 
13 29 47 13 6 48 25 3 16 21 23 1 30 28 
8 7 2 5 31 23 19 32 36 
7 11 21 3 47 2 28 17 
5 6 1 50 3 27 
12 16 33 7 45 17 34 20 6 50 5 49 40 
7 23 50 1 15 43 38 11 
5 13 18 1 15 32 
3 17 3 6 
5 44 2 12 8 39 
5 15 5 35 10 22 
5 37 3 11 13 27 
8 3 6 27 43 20 41 29 25 
3 11 12 16 
5 42 7 44 6 4 
6 22 5 48 11 42 39 
5 2 34 3 10 29 
3 22 21 14 
6 43 45 29 11 13 7 
4 11 28 26 22 
4 11 6 50 3 
4 12 3 44 8 
3 17 7 12 
3 15 4 6 
3 26 15 3 
2 20 5 
4 39 12 6 3 
3 21 5 6 
2 5 16 
6 36 45 19 25 47 49 
3 10 41 15 
4 22 3 5 40 
5 7 50 49 24 25 
3 28 16 22 
3 24 19 31 
4 15 39 7 28 
2 10 2 
4 39 13 10 11 
3 11 10 25 
4 10 42 15 39 
5 16 15 42 30 14 

4 4 7 15 6 
13 9 16 50 40 4 31 36 17 14 35 5 12 15 
14 7 5 6 22 46 23 9 10 4 13 26 19 48 11 
19 20 34 15 7 26 45 6 1 31 24 40 9 5 2 35 30 3 42 29 
5 4 23 2 8 3 
14 3 14 26 24 8 50 4 25 13 41 27 22 1 10 
12 34 1 30 8 50 27 3 4 49 11 22 21 
8 17 43 7 32 37 12 6 5 
8 18 12 16 10 2 4 3 13 
10 11 9 6 39 41 3 48 38 19 20 
8 29 7 31 24 3 10 36 32 
6 25 20 9 8 2 29 
7 9 14 28 6 3 19 47 
9 28 33 13 45 34 42 2 18 6 
12 2 4 21 18 17 43 45 1 47 49 37 16 
3 9 2 15 
7 8 39 25 2 41 15 43 
4 14 21 15 9 
6 10 13 39 47 3 46 
5 12 27 37 4 10 
3 7 15 18 
5 23 7 6 28 3 
4 22 3 35 5 
4 11 30 4 6 
3 17 12 6 
3 3 4 6 
3 6 20 7 
3 14 22 13 
4 4 38 11 12 
3 7 4 24 
3 2 4 11 
4 8 43 40 11 
3 14 44 35 
3 14 4 7 
4 23 4 33 2 
2 11 2 
4 15 39 8 20 
2 29 10 
4 37 17 19 10 
3 32 2 4 
3 17 6 10 
2 14 4 
4 8 15 32 17 
2 33 45 
6 46 14 44 15 49 4 
3 19 3 45 
3 13 15 19 
2 3 10 
3 45 7 15 
3 6 7 2 

12 38 4 26 24 27 7 5 16 31 8 9 20 
10 10 6 4 14 7 19 34 30 50 25 
9 6 16 50 4 31 30 5 44 17 
19 30 42 34 19 3 23 25 32 5 1 21 15 18 38 2 14 17 47 12 
19 24 13 17 35 49 8 3 45 4 9 1 29 41 20 32 48 27 25 6 
12 9 47 3 11 10 12 7 2 8 18 28 5 
18 46 31 49 33 15 37 6 26 44 24 14 34 11 22 21 18 2 1 
6 6 1 5 29 43 16 
6 40 6 21 10 1 5 
9 9 6 2 13 12 46 11 23 48 
4 6 35 7 10 
8 4 22 50 13 29 6 15 10 
6 5 12 32 20 10 26 
4 2 4 37 7 
4 12 4 45 7 
5 3 28 1 36 8 
5 44 3 4 5 35 
7 7 19 42 6 4 40 22 
6 46 18 4 2 36 28 
5 5 13 41 1 43 
5 9 40 7 4 39 
7 33 18 12 7 38 27 23 
3 22 10 4 
3 7 5 1 
3 5 4 2 
4 13 1 38 7 
4 22 38 1 5 
3 16 19 6 
3 5 12 8 
4 2 4 3 33 
4 1 3 32 7 
7 13 33 31 48 4 5 40 
4 32 22 30 7 
4 2 7 36 4 
4 11 17 5 46 
3 34 16 19 
2 14 7 
6 22 1 4 27 26 42 
2 21 44 
4 21 18 9 32 
3 20 44 5 
5 44 38 49 18 4 
2 20 8 
6 7 39 42 17 3 41 
2 5 15 
4 35 7 10 19 
2 6 4 
3 32 10 5 
3 5 7 42 
3 3 12 2 

2 4 5 
4 14 43 42 4 
12 8 40 12 25 5 46 10 4 42 7 9 6 
17 1 14 3 43 46 18 5 8 13 2 50 6 17 35 20 9 41 
21 4 22 8 19 15 1 37 14 32 35 9 41 6 34 24 12 3 7 38 50 11 
14 28 25 47 38 19 4 37 23 10 5 3 49 7 11 
19 45 22 3 33 5 49 11 6 16 20 29 26 32 21 44 17 27 15 10 
13 30 5 3 13 37 15 12 48 19 4 34 21 22 
6 38 25 3 45 4 5 
7 7 36 39 6 17 3 18 
9 29 24 7 31 28 6 13 44 5 
11 8 5 49 33 30 36 23 3 16 43 24 
7 8 39 11 36 26 23 4 
9 34 21 4 5 20 30 2 27 16 
3 7 5 8 
6 40 26 7 12 18 14 
3 10 7 4 
4 10 4 31 16 
5 8 39 6 42 5 
4 7 4 40 14 
3 14 7 8 
3 5 8 7 
3 12 6 13 
3 12 5 11 
4 6 9 41 3 
3 16 7 13 
2 7 14 
2 11 6 
5 7 43 11 33 39 
4 14 12 49 8 
2 18 11 
4 5 37 7 42 
5 12 29 36 7 48 
4 8 14 5 47 
2 5 4 
4 10 13 12 33 
4 8 32 6 5 
4 6 39 5 9 
5 10 13 19 29 38 
3 16 20 3 
4 45 5 25 4 
4 2 3 19 32 
4 29 4 2 12 
2 11 7 
3 41 9 7 
2 4 3 
2 34 6 
2 33 8 
4 7 6 12 30 
2 4 5 

9 16 19 45 8 38 49 4 18 10 
10 22 19 16 5 43 24 4 47 28 10 
4 5 33 4 6 
17 48 15 1 41 32 14 50 7 13 5 2 3 18 12 20 6 44 
17 9 27 38 3 15 49 40 12 6 2 7 23 34 14 46 4 22 
11 4 5 9 30 20 28 26 8 3 10 7 
20 37 30 4 32 19 40 8 13 35 5 21 25 6 39 47 42 11 26 16 45 
8 6 1 42 33 9 40 21 7 
9 15 6 27 5 41 8 43 11 46 
10 14 26 17 1 37 13 6 2 47 11 
7 7 21 43 9 23 10 12 
5 11 4 5 18 34 
3 4 10 7 
10 5 25 24 37 22 17 4 30 10 44 
5 29 5 9 17 4 
5 44 7 31 1 2 
4 15 14 36 10 
5 12 4 1 25 27 
4 1 7 20 2 
9 6 4 23 46 19 49 31 50 33 
6 8 31 11 28 7 32 
5 2 29 5 14 39 
3 20 5 11 
5 31 47 29 14 2 
4 32 7 14 18 
8 27 6 10 41 7 28 45 46 
4 26 5 9 18 
4 26 6 2 21 
4 24 15 22 47 
4 33 7 14 6 
4 21 16 20 24 
4 4 25 21 7 
4 3 30 20 8 
3 12 35 5 
2 34 7 
1 17 
4 14 7 10 50 
3 1 5 48 
2 22 7 
4 48 8 7 5 
3 9 4 26 
2 7 8 
4 11 9 44 2 
4 4 16 14 43 
3 1 7 26 
4 20 5 9 26 
5 24 7 10 29 2 
3 40 38 4 
3 1 5 20 
3 20 4 37 

9 50 17 11 6 24 39 5 4 19 
6 6 4 7 5 42 35 
8 12 14 22 4 8 48 37 6 
22 8 36 7 46 34 3 13 5 44 9 47 18 10 35 1 22 2 28 16 41 11 25 
11 23 2 20 14 1 7 29 4 13 21 42 
20 47 39 9 2 28 16 40 1 27 3 8 38 19 34 11 20 15 31 41 17 
14 2 12 5 33 4 29 10 14 24 32 21 15 40 26 
9 3 49 4 23 36 46 6 31 9 
9 4 23 17 8 10 6 12 29 15 
5 45 9 7 4 44 
8 13 27 4 38 1 18 6 30 
5 7 35 9 3 18 
8 34 38 16 26 11 44 5 4 
7 7 19 21 22 5 3 31 
3 7 6 9 
5 37 33 4 6 13 
5 9 26 1 6 32 
7 12 32 11 4 25 20 48 
10 30 14 28 47 1 6 27 24 43 25 
5 5 30 36 6 18 
3 7 14 5 
3 3 14 4 
8 35 5 36 42 24 9 8 38 
5 35 19 1 7 23 
3 4 19 18 
3 17 7 13 
5 48 11 19 29 6 
4 6 50 19 4 
5 34 27 5 7 9 
4 19 36 11 20 
3 8 6 14 
4 45 18 7 17 
3 7 16 41 
4 6 29 13 4 
5 4 2 23 24 12 
5 20 23 4 8 30 
2 3 16 
5 39 11 6 13 23 
3 38 6 1 
2 6 7 
3 4 33 6 
3 2 23 5 
1 19 
3 10 4 13 
3 48 32 10 
2 8 4 
3 6 19 4 
4 45 18 27 3 
1 8 
2 28 1 

16 22 31 42 27 7 17 23 4 41 32 49 10 6 5 26 13 
13 6 8 38 22 33 19 21 7 29 4 24 5 12 
1 4 
19 8 42 1 44 39 12 15 5 14 9 13 28 35 2 3 6 11 24 17 
14 7 23 47 27 2 30 16 1 12 9 21 11 31 4 
11 36 50 30 8 4 16 32 2 9 1 10 
12 14 34 5 16 17 37 26 23 10 1 48 2 
13 39 27 4 18 34 19 20 13 6 43 15 2 46 
6 6 45 38 5 4 18 
15 11 20 37 24 39 45 26 1 6 7 21 40 14 36 48 
7 4 28 47 5 10 35 15 
5 28 50 5 2 4 
11 31 19 8 32 25 4 1 29 18 49 46 
4 7 4 44 10 
3 11 4 8 
4 5 6 7 35 
7 7 22 33 29 1 20 4 
4 13 9 8 25 
6 2 48 36 25 13 8 
3 17 10 8 
3 5 2 10 
4 49 17 2 1 
4 37 1 5 7 
3 4 10 2 
6 18 40 42 45 13 19 
3 10 7 1 
5 43 5 50 8 1 
5 4 12 39 50 11 
4 17 2 13 33 
2 5 6 
4 5 43 13 1 
4 1 49 6 13 
4 29 45 2 17 
2 8 7 
4 11 4 16 41 
3 19 6 10 
3 10 23 7 
2 2 9 
5 28 8 4 10 48 
2 10 25 
3 1 35 46 
3 25 1 4 
3 31 8 27 
2 4 14 
4 25 33 10 9 
3 8 41 13 
2 5 11 
4 19 39 10 7 
4 22 32 1 13 
4 6 12 28 27 

7 5 20 13 4 42 15 35 
5 6 40 4 47 17 
5 37 42 10 4 5 
22 50 33 1 46 8 7 40 6 36 21 32 31 22 47 2 3 5 19 14 11 24 49 
14 8 6 4 16 1 3 43 36 27 29 30 33 7 12 
12 13 9 34 26 2 12 20 41 5 4 7 17 
12 8 4 31 9 24 11 29 28 6 5 15 37 
15 5 9 44 7 43 22 11 4 12 28 18 35 10 38 20 
18 36 25 48 8 7 10 27 17 41 38 14 30 6 39 23 32 18 16 
10 15 3 8 9 34 21 32 28 19 30 
5 4 8 7 13 22 
8 24 5 16 14 40 26 8 6 
6 27 23 6 1 11 18 
5 12 19 4 9 45 
4 1 7 39 10 
3 12 5 9 
6 9 26 46 44 6 2 
7 9 8 13 25 46 31 47 
3 4 10 14 
3 6 1 8 
3 38 10 4 
3 8 4 11 
3 13 43 9 
5 49 12 4 7 30 
3 18 40 9 
3 17 12 6 
4 9 13 5 41 
3 7 10 8 
5 45 37 7 40 5 
5 9 24 5 44 10 
4 7 34 4 18 
4 4 9 10 33 
4 5 32 4 42 
3 6 31 10 
2 8 1 
3 5 4 9 
3 3 29 7 
3 9 21 8 
3 9 41 15 
5 25 29 4 2 12 
5 27 6 9 39 46 
4 33 43 3 1 
5 8 5 23 47 42 
3 8 30 17 
2 14 29 
5 50 41 4 17 18 
4 2 4 43 18 
1 9 
2 24 4 
2 4 46 

9 7 20 4 24 28 5 11 6 8 
16 7 5 15 10 38 16 8 22 33 34 14 12 4 46 23 27 
1 4 
17 1 5 12 25 14 13 19 6 21 8 3 10 2 7 11 39 35 
10 31 1 38 2 41 22 6 18 17 4 
13 10 13 23 19 47 1 17 4 27 45 32 9 5 
7 9 32 14 1 44 4 2 
12 1 22 13 18 9 4 2 50 28 19 11 35 
10 31 26 18 6 15 8 29 7 20 33 
11 42 31 4 6 2 30 32 21 40 27 16 
5 4 12 50 8 1 
4 2 42 4 11 
3 4 8 6 
10 44 42 2 16 48 15 4 35 49 7 
10 21 29 2 17 26 9 14 20 45 25 
5 10 24 14 25 2 
3 5 15 6 
4 8 30 9 5 
3 6 8 4 
6 25 9 1 15 21 23 
4 4 15 20 10 
3 8 5 2 
5 2 29 6 45 20 
2 16 1 
4 16 15 4 20 
2 15 9 
7 38 6 10 2 49 34 41 
3 1 8 48 
5 23 39 9 15 33 
5 35 18 10 43 50 
4 10 37 5 9 
3 6 10 7 
3 2 9 29 
2 27 2 
4 8 4 14 30 
1 42 
2 50 31 
3 2 5 27 
2 29 4 
1 10 
2 5 27 
5 36 49 10 12 14 
2 30 44 
4 45 43 14 7 
4 15 44 23 6 
1 2 
2 6 48 
3 14 47 28 
3 42 14 27 
4 37 8 30 11 

2 4 29 
19 5 14 23 8 44 10 27 25 42 40 7 4 30 19 13 6 34 16 20 
5 43 25 16 5 4 
19 37 7 31 48 10 30 11 2 18 17 12 1 21 46 5 41 3 27 6 
23 45 4 18 50 38 8 6 44 28 13 2 34 11 35 47 17 26 41 9 15 16 3 7 
7 18 24 4 13 5 14 2 
13 33 4 2 39 24 8 5 10 40 15 22 19 9 
10 33 5 12 20 32 17 9 11 2 7 
8 36 5 8 7 12 38 43 37 
5 4 2 31 7 21 
5 8 5 15 14 4 
4 4 8 22 9 
5 49 2 6 50 5 
5 19 6 11 2 39 
7 35 7 48 11 27 22 5 
7 49 40 3 5 20 32 2 
8 31 4 5 8 28 42 44 23 
3 6 4 5 
5 7 14 37 2 23 
3 16 2 8 
5 34 40 4 38 10 
7 15 44 37 12 7 43 36 
9 37 2 24 28 30 17 26 34 19 
3 7 6 23 
6 47 3 2 39 50 33 
3 48 23 5 
5 43 2 40 15 4 
6 41 17 29 5 36 23 
4 36 39 28 1 
3 23 2 4 
3 17 4 10 
3 8 16 46 
4 8 7 41 25 
4 21 23 2 5 
3 15 43 5 
5 28 9 29 22 49 
5 9 4 22 23 19 
4 9 5 21 46 
4 29 25 14 7 
5 7 2 16 21 27 
4 28 33 5 4 
2 2 17 
7 22 35 47 27 3 45 9 
4 5 2 22 17 
3 5 49 43 
4 4 48 38 32 
3 43 5 25 
4 46 15 4 26 
4 16 36 13 45 
3 13 5 25 

12 16 19 20 44 7 5 11 4 42 13 12 6 
14 5 17 9 34 12 6 4 24 48 27 7 8 26 40 
6 4 44 23 11 15 13 
18 14 23 31 9 15 38 2 12 21 6 1 17 45 8 5 32 3 20 
8 41 7 4 32 33 1 47 2 
11 18 10 2 17 1 21 16 14 11 4 34 
12 2 26 31 48 1 5 15 19 33 8 25 22 
8 38 10 48 4 2 44 7 9 
10 2 8 43 37 39 35 10 4 31 13 
6 9 25 23 8 6 39 
4 3 50 6 1 
4 2 1 46 4 
8 16 43 3 9 14 1 18 34 
5 27 29 4 13 6 
4 4 37 3 7 
11 26 21 47 1 24 39 6 22 20 30 13 
3 2 4 6 
4 13 47 6 34 
8 25 7 1 21 24 36 45 30 
8 16 4 23 1 28 29 46 42 
5 6 19 43 16 4 
3 7 39 16 
5 20 3 26 10 4 
3 2 19 16 
5 19 7 10 29 26 
7 2 7 25 16 50 32 23 
4 14 48 36 2 
1 20 
3 14 25 20 
2 16 19 
5 37 35 7 9 4 
5 46 4 26 33 5 
3 7 5 32 
4 6 13 18 2 
2 9 31 
3 49 19 27 
6 31 15 38 9 47 41 
3 37 4 8 
5 22 45 16 9 10 
1 2 
2 37 5 
2 1 20 
3 9 21 13 
3 8 1 3 
3 19 39 4 
3 12 32 20 
4 16 18 5 37 
4 7 8 27 2 
1 36 
2 11 26 

9 18 50 9 35 6 23 37 4 14 
4 4 15 5 36 
18 35 47 24 46 19 6 39 38 4 10 44 11 5 7 41 8 16 20 
19 5 3 2 13 11 19 50 9 10 18 15 7 45 6 21 12 25 1 30 
9 2 22 3 15 9 33 20 4 31 
15 4 13 11 17 1 34 7 8 42 3 31 33 16 48 44 
9 12 6 4 8 40 3 17 21 10 
5 7 3 13 38 6 
3 4 5 1 
7 16 12 4 3 29 40 7 
5 4 46 3 6 25 
4 10 14 4 7 
7 4 8 26 36 22 14 6 
7 13 17 12 30 27 19 1 
5 5 4 50 2 23 
3 10 3 6 
10 42 18 7 6 38 19 29 22 14 49 
7 50 4 37 1 17 28 33 
9 30 17 35 24 4 3 32 14 49 
2 3 5 
4 30 4 36 7 
4 5 27 13 17 
10 41 28 25 36 42 29 43 50 15 1 
3 28 19 3 
6 40 46 23 41 11 4 
2 40 13 
2 14 22 
3 24 23 18 
4 10 17 23 35 
4 4 14 21 19 
3 6 5 47 
1 19 
3 6 18 5 
2 6 45 
8 36 49 3 29 45 19 1 46 
5 21 13 2 23 35 
2 18 1 
3 8 17 3 
1 3 
4 25 10 7 26 
3 23 25 3 
3 6 23 17 
1 23 
2 3 6 
3 34 4 35 
4 11 35 3 25 
2 31 3 
1 6 
3 17 35 19 
5 1 4 18 15 23 

5 4 31 35 7 12 
9 26 5 19 15 4 33 48 6 11 
9 25 6 5 4 10 21 16 28 13 
15 34 22 1 2 7 6 13 14 15 17 5 9 40 46 3 
15 30 27 9 38 10 4 8 41 31 7 24 18 2 17 3 
15 9 23 3 11 16 2 37 35 45 8 41 39 10 46 4 
10 1 4 5 12 47 8 33 19 14 37 
7 6 5 26 36 7 23 13 
11 16 42 14 38 24 6 18 5 11 43 4 
8 3 12 36 6 15 26 5 40 
4 31 6 9 2 
6 1 7 18 27 44 10 
4 3 4 8 49 
4 20 7 4 9 
3 10 2 4 
12 9 27 6 32 45 48 28 3 49 20 39 43 
7 33 18 4 35 39 5 29 
8 43 9 34 5 17 41 30 12 
6 28 7 27 21 24 2 
6 25 14 24 26 16 37 
6 23 19 26 22 43 3 
6 48 29 32 4 21 45 
3 8 6 21 
4 9 20 19 5 
5 32 31 3 20 28 
5 10 2 8 21 20 
6 12 16 5 38 19 36 
4 19 16 3 25 
3 47 17 22 
4 18 37 44 5 
6 42 25 41 1 5 11 
3 25 22 16 
4 34 7 17 2 
3 18 4 33 
3 1 17 6 
4 40 8 27 10 
5 7 30 20 42 6 
3 9 27 5 
3 17 16 6 
4 49 4 10 36 
4 5 31 6 18 
4 9 49 31 37 
4 21 9 16 18 
3 12 30 46 
3 16 6 22 
4 47 6 44 4 
3 29 7 46 
3 22 16 2 
4 42 13 40 16 
0 

3 6 4 5 
1 4 
11 42 35 5 9 45 20 6 10 4 21 8 
18 19 8 12 27 3 49 13 9 38 11 10 22 6 5 7 1 2 18 
16 36 16 14 24 13 12 38 30 25 33 22 39 1 4 7 3 
20 30 20 4 31 26 8 3 47 50 34 9 24 36 37 40 1 11 7 35 18 
12 10 14 40 22 4 25 29 45 5 16 34 6 
19 23 44 48 41 4 13 37 17 15 21 49 3 29 6 12 32 28 16 14 
5 4 28 6 3 15 
8 4 7 33 41 36 46 11 3 
5 6 19 23 10 4 
7 44 5 4 29 8 17 35 
5 5 15 8 4 41 
3 8 5 7 
9 42 9 17 20 29 24 34 8 13 
3 7 8 5 
12 45 50 27 21 8 22 47 15 43 12 44 29 
6 19 21 28 25 6 4 
5 4 45 11 20 18 
6 3 15 22 19 6 35 
5 3 8 32 18 17 
8 32 4 23 7 48 5 20 17 
5 22 39 33 8 11 
8 30 28 25 42 6 34 15 5 
4 24 5 18 7 
6 30 6 36 39 29 43 
2 17 4 
5 8 9 18 37 24 
8 17 26 15 8 12 41 32 7 
4 5 24 6 26 
2 6 38 
6 22 21 8 50 29 46 
3 23 5 10 
4 7 15 6 24 
7 40 48 12 49 3 6 20 
4 6 5 26 10 
3 8 6 28 
4 31 44 4 5 
3 26 5 23 
4 7 6 35 50 
4 13 10 8 29 
3 24 15 3 
2 17 26 
4 8 17 12 38 
5 47 19 3 17 7 
2 10 32 
4 17 45 49 6 
3 22 8 35 
4 8 4 47 35 
4 17 40 6 32 

24 9 35 44 42 8 19 31 12 5 17 37 23 6 33 49 50 4 39 7 29 47 36 21 41 
6 4 42 21 22 24 10 
2 5 4 
18 7 10 28 14 38 2 5 20 3 6 34 1 17 9 11 24 37 43 
12 3 16 8 9 29 18 12 6 4 30 1 19 
12 1 25 50 47 11 13 8 18 5 10 7 4 
9 27 36 1 6 4 28 14 41 15 
10 6 1 5 20 22 44 33 12 45 43 
14 15 24 46 48 11 1 29 13 26 19 17 4 16 5 
7 4 39 15 27 6 14 2 
5 4 9 30 26 6 
5 38 1 8 5 13 
3 6 12 9 
7 4 32 7 21 10 31 47 
5 9 7 10 33 17 
3 32 9 5 
9 24 9 20 31 4 1 15 18 49 
7 5 25 17 6 19 46 43 
6 1 9 44 5 18 26 
4 8 23 4 17 
4 37 1 14 2 
2 2 8 
6 27 20 39 46 1 26 
6 4 17 43 30 9 2 
4 27 6 18 38 
6 28 19 23 11 42 9 
5 7 23 39 25 10 
4 7 26 34 4 
3 5 1 9 
4 5 11 42 24 
4 17 50 14 1 
3 45 14 16 
5 15 8 48 1 43 
2 28 4 
1 1 
3 7 40 1 
3 1 4 21 
4 50 12 4 25 
5 10 27 23 47 1 
1 36 
2 7 1 
4 2 1 26 30 
5 24 18 4 8 33 
3 1 19 8 
3 8 32 48 
3 23 9 18 
4 6 39 1 14 
3 9 45 33 
2 17 1 
4 38 6 1 31 

13 27 6 9 40 39 16 5 13 7 23 24 4 12 
14 20 8 9 19 46 6 11 7 21 15 10 4 5 12 
3 30 4 8 
25 16 38 31 19 22 18 1 3 29 6 48 2 36 20 13 8 17 43 5 25 9 32 14 28 15 
9 1 7 45 28 11 4 2 10 13 
8 12 1 27 4 46 21 2 33 
7 50 33 2 1 5 10 24 
16 49 41 50 39 15 11 3 24 14 4 42 2 34 22 26 16 
4 4 2 1 43 
4 2 7 5 40 
7 8 47 2 5 14 35 17 
3 1 2 6 
7 1 4 5 40 28 26 18 
5 11 47 4 16 8 
6 4 2 44 8 25 48 
8 8 4 23 14 1 21 20 37 
3 4 36 11 
5 34 41 4 32 13 
4 23 49 4 2 
6 2 46 22 33 16 4 
4 2 6 16 39 
5 27 20 32 4 8 
7 16 25 45 1 19 30 40 
4 7 31 1 8 
3 15 4 23 
4 46 38 8 13 
6 22 49 34 35 6 1 
4 31 5 13 4 
1 4 
4 32 50 23 3 
3 4 24 28 
4 22 30 4 18 
3 6 20 7 
5 18 8 35 42 27 
3 34 11 27 
2 17 4 
1 16 
3 45 26 4 
5 43 40 8 21 1 
5 1 10 23 39 13 
2 8 18 
2 8 34 
4 48 4 39 9 
1 15 
3 38 23 5 
4 2 26 6 20 
2 14 11 
3 4 15 43 
3 8 19 27 
3 30 8 7 

