21 6 4 19 36 27 42 12 5 35 16 49 50 14 9 37 26 31 8 11 30 15 
8 4 7 21 34 45 18 24 50 
13 24 20 27 13 7 6 4 18 34 5 14 19 36 
14 9 18 34 1 47 22 36 29 2 3 15 32 5 8 
16 22 7 6 38 15 13 26 4 3 21 8 12 37 29 1 10 
11 12 3 40 11 23 1 10 5 31 32 41 
7 5 3 28 14 10 2 9 
6 24 16 28 4 5 1 
4 42 1 7 4 
8 16 5 25 11 17 7 38 6 
11 10 44 17 27 32 1 22 35 6 19 23 
5 6 1 50 5 13 
4 5 3 12 33 
7 43 7 48 29 3 1 28 
5 5 4 39 1 31 
6 25 8 46 1 10 17 
8 21 16 40 11 20 10 30 23 
5 20 4 33 3 2 
5 11 1 37 26 3 
3 3 17 18 
7 48 39 5 40 17 35 2 
3 11 4 5 
4 6 11 17 33 
4 8 25 3 2 
3 24 16 10 
5 1 5 19 30 41 
4 3 1 11 44 
4 14 7 38 8 
4 4 5 14 43 
5 1 17 26 42 47 
4 15 1 6 44 
4 11 6 47 4 
4 45 23 18 13 
4 2 39 3 4 
4 11 21 1 43 
5 41 3 1 45 4 
4 5 1 19 46 
3 28 5 10 
4 46 34 21 15 
3 6 21 17 
4 49 36 26 6 
3 30 1 9 
5 29 48 14 35 46 
3 27 31 11 
3 2 33 36 
4 43 37 39 16 
3 30 32 4 
3 14 21 43 
2 1 41 
3 12 1 2 

6 7 9 4 5 34 6 
7 6 19 42 43 4 13 5 
1 4 
24 16 29 28 1 49 3 18 22 13 5 2 10 33 40 9 19 12 14 17 44 24 6 8 7 
15 36 8 45 37 22 7 21 34 1 4 12 33 26 2 11 
16 18 15 1 41 38 50 20 12 4 14 26 2 24 17 11 8 
11 31 35 14 39 4 5 41 29 38 1 15 
8 23 10 6 16 9 25 5 4 
10 8 36 4 1 11 37 20 10 30 19 
6 4 50 8 9 21 26 
11 9 6 25 48 40 43 27 15 16 5 42 
9 13 18 25 6 4 38 40 5 23 
10 4 48 23 12 27 39 21 45 2 33 
7 6 48 45 41 4 7 35 
5 6 11 17 7 28 
5 24 11 44 4 8 
6 20 32 6 37 15 4 
7 4 12 35 31 32 47 6 
3 4 9 2 
6 17 6 22 9 34 46 
5 36 30 5 13 10 
5 47 20 5 4 49 
4 50 8 12 13 
4 16 27 4 6 
4 43 12 8 11 
5 30 6 10 42 5 
4 13 11 28 24 
6 4 15 31 29 32 27 
3 4 28 7 
3 21 26 9 
3 28 7 18 
3 17 28 18 
4 39 5 4 13 
4 1 49 20 5 
3 18 14 7 
5 47 21 9 5 44 
4 5 17 9 46 
3 12 6 7 
3 7 33 13 
3 4 11 12 
3 14 6 7 
3 11 2 26 
4 2 25 48 11 
3 36 16 4 
3 5 13 14 
3 20 37 49 
3 18 36 22 
4 11 14 13 43 
4 4 34 22 46 
3 6 23 10 

9 8 6 9 16 4 5 42 23 14 
5 7 20 4 34 15 
14 11 43 4 12 40 30 6 47 32 5 38 49 22 17 
12 24 14 6 2 3 7 19 20 1 10 5 28 
8 4 12 23 31 3 1 9 45 
19 29 41 18 10 7 1 20 24 16 26 11 35 4 3 45 39 17 13 8 
15 11 18 36 19 49 8 13 14 29 9 6 24 2 4 10 
7 7 12 33 30 6 28 1 
7 15 23 46 7 1 37 5 
7 25 4 13 6 7 17 22 
8 6 7 47 26 21 3 49 31 
6 3 35 27 15 5 8 
6 39 6 50 7 34 10 
9 33 44 27 1 4 40 41 29 7 
7 9 48 12 2 33 19 16 
4 15 1 18 6 
7 21 22 35 3 6 43 10 
7 37 16 25 6 28 7 50 
4 4 7 15 21 
7 2 38 46 6 26 4 45 
3 11 17 19 
3 3 10 17 
4 1 5 25 9 
8 32 30 6 38 4 37 40 7 
4 23 10 18 27 
4 6 20 43 11 
5 14 25 31 41 12 
6 8 44 32 42 4 18 
3 7 14 6 
4 24 34 3 8 
6 11 48 36 5 42 27 
3 28 24 3 
3 14 8 15 
4 2 30 13 36 
4 17 12 39 6 
4 44 7 31 34 
3 18 9 24 
3 3 20 24 
3 35 6 13 
3 14 3 24 
3 27 6 14 
4 31 46 1 28 
3 3 26 17 
3 36 14 28 
3 5 6 20 
3 42 9 20 
2 3 11 
2 31 15 
3 11 3 7 
2 13 18 

2 4 7 
13 13 27 6 24 10 36 18 19 25 22 14 4 5 
15 21 30 36 13 11 20 25 49 6 29 4 9 8 44 5 
15 8 5 42 32 1 22 2 6 46 21 24 3 7 11 9 
5 33 19 4 2 3 
13 2 42 10 14 50 9 30 3 4 39 7 12 23 
5 4 14 8 1 6 
10 44 16 3 4 28 26 48 42 34 7 
19 45 50 11 35 23 15 16 18 17 3 6 26 36 12 19 48 25 4 10 
11 39 2 17 33 15 12 9 6 40 34 31 
6 3 32 4 9 13 45 
5 20 10 6 9 38 
5 48 3 2 26 11 
9 7 32 41 38 15 43 2 17 6 
12 10 37 14 28 33 18 16 22 27 21 20 9 
7 43 28 23 15 9 41 8 
4 14 10 9 35 
6 24 9 29 15 2 35 
4 9 29 2 5 
3 12 3 15 
6 4 15 31 3 49 27 
5 2 45 47 15 4 
3 16 6 9 
4 30 4 18 2 
3 9 2 3 
6 9 31 37 8 13 47 
6 46 21 2 39 38 15 
3 15 16 8 
4 18 19 3 34 
4 3 6 24 44 
5 10 26 50 41 21 
7 37 4 40 49 11 14 47 
3 15 5 10 
5 29 46 8 43 10 
3 9 17 18 
3 3 9 2 
3 32 15 26 
4 27 12 14 40 
3 6 27 10 
4 32 10 47 38 
3 14 16 31 
3 4 6 8 
4 14 34 46 16 
4 30 3 8 48 
3 11 9 22 
5 50 34 4 27 43 
4 22 26 32 40 
4 8 13 44 9 
3 21 32 3 
4 31 46 9 6 

9 4 28 21 11 17 15 7 9 5 
7 4 6 16 24 23 10 18 
3 5 47 4 
20 29 6 39 10 5 32 50 1 7 33 9 47 8 12 43 11 3 2 27 14 
18 13 25 3 14 21 38 6 16 20 9 37 4 26 39 8 1 18 44 
22 17 50 49 7 28 18 21 5 34 46 32 19 2 4 41 27 37 29 36 16 24 8 
5 1 4 13 6 14 
9 5 49 33 48 15 12 6 30 4 
13 5 22 10 12 40 30 17 25 19 1 34 4 46 
6 20 2 9 4 23 11 
9 4 30 37 15 10 20 1 34 13 
3 4 9 8 
8 24 7 28 22 45 11 44 5 
5 7 40 26 5 4 
6 36 42 8 1 11 48 
6 26 6 45 38 2 5 
6 1 31 41 39 6 9 
8 27 38 25 2 5 6 31 19 
3 6 9 18 
5 49 10 11 5 46 
5 6 22 5 31 1 
5 32 9 23 21 13 
4 10 2 35 22 
4 13 6 2 40 
6 18 5 43 33 35 9 
5 14 5 35 16 29 
4 4 6 50 18 
4 42 1 6 13 
4 6 26 44 4 
3 11 9 8 
4 17 18 36 21 
3 6 4 22 
3 8 25 4 
3 6 9 11 
7 42 43 45 47 26 23 25 
4 41 31 6 15 
3 5 11 6 
3 16 18 5 
3 17 4 5 
3 9 14 24 
3 36 17 6 
3 35 28 15 
3 25 35 4 
3 29 13 5 
3 13 35 16 
3 6 20 9 
3 3 35 4 
2 8 15 
3 6 20 8 
3 6 27 4 

18 14 5 7 9 21 10 29 37 4 23 15 27 6 20 30 8 25 47 
17 31 28 33 6 24 12 16 5 14 13 27 23 9 47 34 4 20 
13 46 41 13 23 10 45 11 14 7 4 8 31 47 
15 32 7 1 24 3 50 2 49 29 38 10 6 5 43 11 
9 2 41 18 19 46 1 21 12 4 
9 8 1 39 37 9 16 4 28 2 
9 20 19 4 11 3 13 35 1 21 
3 1 6 3 
7 1 44 17 6 45 28 2 
10 18 22 1 3 4 26 12 32 16 15 
6 17 30 3 44 4 7 
6 10 5 2 30 26 39 
9 42 7 41 2 15 50 25 3 29 
3 3 1 2 
8 1 35 17 18 48 10 26 13 
3 6 2 10 
5 9 11 19 15 22 
3 10 5 15 
8 25 33 49 7 17 36 24 5 
7 7 1 34 27 35 42 2 
4 22 1 5 7 
6 37 17 43 34 10 21 
3 2 3 1 
6 2 4 32 36 19 44 
4 19 1 38 13 
4 36 10 12 15 
4 1 2 39 20 
3 2 9 6 
5 1 45 4 49 13 
6 40 1 11 31 38 12 
3 3 30 2 
7 43 10 33 4 40 46 24 
5 40 42 32 2 19 
3 20 2 22 
3 20 7 15 
3 19 24 26 
3 22 1 6 
3 25 4 30 
3 6 12 27 
3 30 33 32 
3 13 3 5 
3 20 13 33 
3 22 4 32 
3 9 11 24 
3 29 3 9 
4 3 5 48 32 
3 1 2 3 
2 46 15 
3 4 29 19 
2 4 13 

4 17 38 4 7 
6 5 4 22 16 12 26 
11 4 47 16 6 5 29 39 15 10 48 13 
15 22 42 11 34 10 1 2 27 3 6 8 50 9 16 5 
19 25 33 15 4 49 34 24 8 10 28 7 37 45 9 18 2 6 3 43 
13 8 7 26 20 19 17 41 15 3 5 42 14 4 
11 26 46 49 14 6 5 42 29 9 11 1 
9 4 12 39 6 41 19 21 20 5 
12 19 13 12 4 7 48 28 17 31 30 43 5 
7 11 5 36 3 28 4 22 
7 39 7 23 14 24 10 4 
7 9 21 34 18 8 2 13 
9 46 47 12 23 44 48 3 21 9 
3 6 11 7 
7 38 3 5 18 35 6 30 
3 2 3 4 
4 32 1 9 6 
11 49 40 20 12 31 15 25 27 5 30 29 
7 24 9 40 8 6 23 37 
3 18 6 8 
4 8 12 25 13 
6 44 33 2 4 10 50 
9 19 45 11 13 33 32 37 44 40 
5 19 31 5 36 11 
4 21 27 18 5 
3 6 7 2 
3 25 4 18 
7 10 41 36 32 5 35 9 
4 7 3 18 43 
3 15 18 9 
3 9 18 24 
4 17 28 38 23 
4 35 5 23 22 
4 45 12 5 4 
3 15 33 28 
3 10 28 24 
3 19 23 5 
3 15 32 1 
3 11 8 3 
3 18 23 19 
3 6 8 28 
4 7 4 48 6 
3 9 29 5 
4 13 50 22 23 
3 5 23 34 
2 7 13 
3 48 3 13 
5 9 3 42 13 47 
3 5 18 7 
3 44 22 4 

6 13 6 4 27 7 9 
8 14 5 49 4 13 30 36 22 
9 21 37 22 20 7 5 4 38 8 
12 1 8 2 5 6 13 15 41 3 16 24 11 
24 39 24 21 11 28 17 31 43 14 42 10 12 25 8 38 4 26 16 27 3 2 23 9 6 
11 45 42 7 4 27 18 1 50 17 32 5 
12 19 9 24 10 20 15 50 6 28 1 32 3 
15 15 34 26 18 37 23 3 4 30 47 33 5 12 10 28 
3 1 5 7 
10 5 44 11 45 12 39 19 8 7 14 
8 31 10 5 40 25 34 29 4 
4 5 23 8 10 
6 1 20 4 17 2 18 
14 16 19 50 26 10 48 44 38 45 2 46 49 5 29 
5 8 4 40 7 47 
4 43 14 4 5 
4 6 5 46 13 
3 8 13 6 
5 7 14 22 21 10 
5 7 25 3 39 13 
4 3 19 33 5 
3 3 2 19 
3 8 12 5 
6 31 4 7 5 36 30 
5 40 5 35 11 20 
4 5 14 8 29 
6 1 6 5 48 33 34 
7 8 32 5 47 35 7 42 
5 37 26 14 35 11 
3 24 8 2 
5 24 41 36 11 5 
3 28 7 6 
6 8 27 48 46 43 21 
4 27 11 44 8 
3 29 28 25 
3 24 2 31 
3 8 29 3 
3 14 3 5 
5 20 10 50 46 5 
3 11 15 25 
2 31 4 
3 5 28 6 
4 16 33 5 47 
3 14 34 10 
3 14 6 10 
4 33 17 39 14 
4 8 43 28 15 
3 27 14 33 
2 14 2 
4 7 6 39 14 

10 7 4 8 40 43 23 13 14 16 5 
19 4 32 17 36 31 23 6 26 28 20 40 16 8 44 7 39 21 5 47 
7 18 4 44 5 9 26 10 
13 1 19 2 37 40 21 14 10 26 6 22 3 29 
13 7 9 39 6 34 27 20 11 12 1 46 2 3 
12 31 5 19 11 18 10 50 4 2 8 9 37 
13 25 2 1 11 5 34 23 38 21 30 22 19 18 
9 42 6 13 24 2 28 50 1 39 
12 13 42 35 47 5 15 49 12 6 25 17 3 
10 32 3 16 49 6 34 37 4 12 15 
4 5 7 24 6 
8 14 25 27 9 29 10 15 5 
6 30 9 1 22 33 8 
7 29 44 33 1 4 20 12 
4 12 24 10 9 
7 1 2 17 10 38 32 41 
5 41 9 16 2 35 
3 6 3 7 
3 7 4 6 
3 5 2 14 
3 7 2 4 
6 7 31 4 28 47 13 
5 1 2 42 35 7 
4 11 15 8 36 
6 9 48 7 27 45 12 
5 2 43 36 4 3 
3 12 25 5 
4 8 38 22 2 
5 12 30 14 33 4 
3 29 13 7 
3 2 6 22 
5 46 43 16 10 2 
3 29 14 13 
3 10 7 5 
4 41 17 9 23 
3 2 24 26 
4 49 10 6 4 
3 28 16 7 
3 8 2 5 
3 1 2 4 
3 17 35 16 
3 9 8 23 
3 1 26 32 
3 2 3 14 
1 25 
2 5 32 
3 2 9 22 
1 25 
3 37 10 9 
2 8 6 

7 6 7 4 17 13 29 10 
6 15 5 12 23 4 43 
13 9 14 16 40 6 46 31 47 19 10 4 5 26 
17 11 39 5 27 45 6 32 24 37 10 7 44 2 31 38 1 3 
16 8 26 50 3 24 2 21 13 4 9 22 35 14 31 48 11 
11 9 39 3 4 1 50 7 34 19 8 15 
5 33 1 8 6 4 
11 40 25 5 12 16 42 22 15 37 6 7 
9 38 6 45 3 5 17 36 43 28 
8 16 21 11 4 37 1 36 3 
14 4 42 20 30 25 10 13 26 5 28 12 21 49 27 
7 14 18 46 2 11 25 8 
3 5 11 1 
8 22 23 48 12 3 5 35 20 
16 2 23 44 32 30 39 17 29 49 18 8 34 35 20 6 41 
6 18 19 34 10 3 8 
7 49 43 28 9 15 1 45 
7 12 15 42 16 47 32 33 
6 6 3 46 24 16 48 
5 15 47 11 14 33 
3 5 10 11 
3 5 14 8 
5 29 2 14 27 15 
3 19 5 4 
3 11 8 12 
4 41 11 5 3 
3 11 4 23 
6 40 30 17 9 38 11 
3 1 15 23 
3 15 28 11 
4 3 36 4 5 
3 4 18 15 
3 7 18 20 
3 16 15 6 
6 5 48 49 14 15 45 
3 9 31 10 
5 41 8 50 4 10 
4 45 4 9 28 
3 6 15 4 
3 3 8 28 
3 15 37 26 
4 48 18 11 8 
3 2 17 9 
2 4 15 
6 38 4 46 35 9 17 
4 19 45 3 12 
3 18 3 20 
5 5 42 14 19 35 
4 35 15 17 11 
3 6 5 37 

18 7 35 4 41 46 11 19 5 27 32 14 8 50 39 6 15 42 21 
7 17 24 43 4 49 22 47 
12 4 6 49 14 30 5 34 9 20 17 37 12 
10 8 1 40 21 7 23 2 5 3 10 
8 43 9 22 3 28 1 6 4 
13 7 10 46 42 8 12 3 5 1 13 16 38 39 
19 30 1 32 40 13 45 4 24 25 23 47 18 34 48 6 11 15 29 19 
13 1 4 33 6 28 9 26 12 14 38 20 24 31 
10 23 25 32 36 8 10 11 3 5 19 
9 48 6 38 13 16 9 22 4 27 
5 21 18 9 7 1 
3 3 8 6 
14 16 10 42 20 36 34 15 17 31 6 46 44 7 35 
8 29 3 31 37 25 1 18 8 
4 13 33 7 1 
4 10 13 37 6 
3 13 2 3 
4 11 33 14 7 
3 9 7 1 
3 13 3 8 
3 11 1 4 
7 2 27 29 26 5 10 39 
7 36 28 9 4 26 7 41 
3 8 7 2 
3 7 14 9 
4 23 8 22 47 
3 1 22 10 
3 5 8 23 
4 30 7 14 22 
4 29 41 7 3 
3 13 8 14 
3 7 1 9 
3 18 8 15 
3 13 3 7 
4 41 50 1 13 
3 9 13 23 
4 44 16 3 14 
3 10 6 8 
3 22 6 1 
2 4 7 
4 35 30 23 1 
3 6 13 1 
2 2 5 
2 37 13 
1 7 
3 6 1 13 
3 26 7 2 
2 7 10 
2 2 3 
2 35 1 

5 11 38 15 30 4 
6 41 4 5 7 43 37 
9 13 27 7 6 41 4 5 22 44 
24 28 25 15 7 5 23 37 24 40 8 6 16 2 11 45 19 1 27 32 13 9 3 21 47 
7 4 12 3 6 2 17 13 
10 5 8 25 3 16 26 4 18 10 31 
13 36 4 2 9 10 44 8 30 14 3 26 48 18 
12 30 9 10 15 6 4 26 11 27 46 21 7 
10 12 36 19 8 23 45 7 14 4 35 
7 7 20 12 8 18 6 29 
12 8 39 1 41 4 23 14 29 25 45 17 16 
10 20 37 31 29 19 22 10 9 24 5 
8 4 36 33 20 3 22 5 43 
6 48 7 17 9 35 11 
5 21 4 8 34 1 
3 4 11 6 
5 47 14 33 5 11 
4 6 7 10 24 
6 9 12 40 28 4 32 
4 13 49 10 12 
7 8 48 33 15 49 4 28 
3 3 13 12 
5 9 38 4 32 11 
3 18 4 12 
3 6 11 4 
4 34 7 6 8 
3 4 8 3 
4 19 21 42 4 
9 10 47 31 11 12 43 34 50 46 
5 8 42 39 1 7 
3 12 6 29 
4 35 19 4 23 
3 13 21 17 
5 44 26 15 49 29 
5 14 32 43 9 40 
3 13 7 9 
4 45 4 2 12 
3 44 23 1 
2 30 11 
4 19 4 48 35 
3 2 11 3 
2 30 28 
5 45 35 29 2 13 
4 3 34 7 38 
6 11 50 9 4 43 37 
2 29 8 
4 50 17 4 29 
4 21 40 14 7 
3 34 20 21 
3 47 29 45 

19 37 7 22 6 25 8 12 35 44 5 18 10 49 42 29 11 4 39 14 
5 19 4 12 17 31 
14 5 26 15 28 4 34 40 22 46 24 37 8 18 23 
25 31 40 2 6 17 34 32 44 11 24 10 41 1 30 5 43 38 9 7 18 14 3 13 16 50 
10 4 17 36 3 15 49 9 6 1 7 
11 5 43 4 25 14 1 8 13 15 33 20 
5 1 5 16 50 4 
15 20 48 6 10 9 46 30 31 11 27 29 35 1 3 26 
5 38 4 5 8 30 
7 1 21 12 4 33 8 13 
7 19 1 28 8 4 21 25 
5 1 23 10 16 2 
6 10 34 28 6 20 4 
5 6 21 1 41 4 
7 3 5 27 19 6 32 23 
4 12 36 7 4 
3 4 2 5 
4 1 22 4 3 
4 27 15 11 2 
4 6 8 32 13 
6 14 24 39 29 10 11 
3 1 18 3 
5 15 12 33 3 26 
5 3 4 38 21 50 
3 6 11 1 
6 43 8 36 47 3 23 
4 8 15 37 19 
5 13 47 48 3 11 
3 1 21 8 
3 4 8 9 
6 2 8 50 38 4 44 
3 4 20 15 
5 6 46 49 10 23 
6 13 4 35 50 39 3 
3 8 1 34 
4 42 26 5 16 
3 1 3 27 
5 40 31 9 24 4 
3 1 34 21 
3 38 4 3 
2 4 14 
2 36 1 
3 6 4 26 
3 1 4 31 
0 
3 3 33 8 
2 26 28 
2 28 8 
3 1 5 33 
5 24 31 34 7 4 

11 26 23 41 47 9 44 4 21 20 7 37 
11 4 17 10 15 14 46 31 5 50 13 40 
15 15 27 8 4 6 35 10 12 5 25 29 33 48 18 32 
20 9 24 17 43 13 5 31 30 6 42 11 2 3 41 34 1 23 39 7 27 
9 19 4 33 13 3 6 2 18 36 
13 3 7 35 4 21 48 14 49 5 34 16 33 8 
13 6 17 9 11 40 10 4 1 14 8 16 29 22 
6 23 6 3 7 29 39 
11 32 1 7 36 11 37 19 12 4 25 34 
5 32 3 24 7 2 
8 45 9 16 7 12 15 24 4 
4 9 31 3 11 
4 2 5 4 19 
6 6 2 42 20 7 37 
7 50 41 3 40 2 11 36 
8 11 7 26 6 22 21 18 49 
3 7 4 2 
5 3 28 16 20 5 
5 38 5 13 9 26 
3 18 14 1 
7 44 1 28 22 16 6 30 
5 7 16 21 39 28 
5 4 42 8 48 1 
5 43 10 25 4 11 
8 24 44 35 9 3 30 47 27 
3 19 1 16 
4 3 25 4 38 
3 22 21 18 
3 7 8 3 
5 35 45 25 21 4 
3 12 4 2 
4 10 3 9 45 
6 6 39 3 42 5 41 
3 4 9 6 
4 3 6 25 30 
3 5 9 15 
5 9 1 44 46 14 
3 27 40 19 
5 22 33 8 4 42 
5 7 38 15 2 45 
4 4 33 1 15 
5 14 4 23 39 33 
4 4 24 49 48 
4 1 25 21 37 
4 11 32 30 40 
3 47 2 37 
3 46 25 1 
4 6 23 3 43 
3 43 16 6 
2 15 2 

11 28 5 27 9 13 41 50 23 32 47 4 
13 4 10 25 12 29 9 8 7 33 11 6 5 46 
8 16 4 11 18 19 35 7 15 
17 10 8 12 9 19 24 5 3 6 30 50 38 1 14 29 2 17 
19 14 27 11 6 19 4 1 22 8 24 2 7 12 42 10 40 21 26 15 
8 4 17 5 2 13 40 18 33 
6 37 2 46 5 47 3 
9 20 5 2 4 22 28 48 34 30 
7 24 18 4 15 2 34 1 
12 20 26 5 33 2 36 21 32 45 40 4 13 
9 2 20 31 3 49 23 5 16 42 
3 5 4 2 
8 43 49 10 37 1 14 39 6 
4 4 36 5 13 
5 29 5 3 16 9 
7 3 17 43 11 15 21 32 
4 6 26 4 16 
4 6 27 3 9 
3 3 5 4 
5 8 11 22 10 45 
7 23 37 5 16 28 10 31 
5 5 20 25 8 35 
5 11 25 1 41 21 
6 5 31 48 30 9 4 
4 23 22 2 43 
3 17 10 5 
6 18 5 1 39 38 41 
3 1 8 21 
4 43 2 4 15 
3 24 4 8 
4 11 21 24 50 
4 16 10 47 1 
3 2 10 6 
3 9 8 45 
5 45 49 22 3 46 
2 14 10 
4 7 21 13 38 
4 27 4 37 46 
2 13 27 
3 6 5 10 
3 27 23 1 
2 11 5 
4 29 16 13 25 
0 
4 20 34 35 10 
4 2 38 35 7 
3 7 32 1 
2 24 8 
3 13 35 11 
3 31 1 4 

1 4 
14 5 14 16 4 26 8 35 7 9 6 10 37 18 28 
11 48 21 7 12 11 5 19 4 15 31 41 
13 49 2 6 22 12 37 5 10 46 1 3 17 15 
7 48 4 16 3 2 13 6 
15 5 34 32 8 47 18 4 31 25 29 7 14 35 9 2 
10 39 3 30 11 6 26 8 20 2 29 
19 12 20 6 24 21 7 9 34 38 33 14 15 37 11 17 18 22 2 50 
10 46 8 27 13 16 2 6 41 10 42 
4 2 4 48 9 
12 28 27 26 23 34 8 3 24 25 20 17 7 
7 13 23 4 32 24 3 8 
5 12 9 5 43 44 
4 2 6 43 8 
9 40 23 3 19 45 41 21 4 8 
12 29 28 30 19 2 9 5 47 25 39 43 36 
3 8 4 11 
4 2 6 42 8 
4 16 39 3 15 
6 7 11 36 30 8 27 
7 22 3 49 36 8 15 33 
4 45 8 4 21 
4 15 12 47 11 
3 12 11 8 
6 44 11 16 6 31 40 
4 42 7 11 2 
3 20 9 11 
4 16 36 11 2 
3 6 16 7 
4 20 34 7 16 
5 38 3 50 6 25 
4 44 35 6 12 
2 8 21 
5 6 44 30 8 11 
3 32 6 2 
4 28 21 20 16 
4 2 39 8 4 
2 8 31 
4 16 19 37 7 
5 42 25 48 49 15 
4 3 15 44 9 
4 26 40 18 9 
4 14 16 13 47 
7 34 32 45 41 25 46 13 
3 15 22 44 
3 9 44 4 
4 43 6 16 23 
4 40 3 5 10 
3 40 4 21 
2 8 31 

10 26 46 24 11 9 23 4 5 6 32 
18 17 8 27 32 11 20 14 18 16 12 45 33 4 39 19 10 26 21 
15 4 12 24 48 6 35 36 43 7 45 15 21 31 5 37 
22 19 14 28 42 23 38 3 6 16 46 20 2 17 9 5 25 43 22 35 29 7 1 
13 37 29 44 21 22 3 7 33 11 4 1 13 8 
9 36 28 4 1 25 22 38 10 3 
15 49 15 10 8 32 26 9 14 44 5 36 31 3 4 45 
4 5 2 7 12 
7 1 20 47 4 19 7 13 
8 2 16 13 35 24 6 33 7 
10 30 15 1 5 27 47 50 42 2 17 
4 18 8 3 2 
6 10 9 47 5 30 48 
7 2 23 34 7 4 49 46 
6 27 28 7 18 3 11 
5 10 30 4 2 31 
3 4 11 2 
4 15 2 12 43 
6 4 2 40 29 9 41 
5 37 41 2 9 4 
3 5 2 3 
3 4 5 6 
5 1 50 4 38 14 
5 10 39 1 3 25 
5 6 24 40 50 4 
3 1 7 2 
3 2 11 15 
3 6 4 15 
4 5 49 4 19 
4 32 11 16 13 
4 44 3 7 16 
8 1 2 7 38 33 35 30 40 
4 2 32 10 5 
1 14 
4 32 3 10 4 
4 7 50 6 3 
4 20 38 3 5 
6 45 32 4 37 23 6 
2 2 24 
3 32 19 25 
2 20 19 
3 11 50 4 
3 18 4 3 
4 46 7 5 31 
4 3 38 2 7 
4 4 14 1 44 
3 9 13 11 
2 3 13 
3 14 7 29 
5 36 23 11 42 25 

1 4 
16 39 42 50 37 12 33 40 25 17 6 11 4 26 5 31 27 
4 4 5 8 7 
20 9 5 43 49 3 18 37 23 7 39 21 6 11 14 25 1 41 2 28 38 
15 28 13 44 4 10 32 16 2 6 21 3 27 7 12 9 
10 24 45 4 40 15 5 8 2 16 20 
16 30 26 25 12 17 14 9 8 15 18 41 3 4 22 21 5 
11 17 6 33 7 26 13 37 10 3 32 24 
10 10 16 19 38 4 13 14 5 7 20 
9 5 28 8 9 45 11 19 29 35 
6 2 4 41 34 35 10 
12 32 35 27 2 24 36 7 5 22 31 42 15 
9 8 9 22 34 23 31 5 48 43 
6 45 44 9 36 4 7 
5 20 39 6 12 7 
3 6 9 5 
5 8 29 2 18 7 
5 7 17 47 19 4 
5 30 38 9 10 18 
5 6 9 48 49 15 
5 4 36 5 23 7 
3 7 13 12 
4 21 4 48 13 
3 6 8 12 
3 7 2 4 
3 2 7 8 
3 2 5 12 
3 10 5 4 
3 10 17 34 
4 19 48 7 42 
6 39 13 34 2 12 41 
3 5 8 12 
2 8 2 
4 11 29 13 31 
3 12 10 11 
3 12 14 21 
4 2 8 4 44 
3 9 4 19 
6 31 4 15 2 40 49 
3 2 6 39 
4 4 11 7 31 
3 2 12 30 
2 4 13 
3 14 5 37 
3 14 6 10 
0 
1 18 
4 20 23 30 13 
3 20 39 4 
1 2 

1 4 
17 20 7 11 50 23 19 9 18 4 47 33 5 38 13 8 21 31 
17 24 30 10 8 19 25 5 44 28 6 23 35 4 7 49 12 11 
18 10 20 46 50 26 6 5 38 33 41 9 2 12 29 21 1 3 16 
18 26 3 40 12 6 2 32 8 36 21 39 42 49 13 15 7 4 28 
14 3 45 18 24 42 33 4 34 47 9 14 5 23 19 
9 22 10 5 36 34 3 17 35 2 
6 15 37 3 2 47 5 
6 17 4 2 32 16 6 
6 11 14 48 7 4 3 
14 41 20 3 2 34 10 40 24 44 15 27 18 39 32 
15 26 16 44 48 29 5 3 22 25 14 27 4 36 45 13 
7 49 2 22 29 17 5 12 
7 12 6 10 27 31 25 46 
4 8 11 5 39 
4 12 9 4 46 
4 7 9 13 41 
6 11 48 2 6 28 43 
4 42 6 2 3 
3 11 4 2 
3 2 4 5 
3 7 12 13 
6 6 2 45 37 3 31 
3 6 3 11 
6 3 12 29 43 14 46 
4 5 4 12 30 
3 12 14 11 
4 3 5 18 34 
4 12 13 25 4 
3 3 49 26 
4 23 2 14 50 
6 33 9 40 5 11 44 
4 4 6 2 32 
4 7 6 11 28 
4 47 7 3 46 
3 12 7 5 
2 8 23 
2 2 4 
5 11 42 15 50 5 
4 47 32 5 11 
3 11 17 4 
4 39 19 6 5 
2 25 18 
5 3 12 32 46 11 
3 6 12 23 
6 16 35 25 14 4 44 
5 35 2 8 40 6 
3 12 18 10 
4 3 5 30 13 
4 31 2 39 4 

7 34 10 12 5 4 23 14 
9 4 40 17 11 7 6 23 18 5 
3 4 10 6 
13 7 5 41 20 3 1 22 32 17 8 9 6 2 
14 9 49 2 46 24 39 1 19 18 44 7 13 4 23 
10 2 4 3 19 27 33 14 10 8 21 
13 35 22 15 5 11 13 2 43 31 4 18 8 12 
11 9 6 42 16 13 11 15 7 47 4 37 
14 16 35 32 17 4 28 31 33 5 46 37 36 8 12 
10 41 39 6 3 14 29 45 40 30 1 
8 21 16 43 2 8 36 26 7 
3 7 9 1 
6 22 47 8 7 29 5 
14 10 26 34 21 24 15 27 30 6 48 33 20 50 1 
3 7 14 8 
5 9 34 19 11 8 
7 25 4 9 2 29 43 20 
5 31 2 45 5 7 
7 28 5 16 30 48 40 6 
4 38 17 4 14 
9 25 42 26 49 11 14 6 39 35 
9 37 25 4 42 7 13 38 24 32 
3 2 5 1 
3 5 22 14 
4 21 17 38 22 
4 14 30 11 21 
4 6 14 37 35 
3 19 40 9 
4 30 17 13 10 
5 26 19 29 14 10 
4 7 43 9 18 
3 4 22 9 
3 14 6 9 
3 14 16 1 
4 7 21 27 9 
2 9 11 
5 27 22 50 8 9 
4 20 25 22 43 
3 21 10 5 
4 19 2 28 10 
2 10 4 
3 22 21 8 
5 38 31 11 17 7 
1 5 
2 10 18 
2 9 5 
2 13 8 
2 19 14 
2 5 21 
2 14 37 

