19 22 39 46 25 19 17 11 4 9 5 16 10 23 8 40 44 37 3 41 
2 28 3 
24 15 31 6 17 34 27 33 44 9 35 41 10 8 4 12 21 1 28 2 24 14 5 26 49 
6 35 1 32 15 3 7 
10 1 38 22 11 29 24 6 3 23 16 
4 12 7 5 3 
5 49 14 4 48 6 
8 18 30 48 20 1 21 3 50 
7 1 45 3 20 13 29 19 
3 13 1 3 
3 43 1 5 
8 38 31 3 26 27 6 37 39 
3 9 18 10 
2 3 7 
2 4 3 
4 5 1 42 46 
2 3 1 
2 13 8 
3 9 1 25 
2 8 9 
2 3 8 
3 1 30 5 
3 1 5 40 
2 5 3 
3 1 45 19 
3 47 12 3 
2 12 3 
4 3 2 32 34 
4 33 36 5 9 
3 22 36 8 
6 43 42 50 47 3 12 
2 28 4 
2 29 3 
2 28 3 
2 4 3 
2 29 30 
2 12 1 
2 12 5 
2 1 12 
2 1 23 
2 1 3 
2 16 31 
2 11 31 
2 3 1 
2 9 25 
2 1 16 
2 26 31 
2 7 8 
2 7 3 
2 8 31 

11 6 35 4 33 3 9 34 13 36 21 46 
7 4 26 16 10 3 28 20 
9 7 8 25 15 5 2 44 13 1 
17 15 38 5 10 37 12 1 2 9 14 16 19 6 28 11 23 43 
5 7 8 4 3 47 
2 1 4 
4 5 3 22 12 
3 3 5 11 
9 37 14 17 4 21 32 41 1 19 
5 23 50 2 4 47 
2 8 4 
6 30 4 39 7 29 18 
4 39 1 3 24 
8 27 9 42 26 45 49 25 4 
4 49 4 3 17 
4 2 18 42 4 
6 22 15 9 24 35 33 
3 12 20 16 
2 4 9 
3 29 2 18 
2 9 1 
2 17 7 
4 27 46 4 10 
3 40 13 17 
5 40 30 14 31 3 
5 2 14 34 36 32 
3 14 43 23 
2 2 4 
3 31 12 20 
2 12 25 
2 25 29 
3 26 38 9 
2 1 17 
2 26 1 
4 1 44 17 45 
2 1 26 
3 9 4 41 
3 50 32 4 
2 12 13 
2 25 24 
3 48 9 37 
2 14 16 
2 27 4 
3 35 3 48 
2 14 35 
2 23 1 
2 10 5 
2 44 41 
2 14 15 
2 38 10 

1 3 
9 12 4 13 46 28 3 6 9 37 
22 11 44 7 45 22 42 10 18 26 17 19 13 23 1 4 14 37 16 21 5 2 35 
11 44 35 25 5 31 15 3 9 6 2 8 
6 33 3 17 4 15 24 
8 2 12 4 8 39 7 18 32 
9 28 36 21 46 26 3 24 27 6 
10 30 29 4 49 32 6 11 10 25 45 
4 2 20 39 4 
3 14 3 8 
3 3 8 27 
3 2 6 34 
5 16 30 41 3 2 
5 38 20 19 10 3 
5 48 22 5 40 4 
3 13 48 3 
3 3 38 5 
3 3 6 34 
2 3 14 
2 14 9 
3 3 7 23 
4 15 3 43 31 
3 21 3 33 
4 5 7 36 47 
2 8 4 
2 3 7 
2 7 11 
3 29 2 7 
2 8 28 
2 13 8 
2 22 4 
2 6 8 
4 40 23 50 5 
2 12 18 
3 3 4 49 
2 24 7 
3 41 3 2 
4 14 43 47 17 
3 9 6 42 
2 15 33 
2 37 13 
2 3 39 
2 38 22 
2 4 3 
2 8 3 
2 2 7 
2 38 24 
2 16 15 
2 35 8 
1 33 

8 22 21 17 26 3 30 16 4 
12 22 8 18 26 6 49 16 17 50 9 23 3 
9 11 2 7 4 1 27 46 10 5 
16 10 36 38 32 5 35 13 1 8 47 20 3 15 6 37 7 
4 9 31 4 3 
2 2 4 
11 15 28 4 42 29 3 24 12 13 19 33 
7 39 2 4 25 11 42 27 
4 5 14 2 12 
5 4 32 3 36 19 
5 33 43 3 24 8 
4 14 49 7 9 
4 4 25 46 7 
2 9 12 
5 18 23 7 4 30 
3 2 1 20 
4 47 21 1 2 
2 2 15 
2 7 10 
2 4 16 
3 39 1 17 
5 40 28 44 2 1 
3 2 15 44 
2 11 7 
2 13 8 
3 45 2 1 
3 3 35 8 
6 29 7 37 45 34 22 
7 50 48 31 34 7 28 38 
2 1 15 
3 29 5 43 
2 10 4 
2 11 7 
2 29 28 
2 27 4 
2 10 4 
3 41 4 28 
3 40 29 4 
2 21 8 
4 38 48 22 41 
2 37 40 
2 8 7 
2 11 31 
2 23 22 
2 26 28 
2 13 3 
2 4 17 
2 40 29 
3 50 12 2 
3 29 2 49 

2 3 11 
12 49 25 45 4 3 10 9 7 5 46 34 32 
20 32 6 8 28 27 11 38 31 18 1 20 19 4 21 41 10 13 2 12 5 
12 8 31 24 14 7 9 23 2 17 43 6 3 
8 18 33 46 2 44 22 23 3 
2 4 3 
4 30 2 4 15 
13 33 36 25 13 12 42 3 47 41 29 4 26 16 
5 20 2 24 17 4 
6 22 19 3 40 2 16 
3 14 1 3 
4 3 8 39 47 
3 3 15 8 
5 11 45 4 40 26 
5 37 30 7 29 13 
4 8 21 10 38 
2 9 4 
2 3 5 
2 3 10 
2 3 9 
2 16 3 
3 10 42 5 
2 4 5 
4 27 4 28 9 
2 2 8 
2 14 8 
3 24 3 34 
3 24 3 35 
4 8 37 15 35 
3 15 7 48 
4 3 4 36 39 
2 3 2 
2 5 8 
2 2 27 
3 50 28 29 
3 8 31 44 
3 50 15 29 
3 16 49 3 
2 12 31 
2 10 14 
4 48 8 3 43 
2 22 8 
2 41 4 
2 5 36 
2 2 14 
2 2 5 
2 8 12 
2 30 41 
2 2 38 
2 37 35 

1 3 
7 4 39 6 7 5 3 17 
8 4 9 8 45 1 2 6 11 
15 2 19 14 27 46 10 13 29 47 16 3 5 48 8 12 
3 4 46 2 
15 3 27 12 49 2 14 7 43 21 25 16 11 9 47 20 
5 13 6 43 2 42 
5 15 44 3 4 33 
10 10 3 32 15 22 35 41 18 36 6 
2 9 4 
4 31 3 23 6 
10 6 4 22 17 38 30 33 42 26 41 
2 4 7 
5 6 45 18 19 4 
2 8 9 
6 35 37 6 24 21 4 
4 2 29 12 48 
2 14 9 
6 20 14 4 32 31 28 
4 30 19 37 6 
3 16 23 6 
2 9 12 
10 21 11 40 25 28 24 26 50 34 38 
3 39 16 23 
2 23 6 
2 12 23 
2 4 6 
3 23 19 40 
2 4 17 
3 12 36 20 
2 11 19 
2 19 9 
3 12 34 8 
3 23 44 33 
2 9 16 
2 30 9 
2 16 20 
2 23 12 
2 24 2 
2 28 23 
4 9 50 49 12 
2 12 7 
2 7 6 
2 34 8 
2 3 14 
2 4 5 
2 6 4 
2 4 17 
2 41 6 
2 41 23 

2 3 14 
9 4 3 49 15 50 8 46 22 5 
21 19 43 31 13 14 21 42 38 28 18 30 2 40 34 4 9 16 27 10 6 1 
3 3 5 2 
23 41 9 7 20 32 21 30 11 18 19 12 16 25 6 34 33 48 35 4 8 2 40 45 
7 42 47 7 13 50 5 3 
6 23 6 12 5 20 17 
5 33 2 5 10 11 
5 24 35 5 3 38 
4 37 3 28 8 
4 29 26 8 5 
4 7 5 15 24 
4 3 6 41 17 
5 46 1 3 29 22 
3 2 47 12 
2 3 5 
2 13 7 
2 5 3 
4 5 27 3 36 
3 5 25 7 
2 3 5 
6 36 23 14 26 45 2 
3 32 7 22 
2 12 9 
4 44 5 31 20 
3 22 11 39 
3 3 19 37 
3 3 44 10 
2 14 11 
2 3 5 
2 25 3 
2 5 23 
3 8 39 5 
2 5 3 
2 9 5 
2 19 22 
2 27 10 
3 43 3 9 
2 26 33 
2 5 3 
2 13 5 
2 3 6 
2 38 3 
2 28 25 
2 5 22 
2 2 14 
2 15 6 
1 5 
1 2 
2 6 2 

4 3 30 25 41 
12 5 29 20 3 24 28 4 46 8 22 14 40 
16 9 31 4 27 34 2 8 10 19 40 16 22 13 1 35 12 
13 2 11 42 18 5 13 3 6 10 17 30 7 48 
8 2 12 25 7 31 4 34 6 
2 5 4 
7 41 9 11 4 5 33 32 
2 2 3 
4 3 7 33 50 
6 23 36 3 19 39 4 
6 15 4 44 7 47 21 
6 3 35 14 48 5 17 
5 18 3 16 4 37 
4 12 32 2 15 
5 38 14 11 20 24 
2 13 3 
2 4 12 
5 13 28 26 4 50 
4 21 43 10 3 
3 2 37 15 
4 38 11 19 27 
4 2 44 3 23 
4 26 10 49 22 
4 2 47 15 39 
4 5 45 1 42 
3 23 29 18 
3 3 21 43 
2 2 18 
2 2 26 
2 4 1 
2 5 3 
2 7 14 
3 36 7 9 
2 3 5 
2 3 12 
2 33 10 
2 13 20 
2 15 21 
2 10 24 
3 2 3 45 
2 1 7 
2 4 25 
2 27 19 
2 22 11 
3 40 48 25 
2 2 49 
2 24 11 
3 12 4 45 
2 23 46 
2 18 9 

2 18 3 
5 4 16 30 26 3 
12 45 7 24 4 2 27 44 34 1 5 11 10 
25 8 3 27 48 23 46 17 21 36 31 2 6 5 14 12 22 11 16 19 42 9 28 50 7 37 
13 8 12 3 9 13 6 17 26 33 49 14 21 4 
3 40 5 4 
2 4 3 
10 39 10 30 5 24 15 4 32 41 22 
3 4 13 5 
4 3 8 25 20 
5 4 40 45 28 3 
4 18 4 5 49 
3 29 5 9 
5 29 47 4 15 5 
3 14 8 37 
9 48 25 33 43 38 4 20 2 23 
3 4 19 5 
2 1 12 
2 4 17 
3 10 43 16 
3 4 41 5 
2 8 4 
2 4 16 
2 3 8 
4 32 10 16 34 
2 2 5 
3 3 4 35 
2 11 4 
4 36 50 13 14 
4 31 2 47 8 
2 4 30 
5 38 25 46 8 42 
2 5 16 
3 25 3 35 
2 27 34 
2 4 29 
2 15 4 
3 39 16 32 
2 38 8 
2 11 6 
2 21 8 
3 44 4 32 
2 16 20 
2 42 3 
3 11 46 3 
3 32 4 45 
2 14 30 
3 4 49 16 
3 5 48 12 
2 4 29 

16 4 7 41 12 8 32 49 20 26 45 39 3 36 16 6 17 
1 3 
15 21 4 11 2 13 1 9 15 35 27 48 40 5 14 50 
9 23 5 10 1 27 46 3 33 7 
11 28 6 24 40 3 34 8 29 16 47 4 
3 1 5 36 
6 12 4 14 1 18 39 
5 1 9 5 20 15 
9 30 11 21 3 8 42 13 10 22 
6 31 23 9 41 4 19 
3 17 9 3 
4 7 1 19 28 
6 9 37 44 42 46 3 
3 7 35 3 
6 45 25 8 3 18 30 
4 48 1 5 37 
4 32 11 43 1 
4 33 38 15 7 
4 38 12 10 24 
5 26 1 8 34 43 
5 22 31 3 9 50 
2 21 9 
3 25 4 10 
2 5 19 
2 15 23 
2 1 20 
2 3 4 
3 29 12 5 
2 28 5 
2 9 15 
3 21 10 44 
2 1 17 
3 18 49 4 
2 20 5 
2 3 14 
2 6 1 
2 16 13 
2 19 18 
2 7 1 
2 3 5 
2 1 10 
2 9 13 
2 20 17 
2 31 13 
2 15 1 
2 4 13 
1 5 
2 16 3 
2 33 1 
2 3 21 

10 38 4 6 42 3 41 33 31 13 19 
1 3 
27 17 22 34 23 1 26 25 38 2 14 5 43 9 24 10 6 11 39 15 8 16 4 7 28 30 18 48 
11 27 20 3 24 49 16 1 5 17 19 9 
11 12 29 7 3 35 4 14 47 30 22 27 
5 13 1 40 3 12 
9 3 41 5 11 46 10 32 8 15 
3 36 3 7 
5 23 3 4 39 21 
5 7 20 3 34 28 
2 3 7 
4 37 6 36 5 
5 6 21 1 26 47 
3 3 5 42 
3 7 49 3 
4 29 3 4 40 
3 3 18 4 
3 3 17 25 
2 4 1 
2 10 4 
2 13 9 
2 5 3 
5 3 33 9 50 31 
2 3 4 
2 3 18 
3 13 32 3 
2 4 5 
5 3 48 45 10 43 
2 16 5 
2 5 3 
3 23 37 1 
3 35 26 7 
3 1 23 44 
3 46 10 3 
2 32 5 
2 12 8 
2 31 12 
2 3 1 
4 3 9 44 45 
2 16 6 
2 1 7 
2 14 1 
3 28 47 3 
2 33 39 
2 28 39 
2 7 34 
3 43 13 5 
2 3 28 
2 15 4 
1 23 

17 50 37 48 8 4 36 29 5 7 3 25 9 14 28 15 49 20 
2 6 3 
5 1 35 4 2 34 
4 3 5 1 41 
7 1 21 13 6 30 4 7 
18 8 10 5 14 15 26 25 16 11 43 21 19 17 32 22 31 2 12 
10 5 40 44 1 19 23 18 24 38 9 
7 10 16 20 11 6 17 1 
3 1 12 7 
5 33 6 46 40 8 
3 24 8 6 
3 13 9 6 
2 12 5 
3 38 1 6 
9 22 44 1 42 45 26 37 6 46 
3 6 18 8 
4 6 45 28 8 
4 16 7 47 30 
4 7 43 6 23 
2 8 1 
3 50 6 5 
3 6 41 15 
3 19 36 7 
3 11 7 39 
4 1 33 27 6 
9 49 48 27 15 32 35 6 42 29 
2 25 26 
3 34 1 17 
3 1 26 31 
2 18 5 
2 6 29 
2 6 26 
3 47 10 25 
3 3 39 28 
2 26 3 
2 1 23 
2 15 1 
2 14 7 
2 34 24 
2 10 7 
3 4 22 50 
2 15 26 
2 6 19 
2 15 7 
2 15 17 
2 15 10 
2 33 18 
2 1 26 
2 26 1 
3 1 21 41 

12 31 28 38 6 3 47 16 27 17 4 19 11 
8 37 27 3 23 16 5 33 22 
25 13 25 4 8 22 7 6 40 10 24 14 12 18 32 35 15 48 2 41 1 19 36 42 5 21 
5 18 37 3 9 1 
3 3 2 9 
10 43 1 29 11 20 7 10 12 3 8 
9 44 25 43 24 32 6 34 3 17 
2 3 6 
2 5 4 
3 3 6 15 
2 6 1 
7 3 35 29 34 13 23 6 
6 12 42 3 20 14 45 
2 3 13 
4 3 40 50 10 
2 2 1 
3 33 7 1 
4 21 4 3 28 
4 26 48 1 3 
2 6 13 
2 18 3 
3 3 2 38 
3 2 12 31 
4 36 26 7 3 
2 3 7 
2 24 19 
5 47 39 30 2 1 
2 18 1 
5 46 30 41 6 12 
2 27 29 
3 46 1 23 
3 3 44 7 
2 2 17 
2 12 7 
2 3 12 
3 3 24 39 
3 4 2 49 
2 22 1 
2 27 36 
2 15 3 
2 3 29 
2 3 13 
2 6 7 
2 32 7 
1 13 
2 31 29 
2 27 1 
2 3 19 
1 37 
1 15 

1 3 
7 4 14 5 3 15 6 10 
13 30 37 7 49 12 1 21 4 11 38 2 25 5 
16 17 16 2 22 19 43 18 3 10 26 29 8 15 50 38 9 
13 8 6 11 13 35 12 44 3 32 9 29 7 2 
2 2 5 
7 25 20 30 3 24 36 5 
6 5 20 26 4 14 23 
9 48 21 50 37 16 34 5 35 4 
3 4 40 2 
4 3 49 13 5 
4 42 3 5 31 
4 27 45 5 11 
2 8 2 
3 46 4 2 
9 32 17 36 33 9 4 23 18 28 
5 19 4 28 16 27 
4 4 44 24 16 
3 17 4 22 
2 8 7 
4 3 9 40 39 
4 19 4 47 31 
3 43 8 16 
3 18 7 34 
5 7 3 47 33 42 
2 4 8 
2 13 17 
2 16 17 
2 4 5 
2 3 7 
2 12 22 
2 16 5 
2 16 25 
6 46 9 45 24 41 39 
2 9 5 
3 41 7 16 
2 3 9 
2 4 3 
3 34 45 21 
2 21 10 
2 34 36 
2 12 25 
2 4 23 
2 5 18 
3 34 13 39 
2 15 34 
3 25 22 49 
1 9 
4 50 47 11 3 
3 4 9 49 

1 3 
2 4 3 
16 5 12 17 33 35 1 4 9 13 2 10 11 7 6 25 14 
15 3 15 35 18 20 2 5 30 50 27 7 13 40 12 28 
14 4 45 43 24 19 18 44 6 32 49 8 3 38 14 
9 9 25 8 20 5 40 49 3 36 
7 30 3 21 26 4 39 43 
12 36 22 5 29 39 10 46 16 42 11 23 6 
4 17 3 6 37 
3 8 21 3 
2 3 8 
2 4 3 
3 15 3 4 
6 5 3 45 27 29 19 
8 16 23 22 31 41 26 13 4 
3 8 31 15 
3 9 3 24 
3 5 4 34 
2 5 14 
6 47 46 4 32 33 6 
2 10 7 
2 15 8 
3 41 15 8 
2 17 5 
3 28 6 3 
2 7 15 
3 14 48 4 
2 4 25 
2 14 8 
2 4 7 
3 16 15 42 
4 20 47 5 34 
4 38 20 3 37 
2 18 32 
3 3 4 44 
2 6 8 
2 9 33 
2 5 33 
2 7 8 
2 4 6 
2 15 23 
2 8 31 
2 5 7 
3 48 5 35 
2 14 5 
2 8 20 
2 20 32 
2 27 44 
2 5 6 
1 4 

4 29 3 4 31 
1 3 
15 6 23 2 42 16 18 1 5 8 20 4 10 50 22 9 
12 35 17 7 5 3 21 34 1 22 18 41 19 
4 36 3 6 4 
22 21 38 32 11 17 28 26 10 33 5 29 40 3 24 12 20 7 14 25 30 9 8 
4 12 4 35 6 
7 6 3 15 27 41 13 11 
2 6 3 
7 14 6 34 49 3 50 44 
4 8 43 6 13 
2 6 7 
2 8 11 
5 6 15 10 16 24 
2 14 8 
5 14 23 19 32 3 
2 6 4 
3 4 3 36 
3 27 4 16 
4 26 25 6 3 
4 44 4 28 6 
2 3 4 
3 3 16 42 
6 6 49 30 48 39 14 
2 20 6 
2 20 6 
3 37 8 19 
5 33 45 31 6 21 
2 6 1 
2 24 6 
3 28 37 1 
3 6 16 46 
5 6 38 28 47 39 
2 10 4 
3 45 4 7 
2 5 18 
3 48 27 31 
3 33 50 6 
2 24 33 
1 6 
2 4 8 
2 23 3 
1 11 
2 21 10 
2 28 35 
1 32 
1 33 
2 24 37 
2 10 24 
3 3 10 38 

15 25 30 33 6 10 3 4 8 5 39 12 49 13 17 18 
9 43 15 44 27 19 5 3 4 21 
6 2 1 40 35 9 11 
8 1 16 39 18 2 48 7 20 
15 1 34 44 2 24 26 6 21 11 16 8 36 29 17 32 
6 5 23 7 19 12 1 
6 13 4 6 9 14 10 
2 1 5 
2 3 7 
7 14 1 49 7 31 23 42 
4 28 3 5 37 
5 6 1 45 28 22 
5 7 22 50 41 1 
8 15 48 47 29 42 45 10 7 
8 30 14 24 2 35 47 26 38 
3 41 4 5 
5 38 5 37 31 1 
2 4 1 
3 2 6 20 
2 19 4 
3 43 5 2 
3 25 12 13 
2 6 10 
2 5 15 
2 22 1 
4 15 32 27 5 
2 2 26 
3 46 12 11 
3 5 33 14 
3 36 1 15 
2 17 10 
3 26 34 5 
2 1 29 
2 32 5 
2 3 15 
2 30 5 
3 11 46 17 
6 15 48 40 43 47 17 
2 4 1 
2 38 3 
2 13 16 
2 10 14 
3 2 38 21 
2 5 2 
2 12 14 
2 37 28 
3 38 14 15 
3 14 38 4 
2 10 1 
1 13 

7 3 5 11 14 9 6 19 
9 4 45 31 13 19 26 38 3 23 
12 10 44 17 4 24 1 11 16 2 27 8 7 
14 8 44 6 49 24 3 21 15 33 2 28 18 41 5 
3 4 1 16 
13 9 35 12 26 10 32 1 33 4 7 25 39 15 
4 23 3 31 6 
4 4 32 3 29 
5 13 6 1 14 17 
6 25 43 3 30 6 21 
3 3 1 12 
3 6 11 36 
3 20 9 2 
3 9 34 1 
5 46 4 38 6 18 
5 3 22 20 5 48 
3 50 3 9 
4 4 47 15 39 
2 2 1 
6 16 13 37 29 28 34 
3 4 10 22 
3 45 21 16 
4 2 30 7 40 
3 49 4 3 
4 6 27 36 10 
3 2 35 6 
5 50 25 47 3 42 
2 4 20 
2 8 20 
4 42 23 10 41 
2 2 7 
2 8 6 
4 37 6 4 40 
2 14 20 
3 6 40 26 
3 12 50 25 
2 20 33 
2 15 2 
2 18 6 
4 33 46 35 23 
2 4 30 
2 30 27 
1 10 
2 3 4 
2 22 2 
2 15 40 
2 18 27 
1 16 
2 4 24 
3 36 27 17 

13 8 50 46 24 13 30 49 22 3 5 4 6 33 
5 17 20 3 26 32 
16 4 1 5 10 26 42 2 15 6 32 45 24 17 21 25 31 
22 15 47 3 16 34 29 44 11 12 8 10 33 1 41 39 45 28 22 7 38 18 20 
3 3 1 7 
3 3 25 1 
4 9 4 5 34 
11 48 13 1 9 39 4 14 23 11 43 12 
4 18 8 28 7 
3 3 4 16 
3 8 4 38 
3 8 31 4 
6 23 14 37 1 19 8 
3 8 29 13 
4 19 4 3 36 
3 30 4 10 
3 21 3 2 
3 9 4 27 
2 15 13 
2 2 4 
2 3 17 
4 27 1 47 4 
3 8 13 37 
3 1 40 3 
2 6 3 
5 50 3 41 2 43 
2 22 18 
5 4 46 9 35 36 
3 4 14 49 
2 1 16 
2 3 12 
2 3 2 
2 4 1 
2 4 7 
3 28 48 43 
2 28 15 
2 13 23 
2 11 4 
2 8 4 
1 24 
2 4 26 
1 3 
4 46 35 8 26 
1 4 
2 4 3 
3 28 43 1 
2 4 22 
2 35 8 
2 1 29 
2 1 26 

3 4 3 10 
11 9 35 12 37 41 7 45 5 3 40 13 
16 2 5 15 16 36 34 9 1 30 18 13 6 20 4 39 8 
4 1 38 3 12 
10 21 36 7 16 3 8 2 6 19 47 
10 5 44 26 3 41 27 18 11 35 38 
6 11 5 10 2 15 49 
4 3 5 27 33 
2 3 2 
8 20 37 1 7 25 14 48 46 
6 23 14 30 6 7 44 
9 4 24 45 43 2 17 32 28 34 
2 3 2 
2 11 10 
3 3 7 19 
4 5 21 17 3 
3 22 12 16 
3 6 3 26 
4 46 15 22 5 
6 29 10 3 47 31 25 
5 24 16 28 5 31 
3 19 23 17 
4 11 22 33 50 
3 50 12 21 
2 20 10 
4 43 18 6 49 
3 32 8 6 
4 12 40 29 21 
3 39 20 28 
3 11 42 3 
2 20 21 
2 12 27 
3 42 8 23 
4 3 35 12 40 
3 34 2 6 
2 3 5 
2 2 10 
3 48 6 4 
3 3 29 44 
3 34 28 2 
2 6 2 
2 33 30 
2 12 26 
3 39 11 6 
2 12 2 
2 10 19 
2 5 20 
2 38 10 
2 26 7 
2 24 23 

5 20 6 4 12 3 
4 8 3 9 12 
18 8 7 6 15 4 28 14 22 5 24 26 1 2 29 16 49 37 34 
3 3 5 1 
8 48 32 20 25 3 9 4 35 
8 1 36 11 10 3 32 7 19 
7 29 3 18 13 6 46 49 
9 27 41 2 3 11 47 38 21 42 
11 41 25 2 16 44 10 30 13 17 33 5 
4 43 6 31 9 
3 14 8 6 
3 1 2 15 
3 9 17 7 
2 3 11 
2 12 3 
7 9 27 40 23 18 3 19 
3 9 13 34 
6 38 16 31 50 22 7 
4 6 24 16 23 
4 36 1 5 21 
3 26 8 20 
2 18 3 
3 16 37 19 
3 39 3 19 
5 9 5 33 30 28 
3 3 21 39 
2 16 8 
3 3 35 25 
2 7 3 
2 25 9 
2 10 18 
2 5 6 
2 25 9 
2 17 3 
3 42 5 28 
2 20 6 
2 23 3 
2 8 18 
2 26 24 
1 16 
2 9 8 
3 48 8 35 
1 10 
1 9 
0 
1 7 
1 8 
2 42 5 
2 7 3 
1 18 

12 7 15 25 16 40 12 3 8 5 29 34 45 
17 10 6 14 23 5 50 35 3 34 13 42 11 4 37 33 20 32 
10 28 42 23 2 13 14 4 8 1 9 
12 40 9 10 30 3 2 35 38 48 20 6 49 
5 36 41 17 2 1 
12 12 4 7 24 25 2 19 17 47 36 27 26 
3 1 43 6 
6 11 46 1 30 3 31 
3 4 3 41 
3 4 46 2 
6 39 37 8 18 21 2 
3 6 28 1 
5 15 3 18 44 2 
6 31 16 2 3 21 22 
3 1 13 19 
3 39 1 14 
3 45 6 5 
2 13 11 
2 6 15 
3 22 4 2 
3 27 11 14 
2 20 14 
4 2 24 26 3 
4 23 6 33 32 
2 1 6 
5 29 38 23 6 44 
3 49 21 6 
2 12 3 
3 1 50 26 
2 4 8 
3 8 14 43 
2 24 2 
2 24 2 
3 2 1 44 
3 4 2 50 
2 5 6 
2 11 2 
4 47 42 4 26 
3 16 40 11 
4 1 4 39 45 
2 9 5 
3 3 2 38 
2 31 7 
4 34 13 45 26 
5 40 46 17 1 44 
3 8 45 10 
3 38 48 6 
2 47 4 
2 27 4 
3 35 2 29 

7 3 6 4 5 39 8 14 
3 3 5 10 
20 9 4 2 11 16 24 30 36 29 1 7 6 31 23 22 13 42 21 49 34 
2 3 1 
10 7 28 1 12 16 8 19 13 2 25 
4 42 9 3 1 
7 3 28 5 11 26 27 37 
9 15 24 44 20 22 1 5 10 25 
5 21 41 12 6 3 
4 8 40 45 2 
5 38 18 14 7 3 
6 5 9 35 19 48 17 
7 50 32 15 17 3 5 33 
5 1 11 26 20 46 
3 18 13 8 
3 3 5 49 
2 13 12 
3 11 38 15 
3 23 12 5 
2 8 14 
2 9 3 
5 3 27 8 30 47 
4 35 31 19 3 
2 8 3 
2 5 8 
5 37 34 7 14 29 
5 33 22 39 47 7 
3 43 5 7 
2 26 3 
2 3 22 
3 3 23 48 
1 13 
2 13 27 
2 3 26 
2 23 12 
1 3 
2 7 26 
3 18 11 47 
2 27 1 
1 10 
1 9 
3 3 43 6 
2 28 42 
1 8 
1 10 
1 14 
3 38 27 22 
2 31 12 
2 16 3 
1 13 

11 4 41 10 28 17 43 3 16 30 33 5 
5 20 8 18 35 3 
15 5 9 13 49 40 46 22 1 8 2 47 36 6 4 16 
6 1 38 3 11 7 10 
8 1 47 48 19 27 3 49 6 
10 7 21 19 28 25 40 14 5 3 45 
4 6 17 29 4 
9 3 18 11 23 9 15 32 22 2 
8 41 35 20 24 23 8 29 3 
12 13 14 15 34 1 24 39 21 12 36 4 30 
3 12 4 8 
2 10 11 
3 50 3 10 
5 45 10 6 32 42 
2 10 8 
2 1 3 
3 43 1 7 
4 26 8 50 2 
3 5 6 26 
5 37 9 2 25 31 
3 10 27 6 
4 3 8 33 31 
2 8 9 
3 9 46 10 
2 6 20 
2 19 18 
3 5 44 21 
2 1 6 
3 9 32 7 
3 1 50 10 
5 36 20 22 48 46 
4 41 14 29 8 
2 22 1 
1 10 
2 2 9 
3 31 10 3 
2 43 20 
2 4 40 
2 10 45 
3 3 38 6 
4 9 32 1 44 
1 14 
3 37 17 1 
2 41 27 
3 6 14 39 
3 31 3 24 
2 3 5 
2 5 31 
2 5 3 
3 18 30 13 

7 20 3 11 7 4 5 44 
3 3 25 28 
17 16 12 2 14 49 1 10 4 29 15 42 8 40 26 11 32 36 
11 27 5 12 43 1 9 10 6 3 15 7 
5 6 1 37 8 4 
3 5 4 17 
4 14 1 39 4 
10 13 5 3 17 16 45 9 25 24 19 
4 23 27 8 4 
2 4 3 
6 21 3 46 31 1 22 
4 4 3 35 13 
11 35 22 8 12 39 42 30 20 28 18 48 
2 3 7 
5 4 21 24 23 3 
7 48 37 41 3 49 18 8 
6 19 8 36 26 6 41 
4 16 13 32 38 
4 29 38 8 17 
2 1 13 
6 34 31 15 11 40 30 
2 13 11 
2 15 9 
3 8 15 34 
2 2 8 
3 3 43 17 
2 4 9 
2 2 13 
5 38 37 19 34 3 
3 48 13 21 
2 11 21 
2 18 3 
0 
4 24 29 21 44 
2 12 13 
4 3 39 17 42 
3 5 16 29 
3 29 18 19 
3 36 13 7 
2 21 3 
2 16 17 
3 13 3 36 
2 4 26 
2 1 34 
1 8 
1 11 
0 
3 16 13 30 
2 3 16 
0 

6 31 4 17 3 8 25 
6 11 9 12 21 3 15 
11 14 2 23 40 37 4 5 21 22 1 16 
11 3 30 13 7 45 1 6 10 5 9 26 
4 6 43 3 4 
14 5 41 8 29 4 14 20 42 28 32 7 35 12 22 
6 6 10 18 4 13 35 
3 1 33 6 
2 2 4 
7 16 24 7 4 11 31 26 
2 2 10 
7 20 40 6 27 2 24 28 
8 50 4 19 15 29 7 25 47 
2 3 6 
2 13 2 
5 36 3 17 10 18 
8 48 19 39 16 46 1 42 36 
2 16 7 
6 48 41 27 17 13 34 
2 6 12 
2 2 3 
3 6 23 3 
3 3 22 38 
2 10 12 
4 1 13 47 50 
2 10 4 
2 12 19 
3 6 12 50 
2 13 6 
2 4 46 
4 33 10 1 44 
2 6 33 
3 32 31 8 
1 19 
2 7 6 
5 17 16 50 47 45 
1 3 
1 23 
1 17 
2 3 12 
2 6 19 
2 6 17 
1 5 
1 31 
3 36 47 4 
2 17 30 
4 25 45 13 36 
2 17 19 
0 
4 28 13 25 36 

9 13 24 39 12 10 4 11 43 3 
2 3 18 
12 4 48 6 1 5 8 2 9 11 24 7 18 
16 46 8 16 12 31 20 13 1 9 17 5 7 3 6 19 21 
3 29 4 3 
9 10 3 21 44 4 22 23 33 15 
12 26 48 16 40 32 14 41 49 4 3 15 45 
4 30 4 3 27 
5 3 46 4 45 25 
6 1 6 34 19 26 14 
3 1 38 3 
5 4 29 1 23 50 
3 1 20 4 
8 33 10 36 32 27 7 34 44 
4 6 17 35 7 
2 4 7 
5 15 4 47 22 38 
4 3 35 2 36 
3 4 10 28 
2 4 13 
6 28 37 4 30 6 42 
2 17 6 
2 6 12 
4 43 25 3 1 
2 9 24 
6 10 38 7 34 44 45 
5 8 32 14 49 30 
3 21 19 39 
2 5 12 
3 27 21 8 
1 4 
4 27 14 7 33 
4 6 43 14 32 
4 14 10 37 26 
3 44 15 18 
2 18 14 
2 21 34 
3 11 26 17 
3 46 28 1 
1 7 
2 49 7 
1 21 
3 24 1 33 
4 6 26 14 35 
3 7 26 9 
3 9 4 39 
1 17 
2 3 7 
3 41 27 7 
1 12 

13 26 6 23 42 4 7 10 8 16 48 11 3 5 
6 40 12 20 50 3 30 
16 10 35 2 33 42 8 5 19 11 6 4 7 9 1 23 14 
4 3 15 1 24 
4 1 3 31 9 
6 1 47 30 21 3 48 
4 14 3 26 1 
8 49 32 17 13 3 34 33 1 
4 27 12 5 3 
7 25 16 32 3 29 1 22 
9 15 13 41 1 28 17 44 22 3 
3 50 2 9 
4 20 8 28 11 
3 27 3 7 
5 11 18 4 40 39 
3 31 1 10 
8 29 38 8 21 19 11 18 39 
2 17 15 
2 17 3 
3 13 2 34 
3 6 24 17 
3 11 10 36 
3 3 25 1 
2 21 4 
6 23 37 10 47 41 40 
5 49 1 39 31 7 
2 14 9 
2 13 11 
2 10 17 
2 6 2 
3 5 16 26 
2 10 8 
2 8 3 
3 50 20 8 
1 3 
1 22 
1 25 
1 17 
4 26 42 17 15 
3 2 15 25 
2 25 11 
3 39 1 3 
0 
1 11 
0 
0 
2 25 6 
2 1 6 
2 8 26 
3 12 2 34 

9 33 8 39 3 4 15 9 34 23 
10 49 12 11 5 46 37 18 20 3 6 
14 13 5 7 14 45 1 36 32 17 22 24 2 4 18 
8 47 12 8 7 9 1 3 34 
10 39 10 11 25 6 38 14 3 16 2 
2 5 2 
7 23 35 15 22 3 27 4 
3 4 10 1 
6 20 24 1 4 32 50 
7 48 16 50 8 19 13 5 
3 33 5 2 
2 4 2 
5 3 43 42 37 10 
7 21 29 3 17 19 5 46 
4 1 31 7 28 
2 10 5 
3 14 3 21 
2 2 3 
4 14 26 42 10 
3 2 9 30 
4 14 40 17 26 
3 27 7 3 
2 7 1 
4 43 3 46 9 
1 5 
2 19 21 
3 7 22 38 
4 44 15 37 35 
1 14 
3 45 20 37 
3 36 47 15 
3 3 41 9 
2 11 1 
2 4 1 
3 45 28 7 
2 31 3 
4 13 30 28 2 
2 27 5 
2 5 1 
1 21 
1 32 
5 46 19 49 13 43 
3 24 13 42 
1 28 
3 3 30 35 
4 24 14 42 2 
2 4 31 
1 10 
2 2 42 
2 10 9 

9 5 50 16 8 9 3 49 12 44 
7 11 6 7 3 36 4 34 
8 15 38 5 2 1 6 4 9 
9 2 42 45 28 3 20 19 31 46 
6 13 3 22 10 1 14 
8 8 12 41 2 28 3 7 10 
5 6 47 17 18 2 
2 6 1 
5 32 31 3 22 1 
11 16 5 11 36 13 17 14 30 48 40 6 
3 2 38 10 
5 1 15 37 6 27 
3 21 5 10 
4 29 10 21 5 
4 3 29 12 25 
3 10 1 24 
11 18 26 34 10 27 45 19 39 20 23 7 
3 17 7 50 
4 4 23 49 17 
3 4 26 17 
3 13 30 14 
2 9 5 
6 31 19 29 28 17 25 
1 16 
3 23 36 15 
2 17 20 
4 12 17 49 30 
5 6 23 4 43 48 
3 23 14 15 
4 27 21 44 10 
4 23 4 9 35 
2 38 9 
0 
3 2 17 41 
2 41 31 
4 2 45 10 25 
1 12 
5 44 3 11 40 32 
1 17 
2 10 38 
3 35 6 34 
1 4 
1 28 
3 1 38 30 
4 47 36 17 4 
1 4 
2 7 45 
2 28 10 
3 19 1 27 
2 1 18 

7 3 5 45 29 6 39 23 
16 4 3 11 27 5 6 40 7 47 45 9 34 17 21 24 26 
11 31 10 20 36 32 2 4 18 1 14 8 
5 9 16 3 2 23 
15 8 35 7 18 33 13 40 10 39 37 1 19 28 2 16 
2 1 2 
3 5 2 44 
17 3 22 41 19 37 5 38 12 15 14 46 32 13 47 27 43 11 
3 4 50 2 
9 5 12 3 31 22 30 34 50 49 
4 20 30 2 8 
5 10 8 21 15 28 
4 48 8 5 26 
3 29 8 3 
3 8 17 12 
2 5 4 
2 2 15 
4 3 44 25 5 
4 8 36 5 24 
2 11 3 
2 2 12 
3 37 8 10 
6 1 24 33 25 35 4 
3 23 2 19 
2 23 18 
3 35 13 2 
2 2 8 
4 32 5 12 41 
2 1 14 
6 39 10 43 40 11 47 
2 10 3 
4 28 33 8 3 
4 5 32 23 44 
3 10 43 2 
3 5 26 23 
2 3 19 
4 8 48 22 5 
2 42 8 
3 1 5 30 
4 46 30 5 2 
2 8 28 
1 38 
3 34 30 8 
3 7 18 33 
2 1 2 
2 8 40 
3 30 2 8 
2 13 37 
1 10 
2 9 10 

7 6 27 40 11 15 3 5 
21 44 28 25 12 13 9 3 15 18 32 26 45 31 39 4 8 34 10 14 21 50 
15 42 7 17 9 22 5 14 44 37 2 4 16 11 1 19 
7 3 39 20 19 2 10 6 
5 49 1 3 8 48 
5 7 12 4 1 37 
5 30 25 23 3 6 
8 35 38 5 2 22 36 30 24 
6 2 16 3 21 17 31 
4 2 13 4 36 
2 1 3 
2 2 6 
4 2 34 10 33 
3 41 2 3 
4 35 1 43 2 
7 3 18 9 20 48 33 24 
2 9 3 
3 16 2 23 
3 29 3 4 
2 4 16 
4 35 38 9 2 
3 25 8 3 
2 18 7 
2 16 8 
3 22 7 2 
3 33 43 2 
1 1 
2 41 2 
1 19 
3 8 42 7 
2 9 2 
1 2 
3 26 13 16 
2 2 13 
5 8 42 49 15 21 
2 10 8 
2 6 3 
2 21 8 
3 2 4 48 
1 1 
2 28 14 
3 3 30 35 
3 46 15 26 
2 2 3 
1 2 
1 43 
0 
3 39 5 16 
2 35 5 
1 2 

3 37 3 31 
10 6 22 4 32 20 35 3 8 18 36 
16 22 5 4 18 8 25 7 1 2 23 31 26 10 28 41 9 
12 10 2 17 5 50 14 7 3 6 16 11 9 
6 13 3 23 27 40 4 
16 12 26 2 50 42 41 4 17 39 45 38 15 25 44 30 43 
2 3 4 
8 49 13 16 28 2 33 11 3 
8 4 21 14 30 42 3 47 15 
2 3 4 
6 45 8 12 19 4 29 
3 6 11 24 
3 24 5 8 
7 4 36 35 48 9 20 19 
3 27 6 9 
2 8 4 
6 29 6 43 32 21 4 
3 2 49 3 
2 11 14 
4 14 28 32 2 
4 26 9 17 38 
3 2 27 3 
2 3 5 
2 12 13 
2 3 6 
4 21 6 41 3 
4 29 15 22 5 
3 20 3 8 
4 17 50 11 27 
3 6 40 9 
2 1 3 
4 2 49 17 20 
2 47 8 
0 
2 2 14 
3 2 14 43 
1 1 
3 6 46 21 
1 6 
3 5 30 46 
5 42 26 3 6 45 
3 9 41 6 
3 17 36 6 
1 6 
3 6 41 11 
3 38 47 40 
3 33 46 9 
1 14 
3 8 32 18 
3 29 6 4 

5 24 11 30 7 3 
3 5 4 3 
19 28 11 22 30 8 4 42 38 9 29 6 45 1 23 26 2 50 15 5 
3 3 6 2 
12 39 12 3 2 24 13 25 10 47 7 44 29 
17 14 45 3 19 12 16 10 15 13 4 9 35 8 18 27 49 25 
2 1 5 
6 19 3 23 48 6 43 
2 6 3 
7 20 35 27 21 17 6 5 
2 1 3 
5 18 20 5 22 6 
5 14 5 26 33 6 
7 31 37 13 32 6 16 17 
3 3 6 36 
7 48 43 14 40 6 44 34 
4 38 46 10 14 
2 12 6 
2 6 8 
4 12 10 33 34 
1 10 
2 12 3 
4 39 40 8 3 
2 5 1 
2 6 5 
2 3 13 
2 6 10 
1 3 
4 5 34 3 37 
4 38 3 46 1 
1 14 
1 14 
5 46 47 13 20 44 
3 29 16 20 
3 10 48 6 
1 15 
2 29 14 
3 30 3 17 
2 5 23 
2 16 23 
0 
1 3 
2 8 16 
3 33 5 16 
2 3 6 
3 30 33 17 
2 33 5 
3 16 8 35 
1 6 
1 3 

4 4 3 29 44 
10 4 10 5 9 6 3 46 8 16 45 
12 10 18 8 34 2 30 23 31 14 1 49 9 
7 24 41 33 5 6 2 1 
8 7 12 40 14 2 27 22 4 
11 13 31 32 36 2 4 7 26 25 18 17 
9 42 50 26 48 5 29 11 6 21 
7 19 37 32 12 3 2 23 
4 3 2 15 11 
8 34 39 3 45 47 15 2 13 
2 9 7 
7 8 38 33 37 25 5 46 
8 49 21 41 10 6 44 35 22 
6 19 16 17 3 27 5 
2 9 10 
4 20 2 14 39 
2 6 14 
3 3 6 21 
2 8 14 
2 16 46 
3 13 18 7 
3 13 5 41 
2 3 8 
1 4 
2 6 12 
5 33 49 6 7 28 
2 14 5 
1 26 
2 1 7 
5 40 37 31 34 3 
6 30 32 41 6 3 36 
3 8 31 6 
3 4 12 26 
4 10 3 39 30 
1 13 
2 31 6 
3 12 8 30 
2 50 12 
3 34 10 16 
2 5 30 
6 4 31 22 42 13 47 
2 41 7 
0 
2 13 1 
2 10 2 
3 20 12 2 
2 10 41 
1 7 
3 26 13 3 
2 38 7 

4 41 16 3 7 
22 5 9 19 6 12 36 27 13 15 7 4 33 3 18 10 8 22 23 16 21 11 20 
16 2 8 35 5 21 46 13 12 49 31 4 45 33 14 38 1 
2 2 3 
13 14 39 11 43 9 2 45 20 17 24 37 6 3 
3 22 2 5 
3 1 2 32 
7 10 26 3 34 44 2 15 
4 32 5 41 2 
5 48 2 18 19 8 
3 17 5 2 
2 2 3 
3 3 2 42 
4 27 5 47 3 
7 8 47 28 30 38 2 34 
2 2 1 
5 28 24 20 5 11 
2 2 10 
3 28 2 10 
5 5 30 2 17 42 
2 3 2 
2 6 2 
2 47 2 
2 17 5 
0 
2 8 35 
2 14 2 
3 17 15 19 
0 
3 15 50 20 
1 3 
5 38 36 7 40 9 
2 2 3 
2 15 8 
3 3 43 26 
2 2 32 
1 5 
4 15 48 32 3 
1 5 
2 43 32 
2 9 1 
2 13 20 
3 35 40 5 
1 8 
2 3 5 
1 3 
3 14 15 23 
2 10 38 
1 3 
1 30 

7 44 16 8 11 3 5 4 
2 3 25 
19 50 24 33 36 4 6 8 40 42 7 2 17 1 28 10 25 16 21 23 
13 9 22 6 41 5 50 35 3 32 7 28 26 1 
7 14 9 4 34 29 45 1 
10 34 33 3 31 38 12 46 10 4 13 
6 17 32 4 3 31 13 
4 12 3 19 1 
5 11 43 4 18 5 
5 3 6 30 27 20 
6 15 9 18 24 1 14 
3 21 6 8 
5 36 6 7 29 15 
3 11 22 5 
2 13 11 
4 1 26 40 3 
2 3 7 
4 9 23 11 24 
1 8 
2 10 25 
5 3 25 50 44 12 
2 4 14 
4 30 29 3 18 
3 11 3 18 
4 2 20 3 21 
7 28 46 29 42 4 37 16 
1 10 
3 3 26 4 
4 23 13 26 5 
5 31 43 23 10 39 
4 36 6 30 7 
3 7 40 4 
4 6 48 3 35 
2 5 6 
3 33 49 4 
3 13 3 31 
1 26 
1 6 
1 30 
3 3 16 32 
1 4 
2 26 3 
3 50 30 9 
2 21 1 
1 5 
2 6 26 
0 
1 33 
1 35 
4 43 4 3 21 

4 3 39 18 31 
10 16 4 35 14 17 9 13 3 47 19 
14 4 5 22 1 33 11 8 25 10 29 6 7 2 28 
15 35 21 17 37 27 3 42 15 2 10 26 16 8 5 32 
14 28 18 4 7 13 12 15 23 34 20 6 11 3 14 
4 29 5 3 9 
4 5 50 43 3 
4 4 12 3 44 
3 24 6 2 
4 42 24 4 3 
3 5 3 36 
3 5 41 8 
3 50 5 2 
2 5 2 
2 4 5 
6 2 4 37 35 19 48 
2 4 2 
4 30 1 23 5 
4 20 37 16 2 
5 27 49 19 39 5 
2 38 4 
3 26 46 3 
2 18 5 
3 9 47 10 
1 3 
2 4 22 
2 20 4 
2 3 5 
4 44 43 3 6 
1 18 
1 1 
1 4 
1 3 
4 5 40 39 47 
4 2 16 4 42 
1 11 
3 19 16 4 
2 41 21 
3 34 1 20 
2 45 34 
2 12 38 
3 10 35 4 
3 48 7 29 
2 29 8 
1 40 
2 49 22 
3 24 34 2 
2 43 16 
2 20 46 
2 7 13 

10 49 3 43 16 25 22 7 5 12 17 
5 40 26 4 18 3 
12 40 39 8 1 10 4 6 7 19 50 2 44 
14 31 41 9 2 38 28 27 48 5 3 22 6 8 21 
5 4 1 42 36 13 
7 3 4 10 24 34 11 49 
7 1 9 23 13 45 3 25 
3 20 3 4 
9 11 30 17 20 16 15 7 12 4 
3 3 6 26 
5 19 15 6 14 9 
2 9 1 
2 7 5 
4 21 11 46 41 
4 36 23 11 9 
6 20 1 22 9 46 19 
2 1 9 
1 2 
7 40 49 44 11 16 3 27 
4 16 9 8 37 
4 4 31 30 14 
3 4 1 16 
7 32 15 38 48 34 7 45 
7 45 33 43 26 38 6 25 
5 40 7 24 30 1 
3 24 2 10 
2 19 4 
1 4 
0 
4 9 25 48 21 
2 4 21 
1 23 
2 39 24 
3 23 6 49 
0 
2 15 5 
1 20 
3 4 23 24 
2 33 3 
4 3 19 25 2 
2 14 4 
1 5 
2 1 24 
2 19 3 
3 23 24 7 
3 14 16 47 
1 46 
3 4 23 30 
4 34 19 1 6 
1 3 

3 35 3 6 
9 3 4 47 16 18 5 39 20 49 
18 5 6 37 1 7 35 8 12 36 21 16 42 4 27 2 11 32 25 
6 17 3 18 8 46 2 
7 10 7 13 2 19 11 3 
8 13 9 14 15 3 1 25 40 
11 9 15 14 24 22 3 10 29 21 5 40 
5 4 3 12 20 31 
3 7 6 19 
8 26 7 50 28 46 49 33 5 
2 3 5 
2 8 3 
3 5 6 14 
7 18 31 50 7 21 6 13 
2 6 7 
5 34 2 3 37 29 
3 28 4 48 
3 14 4 2 
2 9 5 
3 46 2 8 
3 14 3 7 
5 24 7 23 38 32 
2 22 30 
3 32 7 22 
5 36 42 27 3 6 
4 45 43 10 29 
2 25 3 
3 17 33 10 
5 7 39 35 26 16 
1 23 
5 47 33 35 8 14 
3 24 22 3 
5 37 28 47 31 10 
1 16 
5 31 1 41 29 3 
2 25 3 
4 3 16 44 33 
1 22 
3 29 2 46 
2 6 7 
1 35 
2 3 25 
1 26 
1 37 
1 26 
4 10 20 39 4 
3 2 33 31 
1 17 
2 2 10 
2 14 10 

20 31 20 36 35 13 50 8 22 30 21 18 7 3 27 4 17 49 15 32 5 
1 3 
17 6 8 7 2 26 1 19 22 5 14 12 32 4 20 33 9 37 
3 47 1 3 
10 46 10 44 6 45 1 3 17 21 13 
4 5 28 3 12 
15 44 24 26 33 1 16 41 11 39 3 23 38 19 35 25 
8 9 23 10 3 29 15 25 1 
2 3 8 
4 11 18 5 8 
2 7 10 
2 3 6 
3 1 22 5 
5 3 45 30 17 38 
4 48 8 34 1 
3 27 43 7 
5 34 23 5 1 14 
6 41 1 43 23 36 10 
2 3 7 
5 3 24 42 1 29 
2 1 5 
3 13 3 1 
6 31 18 17 7 8 26 
2 7 20 
4 8 50 28 7 
3 23 7 3 
5 38 1 33 16 41 
7 30 32 25 6 37 39 44 
3 20 48 8 
3 28 14 1 
2 1 23 
3 1 28 3 
3 3 27 7 
2 17 15 
2 7 1 
2 1 18 
3 47 3 28 
3 27 7 14 
2 28 7 
0 
3 18 27 7 
1 20 
4 18 44 45 16 
4 5 28 7 43 
3 5 14 43 
1 5 
2 4 37 
2 15 29 
1 1 
2 1 25 

7 10 4 8 6 14 3 21 
4 23 3 12 5 
17 4 15 30 38 2 50 49 11 48 32 7 22 14 5 9 1 24 
3 1 3 45 
8 47 37 6 2 3 33 46 20 
18 45 9 24 5 1 21 35 16 10 8 29 12 34 25 11 23 7 26 
3 3 42 6 
7 1 43 29 6 37 40 18 
4 3 6 49 36 
2 6 1 
2 6 3 
3 6 2 50 
1 14 
5 13 29 1 3 45 
3 43 3 16 
2 6 15 
0 
3 24 8 27 
4 31 48 49 40 
1 5 
5 1 28 34 38 6 
1 3 
3 34 2 6 
7 30 48 37 3 18 6 46 
1 6 
1 6 
2 36 18 
1 21 
3 8 6 14 
2 3 24 
2 19 40 
1 3 
1 5 
3 21 23 6 
1 6 
4 27 9 47 39 
3 8 5 24 
4 43 21 42 3 
3 41 36 42 
3 31 8 19 
1 39 
3 38 7 39 
3 15 38 8 
0 
3 14 6 4 
2 24 5 
2 36 5 
3 3 24 19 
3 19 3 9 
2 3 12 

7 26 6 3 20 37 41 5 
14 14 23 25 3 4 39 15 7 5 45 28 11 16 17 
13 2 44 4 10 36 8 37 40 24 1 31 30 13 
13 29 32 11 3 19 23 7 43 10 2 22 21 12 
7 1 30 46 15 2 42 6 
8 9 17 43 26 5 8 1 12 
7 13 47 2 4 9 38 21 
5 19 3 16 40 6 
2 6 7 
7 13 3 15 4 28 22 39 
11 18 28 4 2 19 31 25 44 27 43 30 
5 16 6 13 26 4 
7 20 7 10 17 38 3 12 
2 2 47 
4 41 10 5 2 
4 12 2 17 8 
5 13 34 16 6 2 
6 41 11 39 44 27 19 
4 8 11 4 18 
2 1 13 
3 4 42 7 
3 10 32 4 
5 48 2 35 46 4 
1 3 
4 33 31 11 2 
3 12 1 6 
3 18 11 36 
3 11 2 10 
1 4 
3 5 11 3 
3 25 3 11 
3 22 4 40 
1 25 
2 17 50 
1 23 
2 3 27 
2 1 3 
2 7 13 
3 18 2 10 
3 3 8 32 
3 18 1 15 
2 5 21 
3 6 11 4 
3 3 18 11 
1 2 
2 23 5 
2 14 7 
1 23 
0 
1 34 

8 13 4 18 23 6 3 16 27 
5 12 31 3 39 11 
20 48 6 44 22 7 34 5 14 8 28 25 2 1 4 30 18 37 13 38 12 
8 21 15 33 3 35 5 32 1 
15 23 42 7 29 36 50 39 3 20 48 4 19 44 22 15 
4 3 32 1 21 
6 9 8 3 11 5 17 
2 7 3 
3 7 27 28 
6 31 18 24 39 33 41 
3 7 42 2 
3 14 2 3 
3 1 3 20 
2 3 12 
2 4 5 
6 34 27 29 1 50 18 
5 7 22 25 34 44 
4 1 16 10 3 
1 5 
4 33 5 45 13 
2 6 4 
4 49 3 17 5 
2 5 1 
2 10 50 
3 32 3 17 
0 
5 9 1 16 35 47 
2 9 3 
2 16 5 
3 3 36 48 
2 2 10 
3 6 25 4 
4 20 4 10 35 
4 17 3 48 16 
3 33 27 4 
3 49 30 5 
3 38 46 3 
2 3 37 
3 2 5 10 
0 
1 10 
2 11 5 
0 
3 17 5 3 
1 20 
1 37 
1 27 
4 5 3 34 30 
2 36 22 
3 24 5 16 

1 3 
13 32 16 13 11 27 4 6 18 24 38 44 3 23 
18 2 8 1 39 10 21 45 46 9 14 26 11 7 6 4 5 40 16 
11 2 39 10 40 12 8 13 17 3 5 31 
8 18 4 9 43 50 3 25 15 
7 14 47 12 28 2 7 3 
2 6 3 
8 43 9 3 10 40 4 14 26 
10 37 5 3 26 43 8 17 10 25 19 
8 31 41 4 3 9 38 8 24 
2 2 3 
3 4 33 6 
6 45 4 49 20 16 2 
5 8 6 28 46 3 
4 5 50 27 30 
4 2 3 13 45 
3 9 29 4 
2 2 5 
3 9 47 24 
1 13 
3 47 42 3 
1 41 
2 2 35 
4 36 10 19 2 
2 5 9 
4 34 9 3 8 
3 2 46 15 
2 14 6 
3 49 40 17 
1 15 
2 4 10 
1 2 
1 12 
1 26 
1 23 
1 24 
1 9 
2 10 2 
2 3 4 
4 29 8 3 4 
2 10 22 
1 21 
3 8 5 9 
1 2 
3 3 16 13 
3 27 3 14 
3 21 6 19 
0 
2 29 13 
2 5 15 

20 44 19 48 45 13 6 16 47 38 37 27 3 11 41 17 49 33 9 4 32 
4 3 38 5 14 
28 2 21 40 22 20 34 36 29 47 28 13 9 26 6 39 12 17 8 1 5 16 48 4 30 7 31 23 10 
5 20 1 35 18 3 
5 3 2 26 12 15 
2 3 1 
3 3 20 22 
2 17 3 
3 3 1 15 
11 31 47 24 21 26 38 3 41 19 25 33 
4 1 29 19 50 
3 5 3 48 
2 3 1 
5 2 23 22 33 45 
2 9 5 
4 1 20 3 27 
5 8 34 1 3 48 
1 4 
8 30 37 11 1 34 29 32 10 
6 3 4 36 43 16 7 
3 10 30 3 
3 7 14 3 
6 46 3 41 36 14 37 
2 42 10 
2 10 35 
6 5 35 44 3 10 28 
2 16 1 
2 26 3 
3 11 19 3 
3 3 19 21 
2 3 10 
2 1 19 
3 10 14 1 
3 3 19 17 
3 26 4 25 
4 23 3 20 42 
3 19 23 1 
4 10 2 49 1 
1 3 
2 3 49 
3 1 10 23 
2 24 36 
1 20 
2 26 1 
2 1 14 
1 23 
3 1 10 3 
4 17 1 3 12 
3 1 38 40 
1 11 

10 20 33 6 15 5 43 9 17 3 39 
13 18 4 11 21 45 12 50 41 13 43 7 3 5 
15 25 26 8 19 16 22 4 2 1 30 31 35 17 15 14 
13 46 2 29 7 3 11 39 45 25 48 16 10 6 
2 1 2 
8 4 14 18 1 22 7 8 35 
3 2 4 6 
2 3 6 
11 34 31 11 30 29 1 15 25 41 10 27 
6 4 45 9 36 33 19 
5 9 2 24 49 4 
1 2 
3 2 37 40 
4 42 6 3 43 
4 9 24 3 1 
2 4 3 
3 1 25 3 
2 6 2 
2 3 10 
3 21 28 1 
2 2 20 
5 6 39 23 32 3 
1 22 
2 11 15 
5 17 9 3 4 42 
1 3 
2 44 9 
1 20 
2 9 4 
2 9 3 
2 9 3 
1 22 
2 10 1 
2 46 9 
3 3 6 50 
2 43 10 
1 13 
1 46 
4 4 22 50 1 
1 13 
2 9 2 
2 25 14 
4 1 2 36 14 
1 27 
3 2 4 10 
3 38 34 4 
0 
1 4 
1 11 
3 35 39 2 

6 3 42 29 13 6 31 
8 18 33 43 47 3 25 4 7 
21 28 26 23 32 19 4 31 21 14 2 5 1 22 13 30 6 49 37 20 17 48 
2 3 2 
2 3 47 
8 3 1 8 32 10 23 38 14 
4 20 2 34 41 
4 9 6 40 42 
5 47 24 26 13 8 
4 40 12 6 36 
1 27 
3 10 18 28 
3 3 1 9 
6 31 3 19 46 6 29 
1 49 
6 48 30 44 24 21 42 
4 3 38 32 22 
5 35 2 12 28 37 
2 3 14 
4 7 3 50 23 
3 16 34 3 
3 27 3 17 
3 20 3 6 
2 9 16 
1 2 
2 9 3 
3 22 33 11 
3 12 3 18 
2 14 1 
2 16 3 
3 1 14 3 
3 3 6 17 
2 27 2 
4 36 7 44 21 
2 37 18 
2 34 10 
3 18 35 3 
2 6 17 
0 
2 10 8 
2 49 7 
3 8 16 1 
1 2 
2 34 16 
0 
1 14 
3 9 2 5 
2 16 3 
3 41 15 3 
1 20 

6 10 13 16 3 11 17 
8 8 45 4 5 32 3 38 18 
2 1 2 
11 10 38 7 47 21 34 9 8 5 28 2 
3 9 4 2 
8 15 12 40 39 11 14 24 16 
14 27 18 20 24 10 8 41 50 25 17 45 19 4 46 
7 11 7 4 2 22 41 48 
4 15 4 12 5 
3 4 1 7 
4 6 26 8 1 
4 27 6 9 44 
1 1 
3 6 23 36 
3 9 16 6 
4 33 6 15 1 
2 7 1 
2 2 7 
3 7 49 32 
1 7 
1 4 
1 8 
2 14 37 
3 6 40 7 
2 30 7 
2 11 29 
2 7 12 
2 4 35 
1 26 
3 25 38 36 
0 
2 2 19 
4 35 16 39 34 
3 4 43 33 
2 28 33 
2 14 30 
1 23 
3 2 4 30 
5 46 33 50 6 42 
3 24 45 6 
2 8 7 
2 44 39 
1 34 
2 12 42 
3 7 2 40 
2 7 39 
1 4 
1 8 
1 19 
2 39 7 

10 9 11 18 7 10 8 5 4 32 3 
0 
11 4 9 29 19 34 21 6 46 1 20 8 
11 7 5 12 22 6 20 1 18 3 46 13 
15 35 4 47 40 10 9 25 12 42 30 7 1 15 27 37 
3 33 4 3 
4 1 4 23 5 
4 41 1 25 3 
9 3 15 1 14 31 17 5 50 49 
7 5 26 16 43 1 44 11 
3 1 24 10 
4 5 4 14 36 
2 4 31 
7 22 9 12 41 21 48 30 
2 9 5 
5 10 42 27 34 37 
5 33 35 38 9 23 
3 1 4 19 
4 3 24 39 18 
5 29 3 26 4 28 
3 14 43 3 
2 14 4 
2 7 17 
2 19 11 
3 5 32 8 
4 20 40 10 28 
2 5 16 
2 20 26 
3 48 20 3 
2 5 14 
2 9 13 
5 45 1 47 39 25 
4 36 44 17 6 
2 3 16 
2 17 5 
3 33 49 12 
2 16 5 
1 17 
2 19 32 
2 5 26 
2 8 14 
2 16 5 
2 21 10 
2 10 33 
1 32 
3 3 50 4 
2 5 32 
2 14 29 
2 9 36 
2 9 46 

0 
1 3 
11 16 19 2 6 35 5 4 11 8 31 22 
13 14 34 13 43 7 29 22 3 46 39 6 25 15 
11 17 10 15 26 36 21 12 20 9 30 3 
9 16 43 19 42 4 40 12 47 3 
8 45 31 4 17 40 48 41 49 
1 3 
1 5 
2 5 28 
4 23 24 36 3 
6 5 24 35 14 6 13 
2 4 12 
2 4 12 
5 25 4 28 5 18 
2 6 3 
8 33 21 37 26 5 27 7 29 
9 30 44 42 23 15 45 27 34 20 
3 6 32 3 
3 50 18 5 
4 17 49 44 5 
2 3 4 
2 11 18 
3 12 11 38 
3 15 37 4 
2 17 5 
2 18 17 
2 15 10 
2 4 17 
5 50 38 18 47 5 
4 7 48 33 3 
2 19 46 
2 31 17 
3 4 39 18 
2 12 3 
2 5 11 
3 41 25 17 
2 30 24 
2 4 34 
2 6 7 
2 7 37 
2 6 18 
2 6 4 
2 21 18 
2 7 18 
2 4 32 
2 30 6 
2 31 7 
2 7 21 
2 30 20 

2 39 3 
15 29 19 12 13 5 41 28 6 23 20 4 43 9 3 7 
16 36 4 32 41 5 8 7 42 24 14 2 10 1 47 22 6 
3 2 3 17 
9 2 20 35 14 34 3 25 11 15 
3 2 3 9 
8 10 3 2 25 44 13 45 8 
7 15 16 3 23 22 35 7 
6 26 6 18 50 11 2 
2 7 3 
3 9 12 5 
5 19 11 27 2 37 
3 18 2 7 
9 3 40 21 5 50 30 16 26 17 
3 8 33 5 
6 30 21 8 14 42 49 
3 4 14 28 
7 9 45 13 46 27 29 32 
2 2 12 
4 24 2 38 5 
2 14 16 
3 43 8 3 
2 8 2 
6 33 3 37 48 20 36 
4 5 38 7 39 
6 48 14 9 31 34 46 
4 44 31 18 12 
2 2 17 
2 2 18 
2 14 16 
3 27 47 26 
2 18 3 
2 15 24 
2 5 26 
3 49 5 8 
3 40 3 24 
2 24 12 
2 20 25 
2 25 1 
2 14 36 
2 3 2 
2 16 3 
2 22 2 
2 7 27 
2 7 18 
2 18 26 
2 31 3 
2 26 24 
2 16 35 
2 9 14 

3 3 10 4 
7 46 25 9 5 40 3 6 
7 1 35 24 20 5 2 4 
5 38 22 3 37 1 
12 7 48 26 8 2 24 29 43 49 50 6 3 
10 5 7 47 8 15 37 45 2 40 33 
9 22 16 13 9 30 17 5 12 6 
14 32 15 18 12 38 21 10 14 6 36 46 5 44 13 
5 42 17 2 7 11 
7 23 16 31 49 1 8 11 
3 10 9 48 
5 25 8 19 14 7 
3 8 7 42 
2 8 12 
4 39 20 6 8 
4 7 10 28 36 
9 34 18 27 31 35 7 26 9 21 
4 8 17 30 19 
4 18 29 39 12 
2 15 3 
3 28 8 17 
5 4 7 23 44 27 
2 22 10 
4 50 3 33 5 
3 2 47 12 
2 5 17 
2 22 17 
3 21 16 34 
3 5 19 41 
2 18 7 
4 10 17 32 43 
2 31 8 
3 41 6 24 
2 28 17 
2 3 17 
3 16 45 8 
2 4 6 
2 8 4 
2 19 15 
2 6 2 
2 33 29 
2 13 9 
2 5 31 
2 8 22 
2 36 6 
2 2 8 
2 6 25 
2 5 11 
2 10 5 
2 5 24 

12 5 12 37 24 7 3 14 21 4 13 26 8 
1 3 
19 10 4 1 34 31 37 41 5 9 6 46 7 22 12 16 29 2 50 18 
3 1 8 3 
15 15 30 36 17 32 18 48 35 1 3 13 23 6 33 19 
9 22 19 11 17 3 20 5 16 49 
4 15 3 9 1 
6 11 40 23 1 32 4 
7 31 7 21 10 3 47 25 
2 3 9 
2 8 6 
3 1 3 38 
5 28 14 1 24 5 
4 35 29 1 13 
5 7 26 5 27 20 
3 6 3 42 
5 6 30 25 39 5 
2 3 5 
4 27 5 33 6 
2 15 6 
4 9 1 45 28 
4 43 6 3 36 
3 45 5 8 
2 13 1 
2 17 9 
4 34 44 15 1 
4 39 19 50 15 
2 21 13 
2 3 14 
2 5 17 
3 41 3 9 
3 5 8 40 
6 43 38 48 19 5 44 
2 26 3 
2 5 14 
3 5 49 22 
2 1 3 
2 12 33 
3 17 27 46 
2 8 32 
3 42 31 3 
2 16 41 
2 22 33 
2 26 33 
2 21 23 
3 39 3 47 
2 46 9 
2 33 5 
2 6 36 
2 3 27 

10 17 47 10 5 8 3 4 6 33 36 
5 3 18 13 4 25 
8 9 19 5 2 27 15 1 30 
13 20 17 7 2 1 40 24 9 33 34 42 19 49 
12 7 10 8 1 29 6 32 27 47 21 28 3 
4 31 1 5 16 
7 5 11 35 14 31 36 4 
6 23 5 11 12 1 26 
9 3 4 13 28 22 16 18 14 25 
2 5 1 
6 12 34 30 7 20 8 
3 11 38 8 
3 2 44 9 
6 45 9 15 44 7 21 
4 14 3 24 50 
3 22 6 9 
3 39 1 4 
4 9 2 37 26 
2 3 4 
3 4 11 38 
3 14 5 32 
3 9 23 16 
3 22 45 8 
3 29 4 15 
2 9 2 
3 39 18 8 
3 3 5 41 
2 5 9 
2 24 5 
3 11 3 46 
2 7 6 
3 21 37 5 
3 4 1 35 
4 11 40 49 4 
2 33 7 
5 46 7 1 41 43 
2 18 32 
2 12 20 
2 26 17 
3 4 43 34 
3 36 27 42 
4 41 50 48 4 
2 36 40 
3 14 13 48 
2 23 14 
2 30 36 
2 1 5 
2 44 42 
2 34 4 
2 15 42 

5 15 7 3 36 4 
9 25 10 6 47 22 5 8 50 3 
8 1 4 25 35 8 17 2 10 
18 38 41 39 27 40 12 13 11 18 5 23 37 7 1 34 43 6 3 
7 34 50 4 15 2 19 39 
3 2 31 4 
12 17 46 20 47 40 4 14 28 11 30 1 9 
8 3 30 20 2 49 45 9 23 
8 13 8 46 26 16 7 43 38 
4 42 2 21 3 
6 4 28 14 7 12 19 
3 4 24 11 
3 9 4 21 
3 11 7 16 
3 5 26 1 
6 49 14 44 22 9 18 
5 24 7 48 33 3 
3 4 29 16 
2 11 5 
6 29 42 8 7 32 27 
3 10 13 31 
2 2 16 
3 8 32 4 
6 12 44 17 37 35 41 
4 2 3 36 33 
2 15 9 
2 20 4 
2 11 7 
2 20 18 
2 8 7 
2 6 21 
3 45 23 20 
2 17 25 
2 5 4 
2 3 24 
2 25 1 
2 4 24 
2 9 4 
2 5 4 
2 7 4 
2 24 4 
2 10 20 
3 4 48 9 
2 24 16 
2 32 8 
2 9 7 
2 7 2 
2 43 17 
2 16 8 
2 5 2 

4 40 3 7 5 
4 3 4 22 12 
15 16 42 14 1 44 27 2 6 7 29 18 32 4 26 8 
9 36 2 42 6 16 3 5 17 39 
8 20 8 35 1 10 43 46 4 
5 4 26 15 9 3 
5 18 3 14 1 17 
8 3 23 31 33 5 9 21 44 
9 23 6 13 12 11 24 40 10 8 
7 48 15 9 5 13 11 25 
2 10 9 
4 2 19 21 9 
2 9 10 
3 7 3 38 
9 39 34 45 20 33 30 27 10 6 
4 50 4 3 28 
6 7 41 19 47 4 22 
2 7 3 
2 17 12 
4 15 50 24 5 
3 8 12 25 
6 32 17 28 37 38 2 
3 29 9 8 
2 9 20 
5 35 21 30 31 10 
3 36 6 3 
2 15 3 
3 22 37 16 
3 3 23 43 
2 25 15 
3 8 25 47 
3 41 3 22 
4 8 34 45 15 
2 33 15 
2 5 25 
2 26 4 
2 22 28 
2 14 22 
2 15 4 
3 49 9 1 
2 17 32 
2 3 4 
3 29 49 5 
3 8 48 3 
3 33 15 46 
2 5 45 
2 31 17 
2 44 10 
2 43 40 
2 20 16 

2 11 3 
7 28 4 3 9 32 10 5 
13 47 20 6 13 7 9 8 5 38 12 4 2 1 
3 18 2 3 
9 16 2 3 31 8 27 7 6 10 
9 44 26 35 20 29 3 5 16 21 
9 5 12 11 26 28 34 3 22 36 
5 3 24 50 5 30 
5 17 19 15 2 3 
6 35 44 23 2 5 14 
10 29 1 33 17 48 43 34 25 27 7 
5 13 46 7 43 3 
5 14 21 3 37 12 
9 15 30 36 32 41 13 10 22 18 
2 14 9 
4 19 41 6 5 
3 9 11 42 
3 39 4 14 
2 16 9 
6 24 42 3 6 40 47 
6 13 23 39 6 49 25 
2 7 14 
2 10 21 
5 37 20 46 33 8 
5 11 49 21 38 45 
3 7 6 40 
2 11 5 
2 2 7 
2 6 11 
3 14 8 31 
2 30 5 
2 14 2 
2 11 24 
2 7 11 
2 6 10 
2 14 7 
2 13 24 
2 25 3 
2 18 21 
3 20 48 26 
2 14 16 
3 20 17 45 
2 11 12 
2 10 6 
2 42 25 
2 12 24 
2 3 20 
2 11 40 
2 21 25 
1 8 

11 13 7 16 23 4 40 3 41 11 43 49 
5 26 16 4 27 3 
16 17 45 20 11 2 12 7 18 15 42 1 8 37 41 5 6 
20 47 12 1 10 21 36 42 26 19 13 24 2 28 14 20 18 49 5 6 35 
12 4 15 24 10 33 3 9 14 32 23 22 34 
5 44 3 4 8 35 
6 3 19 50 9 1 38 
2 3 6 
4 17 21 5 7 
2 5 4 
4 37 3 32 1 
3 3 4 39 
3 31 4 1 
5 38 5 31 48 4 
3 25 5 3 
5 33 30 2 36 1 
3 3 29 9 
2 3 4 
3 4 40 7 
3 3 4 46 
3 4 9 22 
3 46 5 21 
2 1 5 
7 5 30 43 27 44 25 4 
2 15 24 
3 2 29 4 
3 2 28 24 
2 27 4 
3 17 26 47 
2 24 16 
4 34 39 13 14 
2 11 5 
2 5 16 
2 5 31 
2 6 4 
3 45 4 16 
3 11 3 48 
2 7 14 
2 31 12 
2 1 19 
2 1 3 
2 4 3 
2 24 1 
2 24 6 
2 36 3 
3 50 20 22 
2 4 29 
2 14 37 
2 4 1 
2 46 7 

1 3 
6 6 19 7 3 11 4 
16 50 6 5 25 48 24 9 7 4 10 26 1 2 18 44 37 
15 46 11 17 15 16 27 36 5 29 3 20 8 23 10 2 
6 8 3 36 16 4 31 
8 14 47 22 21 41 2 29 3 
2 3 2 
11 9 26 38 31 33 13 14 4 43 37 5 
7 12 45 39 8 42 3 21 
4 22 3 4 12 
10 39 20 19 24 35 4 32 2 34 15 
3 10 13 9 
3 33 8 12 
8 6 25 18 17 8 47 50 23 
5 42 4 11 30 45 
4 4 35 40 5 
2 14 4 
3 3 14 40 
2 11 2 
4 44 27 4 11 
2 6 9 
3 28 6 10 
2 4 14 
4 41 11 28 3 
3 30 14 3 
2 8 3 
2 4 20 
2 24 22 
2 6 4 
7 32 38 34 48 25 15 49 
2 5 8 
2 11 30 
2 8 13 
2 30 11 
3 11 16 46 
2 4 5 
2 3 8 
2 30 8 
2 9 11 
2 16 18 
3 49 6 24 
3 15 9 43 
2 8 42 
2 3 20 
2 15 9 
2 35 4 
2 14 6 
3 3 50 30 
2 41 30 
3 48 14 3 

22 4 26 40 13 25 6 14 5 20 3 11 37 7 27 9 43 39 8 10 19 18 15 
11 30 27 23 4 15 7 49 29 3 34 14 
3 1 2 9 
15 33 24 2 46 18 6 49 5 25 1 26 12 13 8 17 
2 4 1 
2 1 4 
4 30 37 1 2 
4 47 1 20 4 
6 1 3 31 23 22 10 
10 33 47 21 9 1 11 35 38 41 39 
5 32 42 12 1 10 
9 43 11 41 38 17 34 16 4 22 
4 16 1 4 44 
2 2 1 
2 1 2 
7 45 13 19 24 12 46 50 
4 21 12 4 28 
3 31 4 1 
3 1 16 48 
2 1 8 
2 17 10 
2 12 9 
4 29 9 2 28 
3 35 4 16 
3 45 4 1 
2 1 4 
2 1 2 
3 23 42 17 
4 2 23 32 36 
2 2 7 
2 18 9 
2 29 11 
4 4 10 48 36 
3 40 12 2 
3 44 24 10 
2 33 29 
2 7 1 
2 10 12 
2 10 1 
2 1 34 
2 10 12 
2 11 28 
2 12 1 
2 13 35 
2 25 16 
2 4 16 
2 8 10 
2 33 19 
2 4 2 
1 16 

16 29 21 43 14 10 15 6 13 38 3 22 7 31 30 35 5 
4 8 3 25 4 
22 23 44 1 24 48 6 14 8 16 32 5 4 9 7 40 30 39 42 19 15 2 36 
3 2 3 33 
7 50 32 27 37 12 3 1 
7 1 3 26 17 11 35 34 
4 1 20 3 23 
6 10 16 9 11 2 3 
4 24 8 22 3 
3 1 8 50 
5 8 6 12 13 34 
5 5 39 29 17 11 
3 1 11 18 
2 3 1 
2 1 3 
4 40 8 18 3 
3 12 6 21 
9 37 19 16 36 47 27 25 13 28 
4 18 20 3 26 
4 7 19 38 41 
2 17 1 
2 1 9 
3 7 3 42 
2 9 3 
3 18 2 33 
3 6 19 41 
5 46 45 5 18 28 
3 31 18 27 
2 1 12 
2 1 3 
2 28 1 
2 3 5 
2 25 4 
2 6 11 
4 44 1 6 47 
2 3 18 
3 48 5 18 
2 20 1 
3 49 3 12 
3 3 43 16 
2 26 20 
2 23 3 
2 1 40 
3 3 35 50 
1 27 
1 27 
2 35 18 
2 37 3 
1 39 
3 5 10 44 

8 8 38 26 20 21 3 15 5 
13 9 18 28 36 20 11 4 14 47 3 23 13 41 
15 19 4 27 28 7 35 37 2 6 40 1 9 32 22 10 
15 6 27 32 2 50 48 7 8 46 42 3 24 25 5 12 
2 1 4 
9 19 4 21 37 12 3 16 10 43 
4 17 3 4 22 
7 1 18 4 35 17 14 13 
5 46 33 16 2 3 
7 25 6 39 11 15 3 44 
2 2 10 
2 6 4 
3 31 2 8 
2 2 8 
5 10 38 30 42 1 
2 9 6 
3 41 8 7 
7 2 36 29 8 34 44 45 
4 3 23 40 6 
4 30 1 2 24 
3 6 1 31 
2 3 7 
2 2 19 
5 20 49 26 50 4 
4 49 10 4 43 
4 39 24 1 29 
3 33 4 3 
2 3 2 
2 18 26 
2 15 20 
2 13 21 
2 3 4 
4 27 34 9 45 
2 18 33 
2 3 8 
3 18 2 47 
2 6 3 
2 15 1 
3 26 48 10 
2 3 19 
2 2 17 
2 15 4 
3 45 25 6 
2 18 10 
5 18 33 46 43 49 
3 9 45 4 
2 2 36 
2 39 4 
3 45 25 24 
2 4 24 

4 3 5 7 12 
4 12 15 3 4 
13 40 24 39 6 26 1 5 23 4 16 2 7 37 
9 8 44 11 43 29 35 3 2 14 
12 24 46 36 6 37 18 1 13 3 48 45 22 
3 30 5 3 
16 14 1 22 9 34 18 31 29 10 17 3 8 49 21 15 23 
8 38 42 4 21 9 7 27 50 
9 7 8 20 36 10 13 17 43 19 
3 11 9 7 
3 39 4 10 
2 1 2 
3 5 16 9 
4 4 20 7 48 
5 30 46 7 2 19 
4 42 3 25 13 
3 34 9 7 
7 28 31 32 25 7 5 27 
5 15 9 33 41 28 
2 9 14 
7 41 40 32 45 7 33 8 
2 7 5 
2 7 3 
3 26 5 3 
2 18 16 
2 3 24 
2 18 8 
2 19 18 
2 7 4 
2 6 15 
2 18 7 
4 21 18 49 35 
3 21 19 47 
2 17 7 
4 32 47 4 38 
2 5 9 
2 3 5 
2 35 8 
2 11 3 
2 3 21 
2 19 21 
2 16 8 
2 9 4 
1 4 
2 5 21 
2 15 5 
2 33 35 
2 14 5 
2 32 7 
1 8 

2 3 7 
16 46 32 22 11 30 7 8 3 14 25 6 37 4 20 5 24 
10 29 17 9 12 2 18 47 5 4 1 
4 34 2 10 3 
11 40 19 31 8 3 27 21 15 2 43 6 
7 12 21 23 47 5 26 2 
18 20 2 23 46 13 19 50 28 18 17 45 1 10 11 41 9 25 44 
5 27 2 38 5 14 
3 39 7 3 
3 7 4 22 
8 13 15 7 36 16 41 24 2 
3 3 16 6 
3 48 7 11 
3 8 2 29 
4 11 33 5 35 
3 45 11 12 
4 3 7 28 44 
4 7 34 3 42 
2 5 7 
2 2 7 
4 49 32 6 5 
2 10 2 
2 6 7 
3 11 31 2 
3 7 2 26 
6 36 40 38 48 25 6 
2 8 5 
5 39 33 7 17 30 
3 14 43 3 
2 28 2 
3 5 49 24 
3 37 2 21 
2 15 28 
3 18 35 4 
2 15 34 
3 42 26 11 
2 32 2 
2 8 26 
2 9 28 
2 5 26 
2 11 7 
3 18 44 36 
2 5 29 
3 7 17 42 
2 7 16 
3 2 7 50 
2 3 6 
2 13 26 
2 31 21 
2 46 7 

12 32 9 6 33 7 31 45 34 3 14 40 35 
4 5 4 11 3 
16 19 5 2 35 24 38 1 8 47 4 50 14 10 12 15 18 
5 13 18 3 2 20 
10 8 7 27 3 12 13 23 6 43 2 
6 1 23 16 27 37 5 
11 1 37 15 28 42 47 11 5 50 29 9 
3 5 39 3 
13 10 7 22 17 1 49 26 46 36 16 20 28 30 
2 9 3 
3 2 7 24 
8 3 49 30 46 41 39 5 29 
2 5 4 
3 17 3 1 
5 26 3 19 7 21 
3 25 9 6 
4 14 9 25 31 
2 3 4 
4 34 36 15 3 
5 4 48 9 22 21 
2 15 20 
2 9 20 
2 5 6 
2 3 11 
2 17 16 
6 43 9 40 41 15 32 
2 6 5 
5 44 7 38 33 9 
2 12 7 
2 9 12 
2 17 1 
2 26 1 
2 1 28 
2 1 19 
2 1 3 
2 19 9 
2 7 6 
2 28 3 
2 12 8 
2 26 1 
2 12 26 
1 7 
2 5 26 
1 28 
1 1 
2 12 9 
2 7 3 
2 20 50 
2 9 12 
3 48 7 3 

2 14 3 
11 10 19 26 37 30 32 5 16 49 3 4 
16 2 42 31 7 6 15 1 28 40 33 9 5 43 4 8 10 
10 2 3 6 33 48 7 11 20 15 31 
7 46 2 8 13 47 3 12 
8 4 38 25 24 9 12 3 49 
2 3 4 
5 17 5 23 3 11 
12 38 6 18 39 3 22 45 21 34 16 50 46 
11 3 27 30 2 39 21 36 32 26 35 13 
8 27 20 8 19 4 28 50 22 
5 18 6 47 29 5 
4 44 5 14 10 
2 1 13 
5 4 17 29 3 25 
4 35 9 2 34 
2 8 15 
2 12 9 
2 2 11 
4 4 24 11 23 
2 9 10 
2 11 9 
2 8 20 
4 20 36 6 42 
2 6 15 
2 10 2 
2 11 10 
2 3 11 
2 12 15 
2 2 10 
2 4 3 
3 2 10 41 
2 4 3 
4 16 37 43 9 
4 41 16 40 10 
2 24 10 
2 34 2 
3 9 6 44 
4 48 10 42 9 
2 3 35 
2 35 32 
3 24 39 3 
3 3 45 34 
2 38 13 
2 9 43 
2 9 5 
2 12 5 
2 4 39 
2 2 6 
2 11 9 

2 3 34 
7 21 8 3 9 10 4 36 
18 22 2 7 18 38 21 4 6 46 12 43 31 1 33 5 27 11 14 
17 15 9 16 30 20 24 5 29 50 31 32 23 3 2 7 25 10 
11 26 47 32 6 4 13 24 12 3 40 8 
5 17 3 14 5 19 
7 49 3 36 13 4 16 20 
5 5 2 39 17 23 
4 2 15 11 4 
2 2 4 
2 3 9 
2 5 3 
4 5 7 49 19 
5 48 27 6 30 3 
2 9 4 
5 39 47 4 7 18 
2 8 6 
3 22 16 3 
2 6 13 
7 42 7 33 37 4 26 34 
4 2 38 3 48 
5 35 46 25 3 18 
4 41 8 4 44 
4 29 4 28 5 
4 45 22 4 28 
2 20 5 
2 14 3 
2 24 25 
3 4 41 24 
3 43 14 4 
4 37 45 4 3 
3 4 5 35 
3 50 20 3 
3 1 20 40 
2 22 32 
2 2 7 
2 31 20 
2 3 21 
3 16 8 45 
2 34 5 
3 23 44 29 
1 20 
2 3 30 
3 48 23 41 
3 25 31 39 
2 3 22 
2 5 16 
3 14 21 44 
2 7 13 
2 4 33 

7 10 17 3 5 4 6 39 
3 3 7 8 
11 50 42 31 1 43 2 13 4 27 29 7 
15 50 20 5 32 6 35 30 34 1 3 40 44 19 43 28 
10 34 35 24 1 25 4 40 11 21 46 
8 49 1 4 23 27 8 16 9 
7 2 3 49 9 37 12 33 
5 2 38 26 6 10 
7 25 11 13 15 7 17 6 
6 8 21 14 1 12 32 
4 9 5 20 22 
7 7 16 24 29 10 14 22 
2 3 9 
6 38 33 41 15 12 10 
3 14 9 36 
4 19 12 6 18 
3 9 18 1 
4 17 16 31 47 
2 16 4 
2 11 4 
6 48 5 30 44 45 10 
4 26 11 23 12 
5 45 41 48 6 22 
3 5 28 12 
2 5 9 
2 22 8 
3 3 6 39 
2 24 4 
3 12 3 36 
3 4 21 46 
2 3 18 
2 10 4 
2 14 7 
2 4 5 
2 4 5 
3 44 15 29 
1 7 
2 8 14 
2 1 27 
3 42 5 4 
2 23 14 
2 3 40 
2 4 3 
3 36 21 4 
2 23 21 
2 30 5 
1 18 
2 21 23 
2 6 7 
2 3 4 

10 3 8 26 30 27 11 47 9 33 5 
15 46 10 3 4 26 45 21 20 18 22 30 6 28 25 47 
6 1 2 49 16 27 4 
9 38 37 31 7 2 12 3 17 5 
22 31 14 19 40 9 12 41 39 1 8 24 46 20 16 17 13 15 4 10 29 6 7 
3 5 2 15 
5 5 4 32 22 28 
6 13 1 48 5 37 11 
2 1 5 
3 2 42 5 
2 1 8 
6 35 49 41 5 4 19 
8 25 21 29 18 14 23 8 5 
2 5 13 
4 24 48 5 6 
4 36 5 3 44 
3 23 4 5 
3 13 2 43 
2 5 12 
4 5 34 2 44 
2 13 2 
3 36 2 7 
3 39 17 13 
3 15 5 42 
4 50 13 33 2 
2 1 2 
2 3 1 
3 2 32 7 
2 5 13 
4 40 34 2 1 
2 4 5 
4 50 35 7 28 
2 1 25 
2 20 30 
2 32 12 
4 47 37 22 16 
3 4 8 36 
1 4 
2 23 5 
3 42 30 5 
2 12 5 
3 10 40 24 
1 18 
2 16 20 
1 2 
2 2 5 
3 36 2 1 
2 15 8 
2 12 3 
2 25 32 

14 21 10 8 36 40 3 46 27 5 16 37 4 14 7 
6 11 28 3 13 4 35 
9 2 1 5 50 17 8 6 27 26 
9 9 36 7 22 2 38 6 46 1 
6 13 25 3 48 1 15 
3 12 3 4 
13 20 34 39 11 42 47 30 49 41 1 12 4 15 
8 45 33 1 3 43 44 10 9 
6 18 44 14 43 4 8 
3 26 1 8 
3 31 7 2 
7 25 19 45 7 6 49 23 
3 5 24 2 
8 19 17 20 23 28 9 1 29 
6 38 5 29 16 21 7 
2 1 15 
5 24 14 3 18 50 
3 22 9 17 
3 14 12 30 
3 14 48 7 
2 15 1 
3 4 34 18 
3 32 14 12 
2 13 17 
2 5 12 
2 10 3 
5 3 35 32 1 31 
2 14 2 
2 14 15 
3 33 19 7 
3 27 11 41 
2 27 23 
2 30 8 
2 22 7 
4 27 38 2 43 
2 4 1 
1 1 
3 4 15 35 
1 7 
2 1 45 
2 7 31 
1 7 
3 35 8 9 
2 8 9 
3 8 40 12 
2 4 1 
1 7 
2 5 20 
2 12 7 
2 3 17 

7 3 25 13 45 31 18 4 
4 11 17 3 35 
20 13 39 33 2 6 27 16 17 1 12 9 14 10 8 26 30 7 22 4 5 
7 5 35 34 37 12 1 3 
10 4 41 21 47 3 6 8 48 7 25 
3 22 5 3 
9 34 29 49 5 10 27 3 32 24 
11 28 20 11 9 18 29 36 14 3 5 16 
4 23 8 3 20 
3 7 19 3 
7 42 38 15 2 40 31 8 
3 4 47 3 
8 50 15 30 39 42 3 1 26 
3 3 23 8 
3 19 13 11 
3 38 8 3 
4 21 50 3 2 
3 8 28 1 
2 15 10 
3 9 8 24 
2 5 17 
2 6 3 
3 40 9 14 
3 33 20 7 
2 1 5 
2 3 13 
2 7 3 
2 18 8 
3 8 7 32 
2 3 13 
2 1 11 
2 7 29 
2 24 3 
2 7 4 
3 39 4 2 
3 8 37 42 
3 4 40 36 
2 11 16 
3 13 3 35 
3 11 37 23 
1 5 
3 13 36 11 
0 
0 
1 1 
1 47 
3 5 12 46 
1 5 
1 7 
2 13 17 

6 4 12 34 21 3 17 
9 44 46 17 13 3 45 28 5 7 
12 22 1 38 9 4 8 2 13 6 19 5 24 
13 7 1 47 45 3 9 10 14 6 42 15 11 27 
11 41 23 29 2 10 8 21 11 3 31 14 
2 4 3 
2 4 2 
11 15 35 28 27 37 36 18 5 3 30 40 
5 25 3 4 30 16 
7 22 12 5 4 18 36 24 
4 25 5 50 4 
5 16 1 33 35 10 
8 2 3 50 39 33 19 26 38 
5 26 32 20 5 4 
4 8 39 4 31 
2 9 12 
2 2 1 
2 8 10 
4 48 3 20 13 
3 37 14 19 
5 44 34 5 43 1 
3 23 10 3 
2 5 22 
3 29 10 3 
2 9 11 
2 14 13 
2 8 4 
3 8 2 47 
2 5 24 
2 9 8 
3 15 36 5 
1 14 
3 13 44 12 
2 21 1 
4 8 37 44 12 
3 31 10 8 
4 8 35 41 20 
3 13 43 3 
2 15 13 
1 8 
4 45 5 46 37 
3 49 4 43 
3 21 42 38 
5 48 35 2 33 21 
4 2 41 4 46 
3 2 41 45 
2 28 4 
2 19 44 
1 42 
2 11 13 

3 6 3 15 
22 40 20 17 3 42 13 24 28 22 34 7 44 29 12 19 31 26 14 5 49 4 37 
12 45 50 24 12 4 27 9 37 29 2 1 21 
17 14 10 26 3 9 2 46 13 32 41 28 17 6 5 11 7 25 
5 2 48 4 19 36 
8 11 4 18 15 1 23 16 8 
3 8 4 2 
3 7 6 30 
10 20 27 33 16 48 10 21 3 39 4 
3 9 34 4 
5 35 38 6 4 43 
3 2 47 3 
3 4 2 36 
3 41 4 2 
3 6 1 18 
2 9 6 
3 4 2 43 
4 6 23 44 15 
2 2 5 
4 25 9 22 2 
2 9 3 
3 30 20 2 
2 6 18 
2 3 2 
2 4 20 
4 2 31 38 4 
2 9 3 
2 2 4 
2 2 3 
5 46 32 8 49 22 
2 26 2 
3 4 41 30 
2 9 40 
2 10 2 
2 11 48 
2 13 5 
2 2 3 
2 26 11 
1 9 
3 42 2 33 
4 14 43 32 4 
2 2 40 
4 17 41 49 11 
2 2 18 
1 3 
2 4 30 
1 12 
3 9 5 35 
3 43 30 2 
1 3 

3 30 18 3 
10 43 27 23 44 3 6 7 42 46 4 
21 29 14 26 6 40 9 1 35 8 16 32 2 11 22 5 42 7 4 50 20 13 
8 25 5 2 17 3 41 15 31 
4 12 8 4 3 
6 31 3 11 12 10 2 
9 9 19 49 13 10 2 33 30 3 
8 28 14 47 5 3 16 17 19 
3 7 29 3 
5 18 6 15 27 7 
7 6 24 50 3 48 35 39 
2 5 6 
2 7 3 
4 21 38 3 8 
3 10 4 41 
6 20 34 32 21 3 8 
6 4 26 23 36 25 8 
2 10 1 
3 40 8 7 
3 16 47 3 
5 37 36 14 22 16 
4 37 21 3 24 
3 39 2 17 
2 22 11 
4 4 28 17 33 
2 3 17 
5 45 49 10 48 2 
2 8 25 
2 3 9 
4 33 39 7 1 
3 6 4 32 
3 3 31 16 
3 25 7 30 
2 16 35 
5 49 3 47 11 34 
3 21 40 17 
2 21 22 
1 14 
5 45 30 46 23 11 
3 19 3 36 
3 4 15 42 
3 2 41 3 
1 2 
2 50 2 
2 27 39 
2 39 2 
3 20 35 8 
2 27 11 
3 35 7 27 
3 3 11 44 

1 3 
4 11 4 6 3 
11 12 33 5 31 2 40 34 1 47 9 4 
16 16 3 15 18 10 14 7 6 44 17 20 50 37 2 8 5 
16 37 7 40 4 29 3 9 8 21 20 36 25 22 32 13 30 
9 29 2 47 16 13 4 46 21 15 
5 19 22 17 5 4 
4 10 4 5 19 
4 3 41 31 5 
3 11 4 8 
3 10 12 2 
4 3 11 38 28 
8 43 41 14 25 6 5 24 33 
4 4 13 36 24 
10 18 27 38 43 35 32 4 6 30 23 
3 27 6 4 
2 4 7 
3 15 42 4 
2 7 8 
4 5 4 46 39 
3 5 26 6 
5 26 7 45 5 23 
2 22 15 
2 14 13 
3 28 5 13 
2 22 21 
2 16 15 
5 25 38 34 45 12 
4 5 46 44 6 
2 5 15 
2 3 9 
2 5 15 
2 3 13 
2 3 28 
1 15 
2 14 5 
2 5 4 
4 12 15 43 28 
1 20 
2 5 3 
2 9 13 
1 18 
3 38 13 15 
2 4 29 
2 28 22 
3 29 6 20 
2 3 6 
0 
0 
1 4 

1 3 
13 10 8 5 25 27 9 7 3 6 4 14 17 34 
7 1 37 11 5 2 4 24 
19 24 49 12 29 13 48 14 3 23 26 7 2 10 31 21 47 9 18 17 
8 2 12 28 22 21 3 38 6 
12 8 11 39 5 26 30 50 46 32 42 15 2 
4 2 33 38 4 
3 6 2 19 
2 4 2 
9 35 15 43 25 13 16 39 2 4 
5 44 6 23 29 3 
3 5 4 20 
2 4 10 
7 18 35 31 2 16 4 34 
2 10 6 
3 10 19 14 
2 2 4 
3 4 14 20 
5 8 16 27 47 46 
6 44 33 28 42 12 18 
3 5 22 4 
2 21 5 
2 11 4 
2 3 4 
3 45 2 10 
2 6 4 
2 2 19 
3 20 5 50 
3 11 42 4 
3 34 48 6 
2 4 14 
2 6 39 
2 20 7 
4 2 35 30 14 
3 14 10 34 
1 44 
2 45 3 
3 7 49 5 
3 32 6 10 
0 
0 
5 48 20 49 29 6 
1 10 
3 36 11 20 
2 37 25 
2 6 19 
2 19 4 
3 42 30 4 
3 42 4 38 
2 6 28 

3 31 8 3 
15 22 16 14 45 3 13 30 9 5 24 49 4 8 10 18 
13 4 40 2 27 19 29 47 6 7 5 13 14 1 
3 3 46 2 
14 44 23 33 3 17 21 2 7 6 46 36 10 39 26 
11 20 3 25 9 11 19 41 12 5 22 17 
3 5 3 15 
2 1 2 
5 6 41 25 2 35 
7 16 28 5 2 29 11 20 
4 12 6 18 10 
5 26 6 15 11 43 
10 28 2 37 39 45 32 31 50 3 47 
2 2 3 
2 12 7 
4 2 30 10 21 
3 5 6 34 
3 11 2 27 
2 6 3 
3 6 10 36 
7 16 37 23 33 35 5 24 
3 38 2 6 
2 21 5 
3 21 38 2 
2 6 9 
3 12 5 36 
3 3 32 18 
7 50 30 41 13 43 36 10 
2 10 3 
5 40 28 49 2 16 
2 13 1 
4 13 41 27 45 
4 21 5 37 40 
1 17 
2 9 21 
4 28 20 5 26 
3 33 21 13 
2 22 24 
3 48 13 5 
3 3 30 33 
4 9 32 28 6 
0 
2 12 28 
1 5 
3 2 32 13 
2 4 5 
2 3 13 
1 39 
2 30 2 
2 13 28 

16 30 35 20 16 3 25 29 4 41 28 6 18 19 23 8 5 
14 13 7 6 17 22 39 35 31 9 33 43 49 26 3 
4 7 2 1 4 
4 5 3 1 15 
11 50 24 23 25 4 27 10 12 1 45 11 
8 2 1 22 49 30 28 8 27 
9 11 2 14 37 17 3 13 9 45 
4 21 10 6 1 
4 24 2 47 7 
2 5 8 
9 42 14 26 12 20 15 34 5 7 
8 21 11 48 44 5 29 19 39 
4 31 16 2 7 
2 7 11 
2 11 4 
3 1 18 13 
4 36 38 2 7 
3 1 36 16 
2 1 12 
4 1 46 41 11 
3 8 12 34 
5 2 38 6 32 40 
2 5 1 
2 5 9 
2 5 1 
3 2 11 44 
2 6 5 
3 48 6 1 
3 1 32 12 
3 6 42 1 
2 2 13 
3 22 34 29 
2 40 2 
3 21 32 11 
3 1 50 2 
2 18 17 
2 43 7 
2 17 22 
2 12 2 
3 42 33 22 
2 20 1 
3 30 40 11 
2 37 2 
3 26 48 12 
2 7 5 
2 20 49 
1 9 
3 28 12 44 
3 46 2 6 
2 35 5 

11 29 31 28 5 7 3 23 19 4 12 17 
4 37 10 36 3 
15 11 13 4 18 5 22 9 30 1 35 27 2 20 38 39 
5 6 3 21 8 1 
8 19 50 1 6 13 32 7 3 
10 5 8 23 20 10 12 43 45 4 41 
7 48 1 14 43 5 9 41 
7 6 39 40 4 45 11 15 
4 24 7 3 16 
7 6 17 2 48 15 29 14 
2 8 3 
8 6 49 27 28 36 26 32 1 
4 33 5 3 49 
10 26 47 16 7 22 18 10 31 21 25 
3 8 10 24 
2 9 14 
6 1 37 34 10 25 33 
2 3 14 
2 5 1 
2 6 3 
2 14 4 
2 14 3 
2 6 1 
5 9 15 40 32 42 
2 14 17 
3 12 14 46 
4 3 33 47 12 
2 1 12 
3 37 10 1 
1 3 
2 14 1 
3 24 5 12 
3 17 13 27 
1 17 
1 3 
3 43 12 2 
3 2 17 29 
2 3 48 
2 8 3 
3 24 8 44 
2 6 7 
1 24 
3 6 36 7 
1 40 
2 6 8 
1 26 
2 14 27 
4 50 10 38 7 
2 13 12 
2 48 5 

9 4 14 6 3 25 24 27 7 15 
2 3 13 
14 2 40 16 29 12 42 8 41 9 11 35 1 4 5 
9 10 16 5 6 1 3 13 34 7 
10 8 39 47 3 23 33 4 12 46 17 
2 1 4 
4 4 35 37 1 
19 26 22 10 31 3 42 14 47 17 5 32 50 9 15 24 21 19 39 11 
2 8 3 
2 8 4 
4 8 46 41 3 
9 3 48 36 25 30 43 19 5 18 
6 33 34 4 38 45 2 
4 8 1 21 44 
5 43 1 31 22 8 
4 18 20 4 3 
2 5 8 
4 12 20 16 36 
2 12 8 
3 18 48 16 
6 26 14 23 49 29 8 
2 8 15 
2 5 21 
3 1 8 47 
5 44 1 35 46 12 
4 42 30 8 21 
4 1 46 44 34 
0 
2 3 21 
2 26 12 
2 8 15 
2 38 8 
3 13 40 5 
3 13 4 27 
3 7 25 3 
2 12 18 
1 7 
2 13 32 
3 5 42 8 
2 3 33 
2 11 3 
4 8 39 3 26 
2 15 12 
3 14 27 25 
1 13 
4 27 11 5 25 
3 5 8 24 
3 20 12 50 
1 21 
2 8 48 

6 4 5 27 3 34 6 
10 6 9 21 12 20 46 39 13 5 3 
9 11 1 8 38 10 4 2 9 22 
2 3 1 
10 30 27 7 8 1 19 17 47 50 2 
9 2 32 18 25 7 44 37 14 1 
9 40 12 15 5 31 6 22 21 24 
2 5 3 
14 49 3 10 42 2 16 23 11 15 18 28 35 38 13 
4 3 36 9 32 
3 9 29 3 
4 16 2 7 17 
4 14 43 9 2 
3 13 6 39 
6 41 9 26 7 42 24 
5 9 23 25 28 12 
3 12 31 5 
4 20 6 19 9 
4 35 44 5 18 
4 49 2 34 18 
2 7 2 
3 7 30 3 
3 32 9 16 
4 7 27 28 15 
4 37 16 40 6 
2 28 15 
3 1 5 24 
4 24 26 9 16 
1 11 
3 5 22 44 
2 7 17 
4 10 23 6 38 
0 
4 49 50 20 1 
2 19 9 
1 10 
2 25 6 
3 9 32 3 
2 2 14 
2 25 7 
1 15 
2 15 9 
2 13 45 
3 19 6 30 
1 43 
1 2 
1 5 
0 
3 20 9 34 
2 34 5 

6 6 41 19 45 38 3 
7 7 35 32 5 27 3 4 
10 17 39 26 1 4 49 42 2 15 11 
5 3 42 5 2 38 
15 7 6 10 4 14 35 9 46 23 31 13 8 18 28 2 
3 5 1 19 
12 49 45 43 5 8 12 33 48 10 16 2 24 
4 7 5 28 9 
8 15 5 11 34 29 25 8 16 
10 7 5 44 43 39 31 20 12 47 22 
8 13 22 3 24 37 17 9 18 
4 7 40 14 10 
2 5 11 
3 5 21 12 
5 36 3 9 20 21 
3 9 7 44 
3 11 3 27 
2 5 11 
2 6 1 
2 10 15 
4 15 29 14 26 
3 11 10 45 
2 5 30 
2 11 7 
2 33 9 
3 36 3 21 
4 40 17 2 45 
2 5 8 
2 9 21 
1 23 
2 10 5 
3 48 2 33 
6 46 7 48 25 32 50 
1 9 
4 2 5 43 41 
3 37 26 15 
2 36 11 
2 1 4 
3 10 47 3 
2 27 12 
2 35 1 
2 4 3 
3 35 10 7 
2 16 10 
4 27 22 1 7 
2 5 33 
2 10 39 
3 33 7 32 
2 7 3 
1 33 

10 7 36 14 24 22 4 41 3 10 34 
1 3 
12 11 8 1 2 44 5 4 32 10 18 9 42 
18 20 1 7 17 6 16 3 24 31 23 34 27 28 22 30 5 44 33 
9 41 4 49 3 6 50 8 18 20 
7 25 37 9 4 5 28 42 
3 4 26 1 
3 3 5 12 
7 15 3 46 40 6 13 29 
3 1 3 11 
3 10 12 3 
10 46 16 26 13 48 15 21 11 14 8 
4 12 9 21 19 
4 37 12 45 1 
7 43 12 27 49 9 47 17 
2 12 4 
3 15 33 4 
4 43 3 5 19 
2 18 13 
4 4 5 46 48 
5 13 32 12 23 26 
4 30 1 33 4 
6 25 41 50 21 29 4 
4 30 1 36 4 
3 6 50 23 
5 12 21 7 34 37 
2 15 4 
2 4 6 
2 9 23 
3 24 4 22 
2 4 40 
2 21 3 
3 22 17 4 
3 26 4 1 
0 
2 1 24 
3 26 6 14 
0 
0 
2 9 31 
3 23 5 1 
2 6 3 
3 15 18 47 
2 4 3 
1 14 
3 20 9 12 
2 43 15 
2 20 12 
2 5 15 
3 23 5 25 

6 22 3 26 8 33 6 
17 46 10 13 4 11 3 50 15 6 23 35 42 34 39 7 5 19 
9 2 16 4 1 19 23 9 32 31 
10 26 11 27 9 2 20 8 12 3 5 
3 2 4 43 
9 46 2 31 37 7 21 1 14 40 
5 2 30 6 29 10 
2 1 4 
9 22 13 24 14 4 41 3 17 25 
8 17 7 25 18 2 15 20 16 
4 12 4 2 30 
4 28 18 11 4 
4 2 41 28 9 
2 9 6 
6 36 27 10 2 43 47 
2 10 3 
4 29 10 21 9 
2 12 10 
3 2 30 3 
3 10 23 4 
2 6 17 
2 1 9 
5 2 20 3 31 25 
2 29 9 
6 40 48 47 9 23 10 
3 39 4 1 
2 4 15 
5 12 35 32 39 13 
3 7 17 24 
4 7 38 11 19 
3 6 23 3 
4 28 35 3 36 
1 1 
1 2 
4 28 38 2 32 
2 15 32 
1 6 
2 30 35 
3 28 2 26 
2 25 6 
2 13 9 
1 2 
2 15 5 
2 50 45 
1 44 
2 2 6 
2 15 25 
1 25 
0 
2 2 44 

2 3 14 
16 3 26 22 10 24 45 19 40 11 4 32 7 38 41 9 25 
13 50 4 8 18 16 6 1 2 9 29 5 20 31 
10 5 17 25 30 49 28 42 8 2 3 
13 18 17 44 22 3 13 6 12 28 14 32 4 7 
3 3 39 5 
2 2 5 
8 3 50 13 4 46 27 33 37 
7 11 31 23 3 43 2 10 
3 2 9 15 
4 19 9 12 2 
5 15 35 11 20 5 
5 16 24 42 8 5 
7 41 21 5 1 29 36 37 
3 45 10 12 
4 26 13 3 23 
2 4 5 
2 3 5 
7 42 2 11 35 24 50 49 
2 12 3 
1 14 
3 5 33 2 
3 32 16 9 
6 48 36 19 2 44 13 
2 4 2 
2 2 16 
2 8 44 
2 5 4 
3 38 14 3 
2 4 34 
2 3 9 
4 37 2 23 5 
2 8 22 
2 30 40 
2 12 19 
6 39 14 38 24 47 45 
3 8 32 14 
3 2 29 36 
2 6 36 
2 34 2 
2 2 14 
4 4 45 13 19 
2 49 9 
3 27 5 24 
5 48 36 42 2 15 
1 8 
1 36 
2 45 24 
3 4 43 19 
3 19 8 3 

2 3 4 
1 3 
10 2 18 1 20 29 44 34 5 6 4 
17 39 12 16 31 22 5 28 7 14 33 43 1 10 8 9 30 3 
10 31 4 25 23 24 7 3 8 6 10 
10 47 13 49 3 48 9 20 5 18 16 
11 21 11 4 23 42 12 36 19 5 17 26 
3 11 5 4 
3 4 15 6 
4 5 4 44 38 
11 14 37 8 34 21 13 17 29 15 7 19 
4 4 7 27 42 
3 11 6 28 
3 4 46 11 
2 11 9 
2 6 4 
2 11 7 
3 3 27 6 
3 7 21 11 
2 6 3 
4 11 7 34 19 
2 4 33 
2 5 7 
1 5 
3 40 43 5 
2 38 7 
2 12 18 
3 13 4 30 
5 39 11 35 34 3 
2 28 4 
3 36 4 5 
0 
3 22 46 4 
4 21 11 3 29 
3 47 29 44 
3 48 7 31 
1 11 
2 10 26 
3 48 29 4 
1 25 
0 
2 7 12 
2 25 4 
4 10 49 3 35 
0 
3 14 47 33 
3 6 35 46 
3 39 6 36 
2 6 44 
0 

14 35 45 43 4 8 39 13 15 19 6 29 3 44 48 
6 3 11 10 14 19 33 
16 31 34 4 17 11 5 1 33 2 12 16 25 14 27 7 49 
12 13 21 23 3 1 16 12 40 7 8 5 15 
10 26 6 9 3 30 50 24 4 38 48 
7 1 21 27 25 32 42 5 
7 3 39 31 18 9 10 4 
3 4 1 36 
3 5 7 37 
4 28 7 24 2 
5 29 26 47 2 3 
3 20 4 3 
4 17 1 46 4 
2 3 2 
2 4 1 
3 3 4 41 
4 36 22 13 3 
6 24 47 35 27 7 30 
5 46 37 1 35 2 
1 12 
7 4 6 32 43 25 50 41 
1 17 
1 4 
6 10 5 18 48 38 26 
3 6 21 3 
4 24 5 11 32 
3 3 6 18 
1 10 
2 1 11 
2 5 18 
2 3 7 
4 21 26 6 33 
5 40 3 45 32 2 
3 49 3 40 
3 1 19 18 
3 8 39 17 
3 50 19 9 
2 24 5 
4 45 7 1 36 
3 33 34 4 
2 16 21 
1 6 
2 21 1 
1 1 
3 39 1 33 
2 13 19 
2 18 11 
3 5 24 1 
2 3 34 
3 21 5 37 

4 28 5 31 3 
18 24 19 4 27 3 35 9 5 36 13 30 25 41 18 6 7 33 46 
9 15 47 10 4 23 24 2 7 1 
4 6 8 3 2 
4 11 49 2 1 
12 23 8 38 27 2 44 21 10 35 16 4 14 
6 22 15 3 11 2 34 
7 26 12 13 36 4 6 9 
13 12 18 8 49 2 19 14 17 41 28 29 32 16 
5 6 3 32 20 47 
7 17 26 29 45 5 21 7 
2 9 8 
3 48 2 8 
2 9 6 
2 7 3 
2 6 9 
5 18 22 20 11 9 
3 17 9 2 
5 9 2 36 22 44 
4 10 17 42 34 
6 35 40 32 11 6 37 
5 23 19 7 17 28 
3 6 22 3 
2 3 2 
2 2 30 
3 11 8 50 
2 2 6 
3 22 9 1 
2 9 11 
2 25 2 
3 49 1 41 
3 9 10 21 
1 2 
3 20 38 7 
4 45 21 2 6 
4 8 41 19 2 
1 21 
2 34 6 
0 
1 21 
4 9 36 31 2 
4 43 20 46 47 
1 42 
2 19 6 
2 11 35 
2 42 2 
3 3 42 10 
1 13 
3 5 31 9 
1 26 

15 24 13 16 14 6 17 3 23 41 11 9 20 5 34 38 
18 10 32 36 15 3 41 6 4 31 45 19 28 47 13 9 11 22 34 
7 27 1 7 4 2 5 48 
6 3 2 7 21 8 35 
11 3 45 33 14 1 8 38 29 35 12 40 
5 25 18 32 1 2 
2 3 4 
3 5 29 4 
12 21 48 50 10 2 44 36 30 1 33 23 19 
6 2 18 37 17 31 9 
5 22 12 49 1 2 
4 5 25 11 16 
2 2 1 
4 1 25 22 5 
4 45 2 39 44 
3 1 34 12 
6 10 20 33 1 50 30 
5 6 40 10 31 38 
2 9 2 
2 17 1 
2 9 4 
4 40 14 2 11 
3 1 9 48 
1 1 
3 6 12 14 
1 37 
1 3 
1 2 
2 5 8 
3 43 9 17 
6 39 46 18 2 10 37 
3 42 6 2 
4 5 9 43 17 
4 2 16 42 1 
2 5 4 
2 2 9 
3 10 26 31 
3 5 1 18 
2 31 15 
3 5 18 22 
2 1 2 
2 32 34 
2 30 33 
2 9 15 
3 15 5 2 
1 31 
2 50 2 
3 23 9 3 
1 11 
3 47 17 9 

16 29 20 9 4 22 45 11 15 50 25 5 6 34 3 47 40 
1 3 
9 44 39 1 10 4 2 9 35 6 
9 23 5 1 3 27 19 39 28 32 
9 1 12 16 32 8 4 30 10 7 
11 14 28 13 22 3 37 7 1 20 27 46 
3 8 6 5 
13 17 24 35 15 18 48 7 21 33 47 13 11 5 
9 16 12 45 17 1 30 3 23 29 
4 3 49 42 5 
6 43 14 8 38 1 33 
2 5 9 
4 26 6 24 8 
3 6 15 11 
5 14 39 26 8 1 
4 47 5 9 20 
5 9 8 30 46 39 
1 8 
2 4 50 
4 6 1 16 28 
1 8 
2 6 1 
2 9 4 
2 13 8 
2 27 1 
3 40 13 15 
3 25 6 4 
3 20 6 4 
2 1 9 
3 17 5 9 
2 42 49 
3 4 5 37 
2 11 8 
1 1 
3 8 3 42 
1 43 
2 32 6 
1 11 
5 17 44 15 4 3 
3 26 46 1 
0 
4 31 43 35 10 
3 42 11 36 
2 39 3 
2 9 1 
3 6 17 40 
3 8 16 1 
1 8 
2 10 31 
2 1 19 

4 3 4 26 37 
18 3 41 30 4 38 26 20 37 8 29 10 16 12 6 21 39 5 23 
2 2 1 
9 2 17 40 34 14 7 5 1 10 
13 45 15 18 2 9 33 24 8 27 6 17 4 13 
10 9 47 2 40 5 13 35 25 7 11 
5 21 33 4 6 36 
7 38 31 5 19 28 2 27 
6 19 12 15 5 6 11 
4 34 4 2 14 
2 6 9 
3 31 9 2 
4 5 44 48 6 
3 21 4 10 
2 9 5 
2 2 18 
4 5 4 50 19 
2 16 5 
3 9 17 8 
2 49 2 
8 37 7 26 43 2 24 14 31 
1 26 
4 41 2 25 38 
2 5 21 
3 23 6 40 
4 21 1 2 22 
4 34 36 5 8 
2 42 8 
1 2 
1 2 
3 12 8 21 
0 
2 7 5 
4 36 10 27 4 
1 6 
3 27 34 7 
4 21 1 2 41 
3 23 2 8 
1 2 
3 6 25 4 
3 37 23 2 
1 28 
1 21 
2 13 46 
1 5 
1 44 
1 6 
1 13 
1 20 
1 17 

5 3 42 24 23 8 
12 22 29 27 6 37 4 49 13 3 12 31 45 
11 35 39 18 2 5 30 33 10 1 4 46 
11 38 7 6 8 37 3 21 2 5 11 12 
11 24 44 28 25 45 50 15 4 13 3 19 
8 7 4 48 16 9 33 18 2 
6 25 11 4 6 9 34 
2 4 1 
11 32 7 10 40 16 29 38 19 14 6 34 
2 3 9 
2 4 7 
3 2 28 4 
4 39 5 36 2 
7 30 16 9 24 35 32 22 
4 20 5 18 22 
4 14 9 31 6 
4 25 23 49 45 
4 3 6 44 15 
2 5 9 
2 15 29 
3 50 43 4 
3 2 14 15 
2 1 17 
3 14 5 1 
3 17 7 5 
0 
2 48 2 
5 12 44 49 5 46 
5 32 9 2 47 20 
3 14 48 3 
3 2 46 16 
3 29 14 9 
2 3 6 
2 9 7 
3 3 14 42 
2 41 13 
4 42 2 4 43 
2 4 9 
2 3 13 
1 9 
1 36 
3 1 35 37 
2 37 21 
3 5 18 28 
3 17 2 5 
3 28 31 3 
2 29 50 
3 27 30 6 
3 17 2 28 
3 21 5 47 

4 3 15 11 29 
7 17 4 35 8 3 36 5 
13 23 9 49 6 33 4 28 7 2 1 18 19 12 
19 31 3 2 9 39 14 34 30 22 21 49 10 8 6 12 20 5 15 16 
5 4 7 11 2 33 
2 4 3 
6 14 13 39 3 5 16 
5 2 44 13 4 34 
2 3 4 
1 4 
2 5 1 
4 23 26 3 4 
6 8 7 14 21 26 15 
4 4 13 7 36 
6 13 17 20 1 4 47 
8 36 17 49 39 4 22 40 7 
4 31 16 2 15 
2 3 20 
4 32 3 27 41 
3 18 4 15 
2 13 4 
4 16 4 43 46 
2 12 3 
0 
0 
5 12 30 28 35 13 
1 19 
5 42 26 50 47 3 
1 1 
2 26 4 
2 4 17 
1 19 
3 3 5 41 
2 4 8 
2 2 26 
5 2 44 16 43 14 
0 
0 
3 16 4 7 
1 16 
2 33 19 
1 28 
2 22 36 
2 36 8 
1 48 
1 22 
2 15 28 
1 45 
3 3 16 4 
1 28 

8 3 13 29 19 10 5 4 40 
5 3 36 9 35 30 
6 1 6 2 18 4 21 
13 22 44 25 10 32 50 41 3 1 5 49 7 48 
19 6 21 7 15 24 34 4 45 35 1 31 33 19 9 20 29 23 8 22 
8 3 47 11 50 14 5 30 32 
6 16 4 37 11 8 5 
2 7 5 
5 10 29 2 31 5 
7 23 1 18 9 28 4 45 
5 7 43 17 6 26 
3 47 27 38 
3 1 19 50 
3 21 44 6 
1 5 
2 24 7 
6 32 50 24 20 42 11 
3 42 10 3 
4 22 5 13 1 
4 5 25 40 17 
4 3 25 14 5 
10 19 40 37 46 30 4 27 41 45 5 
4 26 36 10 5 
4 38 17 16 5 
3 4 20 21 
2 11 23 
3 12 41 22 
2 35 10 
4 1 5 32 9 
6 48 37 6 47 22 2 
2 9 5 
4 4 29 17 6 
1 5 
1 5 
3 5 28 2 
2 2 23 
3 22 7 30 
3 12 43 24 
0 
3 22 1 20 
3 22 4 27 
2 17 18 
3 46 11 38 
2 4 14 
3 5 22 10 
2 43 22 
4 6 48 30 12 
3 30 4 47 
1 4 
4 17 13 4 6 

12 5 6 8 10 3 46 4 9 30 44 25 7 
8 49 14 4 20 16 33 5 3 
13 30 18 6 2 41 43 1 15 27 13 8 35 14 
5 45 11 2 1 50 
11 7 1 2 9 26 33 16 48 17 10 21 
6 37 40 42 3 28 1 
2 1 5 
6 1 38 3 14 18 23 
4 39 1 5 12 
8 17 12 15 13 5 43 39 1 
1 4 
6 10 28 9 44 16 45 
4 34 17 10 3 
3 2 3 8 
3 3 36 10 
6 12 5 2 28 41 42 
5 5 13 10 20 33 
3 38 8 3 
3 26 49 31 
3 2 24 17 
1 5 
1 43 
4 46 27 25 8 
1 20 
4 1 27 23 26 
3 19 5 25 
4 3 42 25 23 
3 16 6 12 
0 
3 37 1 3 
1 19 
0 
3 2 5 17 
1 13 
1 3 
1 15 
5 46 30 40 6 47 
2 8 18 
2 9 10 
2 37 6 
2 3 16 
3 16 6 27 
3 10 22 3 
2 1 12 
3 12 48 4 
3 1 23 37 
1 37 
2 5 45 
2 19 2 
1 4 

10 30 33 38 24 23 7 6 48 3 50 
15 3 35 14 37 15 20 17 48 4 22 8 45 26 12 25 
27 36 2 19 32 28 49 46 11 9 10 13 29 33 34 14 5 20 21 27 4 1 15 18 6 35 12 31 
6 3 5 16 43 2 44 
6 13 3 19 4 29 8 
2 1 3 
5 24 46 36 17 1 
4 28 2 5 12 
7 45 11 27 43 12 38 3 
2 32 3 
3 20 9 3 
9 22 19 34 15 8 9 3 2 13 
4 3 5 12 31 
5 39 2 36 3 18 
6 3 26 12 22 31 2 
1 4 
7 25 21 2 23 19 7 35 
5 38 29 14 24 3 
4 5 12 3 17 
4 29 11 2 3 
2 17 3 
4 2 15 12 23 
3 22 1 17 
4 1 18 47 7 
2 17 2 
4 2 48 15 34 
2 9 3 
5 3 41 39 32 8 
4 18 5 3 20 
1 1 
5 13 3 47 15 50 
3 3 28 10 
2 3 1 
3 3 12 26 
4 3 37 2 17 
3 14 7 3 
4 35 49 2 40 
5 44 18 1 9 42 
2 28 14 
1 37 
1 28 
1 38 
2 9 4 
2 4 38 
2 9 2 
2 3 7 
2 31 24 
3 2 26 1 
2 3 37 
2 1 31 

7 4 3 5 42 7 35 9 
4 7 3 30 39 
22 32 11 4 47 6 31 5 19 16 21 9 28 23 8 1 39 13 2 37 24 50 10 
5 1 22 26 3 6 
2 3 1 
7 39 7 3 28 18 4 43 
5 38 1 2 6 24 
2 9 3 
9 1 10 8 3 11 17 30 42 40 
3 40 3 9 
3 3 50 9 
0 
4 3 47 16 34 
2 31 41 
2 42 39 
4 27 3 26 13 
6 22 36 23 49 9 21 
2 44 6 
1 3 
0 
3 25 3 17 
2 4 17 
2 17 3 
2 3 7 
1 21 
3 47 4 16 
1 16 
2 3 6 
2 32 37 
2 2 9 
2 3 14 
2 3 29 
0 
1 13 
2 1 41 
1 17 
2 29 3 
3 7 46 45 
4 2 15 6 3 
2 9 10 
2 35 14 
3 15 1 9 
1 6 
1 18 
1 38 
1 38 
3 13 26 3 
0 
1 17 
2 11 3 

5 9 30 29 34 3 
6 3 50 33 18 11 4 
17 15 8 23 1 38 4 25 13 10 41 2 6 26 12 5 7 44 
2 2 3 
14 17 16 12 22 44 14 8 21 46 28 3 15 10 18 
3 3 29 38 
1 3 
6 5 20 35 3 19 49 
15 41 25 1 14 36 13 34 31 45 24 50 11 32 33 27 
9 5 12 3 20 42 15 25 43 17 
2 9 2 
5 37 33 5 10 3 
3 9 3 44 
5 18 5 9 26 29 
3 10 5 3 
3 5 36 23 
3 48 5 10 
3 14 5 2 
1 8 
7 47 45 8 40 10 30 43 
1 5 
1 5 
2 16 3 
3 49 38 9 
4 9 27 3 10 
3 41 14 3 
3 25 40 9 
1 5 
3 6 14 1 
2 20 1 
2 9 34 
1 9 
3 9 2 12 
3 9 1 31 
2 8 48 
2 9 16 
1 12 
3 6 24 3 
0 
2 20 27 
3 26 9 3 
1 10 
2 20 10 
4 46 13 3 5 
2 9 20 
2 44 5 
1 20 
2 17 35 
2 8 24 
2 2 9 

18 23 7 5 9 24 16 17 4 15 19 43 25 3 32 6 21 27 36 
7 6 3 14 42 16 12 28 
2 1 2 
11 28 24 14 42 21 12 11 16 1 27 5 
14 8 10 13 49 7 18 6 1 39 32 35 19 4 22 
8 23 1 2 9 29 48 5 20 
6 14 1 5 39 17 16 
1 5 
6 6 24 34 30 15 1 
2 5 46 
3 40 26 4 
6 19 4 2 25 41 27 
3 22 17 5 
5 47 4 2 7 43 
4 36 37 9 1 
9 36 2 7 31 47 21 1 38 4 
4 13 20 7 1 
1 5 
6 35 32 1 5 45 12 
3 6 17 28 
4 33 16 1 4 
2 13 5 
2 6 1 
3 1 9 4 
2 12 1 
2 37 11 
5 4 12 31 50 1 
3 4 2 20 
1 6 
1 9 
2 27 16 
3 5 19 1 
2 43 21 
1 9 
3 40 5 19 
6 44 46 16 15 45 1 
2 15 26 
2 16 49 
3 5 7 48 
2 11 35 
2 42 12 
3 2 4 41 
3 14 1 33 
1 36 
2 36 19 
2 36 10 
2 14 16 
2 6 39 
2 38 5 
1 27 

