12 18 54 19 27 25 14 5 60 4 6 3 15 
2 3 59 
15 26 55 22 25 32 52 48 6 4 1 28 43 45 2 12 
10 1 5 3 12 41 8 7 17 21 33 
5 16 7 9 4 1 
6 3 48 31 50 40 1 
22 30 9 11 10 29 24 46 28 13 15 18 60 21 8 4 35 41 49 5 34 23 14 
5 7 47 55 4 10 
8 35 11 52 7 36 5 17 23 
7 47 8 7 24 27 13 44 
5 7 19 9 26 37 
4 4 34 58 3 
2 10 7 
5 37 7 38 16 1 
5 38 1 56 40 7 
3 56 5 14 
3 9 20 4 
3 7 1 22 
6 46 20 11 1 39 43 
3 19 17 29 
2 7 4 
2 18 3 
3 9 7 31 
3 58 7 10 
4 32 1 53 3 
2 3 11 
2 10 1 
3 7 3 33 
3 7 20 30 
2 7 29 
4 50 39 6 23 
3 25 3 36 
5 44 4 28 51 42 
2 7 12 
5 51 7 9 45 53 
3 9 32 54 
2 11 14 
2 15 14 
2 31 19 
3 15 6 42 
2 7 4 
3 33 40 59 
3 3 19 49 
2 10 33 
2 3 35 
2 7 19 
2 10 8 
2 3 6 
3 43 57 7 
2 6 31 
3 33 35 57 
2 9 3 
2 25 35 
2 1 36 
2 3 8 
2 16 15 
2 51 49 
2 12 24 
2 42 2 
2 7 1 

4 59 53 3 11 
17 9 32 58 34 38 43 13 46 48 3 4 17 10 5 28 6 29 
12 8 7 49 4 1 6 2 18 57 15 5 19 
4 16 3 43 2 
20 2 7 36 20 22 10 17 24 3 9 30 15 11 60 44 32 13 21 8 19 
10 40 39 20 16 55 50 27 3 33 2 
9 5 54 12 31 24 23 3 47 14 
2 5 3 
5 2 5 26 12 14 
2 2 5 
7 47 22 31 1 56 59 5 
2 9 7 
3 37 5 2 
9 33 26 52 9 23 7 18 35 42 
6 5 53 45 52 60 3 
2 6 4 
2 2 5 
8 3 44 30 25 34 14 57 27 
3 21 3 5 
3 6 36 5 
4 19 49 5 37 
4 28 38 11 5 
5 7 41 25 29 14 
4 45 7 5 51 
3 23 18 40 
6 50 35 46 51 9 14 
2 18 6 
3 2 55 22 
2 2 23 
2 18 5 
2 11 7 
2 5 2 
3 14 6 42 
5 18 2 58 41 48 
2 26 14 
2 5 20 
2 13 21 
3 39 22 2 
2 38 6 
2 25 6 
3 56 23 34 
2 14 33 
2 2 4 
2 5 18 
2 15 24 
2 2 26 
2 11 7 
2 34 2 
3 21 54 3 
2 26 6 
2 26 24 
2 14 15 
2 1 15 
2 49 7 
2 28 6 
2 41 11 
2 18 3 
2 2 34 
2 1 11 
2 15 5 

18 3 13 18 22 6 50 9 31 11 17 45 23 7 41 4 15 30 58 
5 5 7 57 3 4 
12 19 28 1 2 20 54 41 6 10 5 16 8 
3 2 8 1 
10 46 13 16 11 28 30 45 2 3 55 
7 24 1 52 21 3 19 59 
4 2 1 54 25 
14 10 27 20 44 4 35 48 15 47 3 12 9 24 23 
4 1 18 8 14 
16 56 12 60 55 29 21 25 32 49 42 8 38 39 52 17 3 
3 5 1 14 
2 10 8 
3 40 5 1 
3 9 26 11 
6 22 58 1 29 43 8 
3 5 40 3 
2 10 1 
4 1 9 47 35 
3 3 27 6 
3 8 3 36 
2 10 6 
4 1 38 15 34 
4 33 8 1 43 
3 8 39 6 
5 53 49 26 7 10 
2 14 25 
3 8 34 19 
4 37 3 31 5 
5 32 10 33 50 15 
3 5 36 1 
2 1 28 
3 29 10 57 
3 42 23 29 
4 22 59 27 37 
4 18 56 46 8 
2 30 20 
2 28 34 
3 22 48 10 
3 24 44 10 
3 13 51 16 
2 3 1 
2 10 33 
2 15 23 
2 39 8 
4 5 53 51 1 
2 5 35 
3 18 8 60 
2 38 8 
2 25 10 
2 1 29 
2 40 45 
2 10 6 
2 45 25 
2 7 3 
2 10 5 
2 10 35 
2 32 2 
2 1 15 
2 6 34 
2 47 10 

10 3 59 45 50 13 6 8 4 17 18 
8 58 5 4 34 20 21 33 3 
13 49 7 16 14 15 13 26 58 51 5 1 2 44 
7 21 10 2 52 11 27 1 
9 59 2 11 9 6 57 31 3 23 
13 8 12 53 52 7 16 10 1 14 30 15 38 5 
9 39 29 32 31 12 38 3 9 6 
3 1 6 34 
2 7 5 
5 4 6 32 28 19 
7 37 35 4 56 5 42 36 
3 7 6 33 
12 23 22 3 19 28 24 17 41 26 1 25 27 
2 6 3 
4 29 3 18 6 
6 22 45 3 6 20 24 
2 13 1 
2 1 15 
4 10 41 13 44 
2 16 2 
2 4 2 
5 13 37 35 16 25 
2 5 13 
2 16 13 
2 22 13 
3 30 13 3 
4 43 55 4 13 
4 10 13 46 43 
2 7 15 
4 60 26 40 6 
3 7 5 48 
3 10 7 47 
2 2 12 
4 8 36 42 2 
2 11 22 
4 46 48 34 11 
3 11 40 22 
4 7 6 39 55 
2 7 38 
4 51 50 37 30 
2 13 19 
3 47 11 34 
6 54 57 49 27 60 28 
3 3 19 56 
2 16 1 
2 36 28 
2 42 32 
2 36 31 
3 54 43 3 
2 40 1 
3 53 3 40 
2 6 4 
2 51 6 
2 43 49 
2 38 27 
2 44 11 
2 43 5 
2 3 2 
2 5 1 
2 30 43 

8 15 29 30 39 4 3 49 52 
12 7 41 13 52 18 47 17 4 3 27 36 9 
13 1 58 6 28 8 2 12 9 50 10 34 20 5 
11 18 1 24 5 58 14 56 16 2 10 13 
21 31 11 8 45 12 55 57 6 14 21 34 4 43 35 7 41 50 23 3 33 15 
2 5 3 
5 5 22 11 2 31 
5 51 5 3 48 16 
3 44 3 2 
5 39 46 4 3 21 
3 5 23 7 
4 3 30 19 5 
5 17 37 60 4 2 
8 5 27 43 4 59 26 25 22 
6 25 5 1 44 29 40 
5 36 20 19 4 8 
6 35 55 32 38 13 2 
10 53 40 60 24 48 2 26 45 37 4 
2 12 16 
2 16 3 
2 5 10 
3 46 14 7 
3 33 11 5 
3 28 4 18 
4 14 54 47 15 
2 18 14 
3 14 56 2 
4 24 3 59 49 
2 1 15 
2 1 12 
4 32 7 51 5 
2 17 31 
2 5 23 
4 38 5 3 42 
2 5 17 
2 2 16 
3 13 18 53 
2 34 17 
3 42 1 10 
2 18 15 
3 5 57 2 
2 39 34 
2 5 14 
2 9 15 
2 18 5 
3 54 10 22 
2 2 25 
2 18 8 
2 1 28 
2 3 5 
2 8 31 
2 1 2 
2 18 37 
2 46 25 
2 5 17 
2 27 4 
2 41 5 
2 4 3 
2 28 14 
2 18 13 

1 3 
7 49 4 22 7 3 5 25 
17 35 2 25 6 16 8 4 33 5 52 7 40 15 55 9 38 1 
19 10 17 9 40 6 38 20 21 51 60 3 36 11 2 30 56 8 18 24 
13 17 16 36 11 12 55 33 10 2 14 3 39 37 
3 60 3 4 
5 2 14 32 3 59 
9 27 35 39 4 3 22 24 15 19 
4 12 4 3 13 
2 5 4 
5 4 20 13 41 5 
5 41 9 29 5 23 
5 46 11 21 51 9 
6 5 7 19 26 54 45 
7 27 47 3 18 8 31 57 
3 23 5 3 
4 5 4 31 28 
2 4 15 
3 14 8 28 
3 4 29 11 
4 4 13 52 50 
4 8 50 2 26 
8 45 12 47 32 16 34 56 44 
2 8 4 
3 3 30 2 
2 14 22 
2 15 8 
2 17 19 
4 20 12 44 58 
2 4 25 
2 15 17 
6 42 58 23 53 34 7 
2 3 5 
3 23 32 43 
3 37 3 8 
4 4 42 5 48 
3 46 35 5 
3 4 3 48 
2 5 8 
3 3 43 4 
3 54 12 11 
3 49 36 32 
2 34 40 
2 29 23 
2 14 23 
2 13 37 
2 23 15 
4 38 53 57 36 
2 2 42 
2 22 21 
2 13 4 
2 21 3 
2 32 48 
2 14 41 
2 3 5 
2 4 23 
2 48 15 
2 32 29 
1 7 
2 6 4 

17 13 31 32 9 48 25 28 55 39 16 12 3 11 5 23 4 26 
4 6 3 23 4 
16 32 29 9 12 10 11 2 26 14 50 30 34 6 1 40 17 
8 5 20 17 2 1 8 7 49 
11 15 13 1 14 38 8 4 24 27 16 59 
8 7 22 35 2 3 10 56 49 
7 19 4 54 52 41 44 6 
6 19 46 27 5 39 4 
2 1 3 
5 43 15 3 55 6 
6 36 3 21 33 1 46 
6 53 34 28 33 3 1 
8 5 18 22 54 45 37 1 38 
5 5 20 41 25 3 
6 5 31 48 10 44 30 
6 21 18 59 56 1 5 
3 29 4 3 
3 57 13 16 
7 8 58 57 51 42 7 35 
2 4 14 
2 16 11 
7 6 47 36 13 43 58 42 
3 24 1 2 
2 5 23 
2 1 14 
2 3 1 
2 8 5 
2 12 1 
2 17 3 
2 3 15 
2 15 1 
4 3 40 1 51 
3 11 12 50 
2 12 3 
4 6 47 37 19 
3 45 22 11 
2 35 13 
2 5 13 
2 8 1 
2 3 32 
2 7 14 
2 22 19 
2 10 22 
2 15 7 
2 36 13 
2 8 11 
2 22 35 
2 15 1 
2 4 6 
3 3 33 60 
4 32 19 60 52 
3 53 51 7 
2 52 12 
2 7 13 
2 10 1 
3 6 16 59 
2 19 18 
2 19 22 
3 56 5 16 
2 50 51 

6 8 3 12 9 17 18 
7 14 4 6 32 13 47 3 
11 5 37 7 2 30 11 6 15 25 4 1 
16 12 55 7 16 23 14 50 5 10 2 3 31 21 19 24 11 
5 4 15 24 8 3 
4 34 3 20 2 
9 4 9 19 25 41 18 3 26 45 
5 34 10 1 5 20 
6 1 26 7 54 13 39 
7 8 22 16 32 4 23 43 
4 4 50 3 54 
5 22 1 4 17 21 
5 2 53 9 60 37 
3 2 4 53 
2 3 5 
3 10 44 4 
3 36 1 12 
8 1 29 27 58 43 7 42 28 
3 49 7 4 
4 6 38 28 8 
3 4 12 45 
5 12 33 47 30 10 
6 29 46 10 41 4 60 
7 5 58 4 27 39 31 40 
3 3 52 7 
4 38 7 9 51 
2 24 18 
3 56 18 20 
2 23 18 
4 56 22 3 40 
7 33 24 35 4 52 48 44 
2 2 10 
2 22 31 
4 59 35 8 6 
3 34 36 31 
3 35 17 48 
3 13 57 3 
2 26 20 
3 24 49 9 
3 30 24 42 
3 59 23 7 
2 18 40 
2 18 10 
2 31 16 
3 7 21 46 
3 45 23 55 
2 22 2 
3 51 36 31 
2 39 19 
2 11 4 
2 48 26 
2 25 31 
2 14 13 
2 9 11 
2 4 46 
2 30 28 
1 37 
2 18 24 
2 41 34 
2 13 23 

1 3 
14 4 6 17 3 44 29 8 60 7 48 18 11 35 5 
16 35 16 5 57 4 40 13 55 39 1 20 6 32 58 10 2 
8 7 58 2 18 30 3 31 28 
5 49 17 2 50 3 
13 3 49 50 54 8 15 30 25 9 27 60 24 2 
8 55 14 4 9 10 42 2 41 
9 25 51 46 20 6 36 52 2 27 
11 41 12 23 33 7 29 6 19 11 15 22 
7 3 13 23 34 38 39 7 
8 21 14 9 2 24 12 26 16 
2 11 9 
2 3 10 
3 7 53 11 
3 6 19 9 
3 3 37 11 
2 5 2 
3 2 4 22 
10 28 31 43 40 46 15 34 26 9 45 
4 3 47 8 21 
2 20 11 
4 33 9 18 54 
4 10 42 9 32 
2 11 6 
2 6 8 
3 11 36 19 
5 6 8 45 48 56 
2 19 4 
2 9 2 
2 6 4 
2 4 19 
2 23 3 
2 9 22 
3 19 37 10 
4 3 2 56 38 
2 8 26 
2 34 16 
2 35 10 
3 44 3 10 
3 19 59 3 
4 9 43 7 47 
2 23 7 
3 19 41 51 
2 39 2 
4 57 19 59 27 
2 8 19 
2 41 20 
2 2 27 
4 6 5 52 53 
2 5 6 
2 8 43 
2 49 8 
2 14 49 
2 6 22 
3 57 3 7 
2 27 35 
3 55 45 3 
2 4 3 
2 45 40 
2 6 2 

2 7 3 
6 12 16 4 15 3 42 
17 36 22 2 11 32 38 10 8 4 5 51 43 12 1 6 13 7 
4 2 6 5 3 
8 23 55 21 4 11 10 3 41 
12 47 45 9 13 3 46 55 4 54 26 48 34 
7 35 9 44 8 3 33 1 
10 14 18 24 7 3 19 58 41 26 28 
4 54 7 25 6 
10 23 5 32 60 44 40 56 25 50 3 
10 3 39 52 5 24 22 20 58 17 15 
9 16 3 31 2 17 18 20 14 49 
3 6 3 57 
2 12 8 
3 11 28 2 
4 12 19 2 31 
6 36 35 11 38 21 12 
3 59 8 12 
5 48 30 8 16 53 
4 33 12 11 59 
5 50 17 60 5 47 
3 11 42 3 
3 5 10 27 
3 8 29 11 
4 9 10 46 37 
9 53 30 43 34 40 27 8 6 45 
3 26 23 29 
3 8 15 37 
2 27 24 
2 26 19 
2 12 16 
2 10 3 
3 56 20 7 
5 39 26 49 6 52 
2 7 17 
2 17 3 
2 25 28 
2 17 3 
2 11 34 
2 10 26 
2 8 5 
2 2 22 
2 3 26 
2 7 10 
3 51 6 26 
2 6 25 
2 21 6 
2 19 6 
2 12 34 
2 10 21 
2 3 45 
2 11 34 
2 19 26 
2 9 6 
2 6 5 
2 10 33 
1 13 
2 11 8 
2 20 18 
2 10 21 

8 58 5 15 39 3 42 7 4 
8 40 3 48 6 4 11 27 54 
7 9 2 31 1 5 8 59 
5 45 2 1 11 27 
18 6 10 57 23 3 41 12 37 28 49 16 26 29 1 32 13 43 7 
9 38 2 9 60 54 22 8 5 36 
8 22 1 21 53 5 14 28 33 
2 6 3 
12 56 3 14 6 39 43 33 10 24 13 57 12 
4 23 19 5 9 
7 4 48 31 2 19 26 42 
9 37 25 5 30 9 17 50 60 18 
7 53 15 50 5 9 24 51 
7 46 7 16 32 20 18 9 
3 17 13 1 
4 14 5 29 20 
4 49 12 15 45 
5 12 44 14 38 25 
2 10 11 
3 21 16 14 
2 20 7 
2 7 6 
2 5 10 
5 47 34 52 13 9 
5 12 41 18 36 35 
3 5 11 56 
3 30 2 4 
3 7 55 5 
2 5 16 
5 12 34 27 35 51 
3 46 3 11 
2 14 5 
3 7 40 9 
2 24 30 
3 30 47 25 
2 6 25 
2 5 12 
3 44 18 6 
2 9 1 
2 33 2 
2 5 25 
2 11 1 
2 5 9 
2 18 38 
2 17 4 
3 14 31 52 
2 24 35 
2 11 2 
3 5 17 59 
2 12 13 
2 30 13 
2 46 24 
2 7 13 
3 2 6 57 
1 28 
2 9 26 
3 54 5 9 
1 1 
2 3 49 
2 6 12 

9 40 58 37 9 35 10 60 3 19 
16 51 13 36 4 49 16 25 19 23 32 40 17 41 14 3 26 
13 59 5 11 7 6 33 2 1 44 20 52 4 13 
16 52 28 5 2 7 3 30 21 10 59 6 23 20 17 15 31 
10 9 8 25 4 3 57 55 54 11 18 
6 8 4 46 12 3 39 
5 14 3 29 4 16 
2 5 6 
7 12 47 1 42 22 5 26 
2 4 1 
7 27 39 34 5 3 48 15 
3 9 21 6 
9 37 48 57 29 36 24 3 2 49 
6 33 45 22 31 2 7 
6 11 53 27 56 4 47 
4 18 7 2 41 
4 2 4 56 43 
2 5 16 
2 2 1 
2 3 4 
2 12 4 
5 14 9 32 50 30 
4 34 4 2 24 
4 23 13 28 50 
3 38 5 2 
4 2 51 44 9 
3 15 11 53 
2 4 24 
2 13 7 
3 4 22 38 
3 35 14 4 
4 42 22 60 2 
2 14 3 
3 11 55 23 
2 1 31 
2 2 13 
2 13 1 
3 25 30 46 
4 6 11 43 58 
3 1 45 2 
2 2 16 
2 9 32 
2 17 39 
2 3 26 
2 40 14 
2 38 6 
2 15 9 
2 11 13 
2 2 13 
2 24 22 
3 26 2 58 
2 4 3 
2 27 15 
2 55 5 
3 5 54 34 
2 17 15 
2 5 13 
3 1 51 39 
2 3 4 
2 1 32 

17 26 18 20 49 24 3 13 10 47 35 5 11 12 52 4 44 60 
3 9 3 22 
9 4 7 29 8 2 31 6 18 1 
7 23 41 10 20 1 5 3 
20 17 57 16 7 32 34 11 1 8 28 6 19 14 24 23 4 15 13 42 29 
2 3 5 
5 25 15 31 3 5 
5 9 12 5 19 3 
12 27 36 43 8 47 14 52 55 51 2 48 46 
3 38 4 1 
4 1 5 16 32 
5 36 1 57 8 33 
5 17 56 1 5 38 
7 9 28 30 5 41 27 58 
6 54 5 21 25 33 7 
3 5 42 11 
5 35 13 50 5 21 
5 1 3 37 26 40 
5 37 44 8 5 45 
2 1 4 
5 22 43 17 34 15 
2 2 21 
4 39 4 30 5 
3 53 5 1 
4 59 7 15 56 
3 53 18 1 
3 54 9 14 
3 14 5 40 
2 5 3 
3 60 23 14 
5 7 48 3 51 59 
2 11 5 
5 15 39 50 45 12 
2 21 5 
2 1 17 
3 12 9 49 
2 18 19 
2 13 10 
2 23 33 
2 18 28 
3 4 58 14 
2 5 16 
3 46 9 21 
3 55 19 1 
2 19 33 
2 9 43 
2 9 1 
2 31 9 
2 36 1 
2 17 33 
2 9 31 
3 54 1 9 
2 26 24 
3 15 52 27 
2 9 44 
2 25 13 
2 5 12 
2 14 41 
2 31 25 
2 1 30 

10 59 12 60 4 16 31 44 3 15 20 
5 6 3 41 18 32 
7 4 22 2 50 6 1 5 
18 17 7 3 24 33 45 26 5 46 1 10 9 14 11 47 59 8 38 
8 7 25 28 8 3 19 4 34 
8 13 42 54 36 20 3 21 2 
7 30 5 4 53 51 26 40 
11 52 17 56 13 28 37 4 5 12 9 10 
4 4 39 58 8 
6 35 8 4 11 47 31 
6 46 22 18 4 10 37 
2 8 1 
11 36 14 8 23 19 48 15 21 27 50 6 
8 43 53 38 4 13 33 23 16 
3 29 1 13 
4 14 25 49 1 
2 8 4 
4 11 27 2 24 
4 56 34 5 13 
2 1 6 
2 6 13 
2 3 11 
3 54 14 13 
3 4 18 57 
2 5 16 
6 52 32 7 39 4 40 
2 13 18 
9 30 35 42 8 5 45 44 29 43 
3 15 48 28 
4 55 51 28 7 
2 10 1 
2 26 2 
2 14 4 
2 5 19 
2 10 28 
3 13 49 6 
2 11 8 
2 4 14 
4 57 26 41 9 
3 26 60 7 
3 39 55 2 
2 28 6 
3 14 58 28 
2 1 28 
2 28 4 
2 4 11 
2 10 4 
2 29 13 
2 36 16 
2 3 13 
2 7 30 
2 8 26 
2 7 14 
2 6 23 
2 30 41 
2 19 8 
2 24 39 
2 9 43 
2 1 4 
2 1 40 

7 6 21 22 49 3 15 27 
23 43 42 3 55 38 40 15 4 5 16 35 23 22 20 51 33 59 9 13 6 11 7 12 
12 34 2 11 46 24 1 5 8 14 7 44 4 
2 2 3 
10 3 47 31 48 58 2 37 23 39 20 
7 2 1 12 17 9 41 10 
4 2 8 16 3 
6 38 37 21 3 10 7 
6 55 6 59 52 28 2 
3 45 8 6 
8 2 26 32 36 19 3 14 13 
3 6 2 54 
14 51 29 46 25 18 2 19 11 17 39 36 30 56 28 
3 3 11 25 
3 26 1 2 
3 18 2 7 
3 13 56 6 
4 13 27 30 16 
4 33 31 13 11 
2 5 2 
3 24 1 8 
3 1 57 2 
5 49 2 5 50 54 
3 45 3 21 
4 13 57 14 29 
3 15 41 11 
3 1 18 34 
4 48 42 13 9 
4 25 13 32 60 
2 18 13 
2 19 5 
2 29 11 
2 19 2 
3 27 3 35 
4 44 34 2 60 
3 43 11 13 
3 5 8 52 
2 8 2 
3 5 40 13 
3 2 39 53 
2 26 6 
2 28 2 
2 2 36 
3 35 3 47 
2 10 24 
2 13 3 
2 44 5 
2 28 5 
2 1 23 
1 23 
2 13 2 
2 37 9 
1 40 
2 23 12 
2 9 2 
2 17 13 
2 22 25 
1 5 
2 2 9 
2 35 29 

6 9 50 7 10 5 3 
18 56 11 6 26 3 17 5 10 24 18 20 4 9 13 41 50 21 43 
4 1 22 2 4 
4 8 11 3 2 
12 7 57 6 2 15 25 1 45 22 36 13 55 
12 2 8 28 27 49 16 39 15 46 5 52 26 
8 12 40 23 5 19 1 38 25 
5 17 19 4 59 6 
5 1 2 53 33 44 
9 27 1 21 2 14 33 12 24 29 
4 4 14 2 18 
9 10 7 16 38 46 30 32 47 34 
2 2 5 
5 11 10 41 51 56 
5 57 29 42 6 5 
2 12 6 
3 2 8 59 
11 43 37 2 11 35 53 45 20 52 60 54 
4 54 7 8 39 
5 44 2 23 18 28 
4 40 2 51 10 
4 31 3 32 5 
2 20 7 
2 2 10 
3 30 7 5 
2 6 2 
2 6 10 
6 20 55 58 37 6 31 
3 10 15 34 
3 12 48 25 
2 22 28 
3 22 36 12 
3 9 10 49 
3 12 35 29 
3 18 34 42 
3 32 47 5 
3 28 60 18 
2 12 7 
2 6 19 
2 21 7 
2 14 2 
2 35 15 
3 18 48 2 
2 20 9 
2 5 18 
2 6 12 
3 12 36 53 
2 43 30 
3 50 33 6 
3 2 1 49 
2 21 14 
2 18 6 
4 58 9 47 18 
2 18 19 
2 5 28 
2 2 14 
2 15 5 
2 53 28 
2 17 8 
2 37 18 

3 4 6 3 
7 47 13 3 5 12 15 35 
23 14 47 5 51 11 25 27 6 7 9 8 1 35 29 4 21 19 20 17 2 41 10 24 
8 1 3 13 32 30 7 18 10 
6 42 2 30 12 3 8 
5 1 9 24 3 23 
9 31 46 3 4 45 25 37 16 34 
4 11 5 3 26 
3 57 6 3 
6 15 21 27 33 3 4 
3 8 3 56 
3 5 36 2 
11 4 34 51 26 20 36 14 40 42 60 2 
7 50 13 58 18 3 19 59 
13 22 17 10 2 44 16 53 29 43 32 46 28 31 
5 44 15 39 7 22 
5 37 48 15 3 38 
3 4 38 14 
2 3 14 
2 3 13 
2 10 3 
5 23 16 15 28 54 
4 22 41 40 6 
3 52 3 6 
2 3 7 
3 50 8 13 
2 10 3 
5 22 56 15 33 55 
3 49 3 15 
2 5 4 
5 15 54 49 7 60 
2 4 15 
2 28 10 
2 7 13 
3 2 3 55 
2 13 12 
4 7 53 17 39 
2 18 17 
2 16 37 
2 13 23 
4 48 3 23 58 
4 13 45 43 5 
2 42 15 
2 16 15 
2 7 42 
3 7 15 58 
2 3 2 
2 41 17 
2 29 31 
2 14 26 
2 13 3 
1 24 
2 37 15 
2 22 31 
2 35 28 
2 28 11 
1 9 
3 46 41 14 
1 14 
2 31 13 

4 3 19 53 5 
5 30 4 3 35 10 
9 12 52 32 4 1 2 14 49 7 
12 3 14 8 6 2 9 5 53 37 18 11 60 
15 45 40 24 10 6 51 28 41 4 42 1 20 38 13 23 
12 9 43 22 33 5 44 4 8 38 50 13 7 
5 15 29 16 6 3 
5 58 16 12 6 4 
4 17 4 6 11 
4 20 5 2 15 
10 27 18 46 35 48 24 21 4 9 17 
2 3 8 
9 5 34 36 27 33 6 21 22 57 
6 3 31 29 4 59 34 
6 37 7 10 28 26 56 
6 25 31 7 49 23 8 
3 11 9 56 
6 25 30 52 4 19 11 
3 18 51 1 
6 48 40 10 54 5 43 
4 58 42 11 13 
4 26 13 6 41 
2 16 5 
4 55 11 57 5 
2 18 16 
3 22 15 54 
2 13 11 
2 15 5 
4 46 32 7 14 
2 18 2 
2 14 16 
3 39 29 3 
3 6 39 13 
2 13 14 
5 47 59 2 11 36 
2 35 13 
2 4 15 
2 6 5 
2 32 33 
3 5 20 60 
2 22 5 
3 44 5 21 
2 20 6 
2 6 42 
1 5 
3 52 29 11 
1 35 
2 11 20 
3 3 16 59 
1 6 
2 19 5 
3 3 18 46 
2 1 4 
3 26 20 57 
1 24 
2 17 15 
3 13 24 54 
2 8 21 
3 35 49 14 
2 40 4 

8 7 8 3 5 4 34 47 57 
3 14 23 3 
23 32 4 25 2 54 50 27 48 29 8 12 1 6 17 30 39 24 10 11 28 31 44 60 
20 18 3 45 56 10 33 28 9 16 19 1 59 58 51 34 6 5 7 37 27 
8 26 4 22 17 1 23 57 29 
13 20 41 15 19 35 60 9 3 14 43 42 38 4 
3 12 1 4 
2 1 3 
3 52 4 6 
9 31 24 3 13 50 22 4 11 30 
7 20 10 3 18 47 26 13 
4 7 3 49 15 
3 33 10 11 
3 2 21 6 
4 12 16 6 37 
3 4 44 15 
4 21 5 54 3 
2 4 11 
6 25 6 53 4 32 45 
2 6 11 
3 14 36 17 
4 10 35 5 49 
2 5 2 
2 10 3 
2 19 3 
4 5 11 41 53 
2 4 3 
3 46 4 3 
2 3 5 
2 10 3 
2 10 3 
5 38 3 43 40 19 
3 4 39 13 
4 1 36 52 4 
2 22 6 
2 34 21 
3 15 55 4 
3 58 6 32 
4 33 40 3 48 
4 39 42 46 32 
2 6 26 
2 6 40 
2 32 6 
4 3 16 55 45 
4 19 4 44 47 
2 40 28 
4 1 50 11 45 
2 3 39 
2 12 22 
3 47 10 3 
1 4 
2 34 9 
2 19 26 
2 17 3 
2 44 37 
1 4 
2 5 1 
2 4 38 
1 4 
2 3 6 

13 43 20 4 30 11 26 3 24 21 19 16 5 44 
8 17 45 10 54 8 3 12 6 
21 33 7 11 9 4 2 59 1 51 36 29 14 17 32 34 5 6 12 31 42 45 
6 7 50 38 3 13 1 
8 9 23 3 34 8 29 1 37 
10 14 28 27 60 2 40 13 15 3 23 
5 38 49 3 20 4 
9 32 2 27 18 49 57 5 10 48 
2 5 3 
2 2 8 
5 3 46 39 15 1 
3 2 3 28 
3 4 18 6 
3 3 57 6 
7 60 19 40 50 11 6 16 
3 15 22 1 
7 22 51 26 3 33 2 39 
5 8 41 24 25 13 
2 15 1 
5 1 52 35 21 7 
4 47 1 20 25 
4 17 30 48 16 
2 6 5 
4 1 52 55 18 
2 21 18 
3 56 17 1 
3 6 8 35 
2 6 12 
5 37 3 53 42 5 
3 31 1 22 
4 36 54 30 3 
3 3 8 41 
4 3 47 17 58 
4 3 44 55 5 
2 20 27 
4 46 56 31 3 
2 29 5 
2 4 7 
2 11 17 
2 6 15 
4 32 43 18 58 
2 29 3 
2 41 1 
2 1 34 
2 2 3 
3 36 11 51 
2 21 33 
2 8 22 
2 7 8 
3 56 4 15 
4 55 17 46 3 
2 20 24 
2 29 59 
2 2 31 
3 24 51 34 
3 50 36 26 
2 14 8 
2 33 41 
2 53 3 
2 6 15 

3 28 15 3 
5 4 8 16 12 3 
12 41 38 34 1 31 6 39 4 60 2 32 5 
11 5 16 30 22 14 2 6 13 7 48 3 
15 13 15 20 8 43 45 60 50 37 31 4 10 3 27 53 
7 14 40 3 9 7 58 4 
5 27 4 11 49 6 
18 44 25 42 11 58 22 49 5 45 23 55 46 56 18 9 20 10 2 
2 6 8 
7 24 5 17 8 26 57 44 
7 7 12 21 8 52 28 57 
4 2 11 21 36 
4 5 48 23 4 
4 4 6 18 19 
6 1 43 37 29 5 47 
8 17 4 2 24 19 50 29 34 
3 10 39 16 
5 8 25 26 14 46 
2 16 14 
2 5 8 
3 11 35 12 
6 38 59 36 55 4 8 
3 13 33 8 
2 10 16 
3 8 18 33 
5 30 10 18 56 54 
2 7 5 
4 53 11 1 32 
3 16 15 40 
2 4 26 
2 3 5 
2 3 28 
2 25 23 
4 35 16 47 3 
2 34 21 
2 12 22 
4 5 41 15 51 
2 22 3 
2 3 17 
4 42 59 29 6 
2 3 37 
2 8 40 
2 5 15 
2 8 10 
2 8 5 
2 8 18 
3 15 34 53 
2 4 13 
2 7 8 
3 5 16 59 
1 37 
1 11 
3 5 47 28 
1 26 
2 22 8 
2 8 26 
2 10 11 
2 6 8 
3 22 40 50 
2 5 3 

3 5 3 12 
9 31 45 12 3 14 11 49 4 48 
18 19 4 18 2 16 22 24 37 33 11 56 43 50 7 5 9 1 14 
12 32 22 42 23 17 13 28 6 2 30 3 36 
22 8 34 38 57 54 17 26 3 21 6 1 60 10 43 53 20 9 55 51 52 29 7 
9 32 53 16 46 5 4 58 8 47 
3 5 3 15 
8 5 58 23 38 48 6 10 26 
13 51 19 18 46 13 39 15 42 5 45 35 30 3 
4 33 8 52 5 
2 2 3 
3 2 21 1 
2 4 9 
2 2 3 
3 9 7 27 
8 56 3 28 6 20 29 31 25 
5 34 5 4 27 49 
3 9 3 54 
2 9 3 
2 5 16 
4 39 36 5 12 
2 3 4 
5 24 4 8 57 44 
3 3 25 23 
3 16 55 24 
3 35 5 8 
3 47 15 17 
2 4 16 
2 16 5 
3 9 40 4 
2 16 2 
3 60 6 4 
3 10 3 40 
3 17 59 5 
2 26 9 
4 37 50 21 4 
3 3 36 41 
2 8 5 
4 9 21 44 41 
2 30 33 
2 37 39 
2 4 9 
2 3 5 
3 23 54 39 
2 9 2 
2 6 9 
2 27 6 
2 2 8 
2 17 2 
3 51 36 3 
4 9 52 5 50 
3 5 51 10 
2 5 6 
3 44 5 18 
2 5 25 
2 16 3 
2 23 5 
2 8 6 
1 34 
2 32 5 

16 5 15 22 57 24 20 25 10 34 48 29 4 53 3 60 49 
2 6 3 
29 4 57 35 31 37 25 15 2 53 1 27 24 11 13 7 41 23 38 28 14 10 18 16 19 6 5 20 40 42 
5 1 37 40 3 51 
13 9 55 38 8 27 21 33 30 54 7 3 26 1 
10 12 2 8 9 11 36 29 18 3 14 
2 3 5 
4 17 47 5 6 
5 26 6 45 5 17 
7 16 1 45 13 49 3 28 
4 12 6 46 3 
6 33 43 6 60 11 34 
3 3 46 10 
4 6 54 35 3 
4 1 39 3 44 
4 58 23 3 10 
8 58 39 19 59 36 9 8 50 
7 32 3 6 30 56 43 22 
3 3 41 17 
4 1 52 21 3 
2 20 5 
3 1 18 56 
2 16 3 
2 1 3 
2 1 3 
4 31 5 42 9 
2 5 3 
4 50 44 3 10 
2 6 1 
3 5 32 18 
3 3 26 47 
2 18 30 
2 5 12 
2 1 12 
2 14 3 
2 6 17 
2 3 4 
2 3 5 
2 15 17 
2 4 3 
2 19 3 
2 3 26 
2 18 12 
2 15 28 
2 9 10 
2 11 13 
2 31 8 
1 1 
2 1 10 
2 28 17 
1 4 
1 20 
2 3 1 
2 5 14 
1 5 
2 18 22 
2 3 1 
3 59 17 16 
2 17 58 
2 12 1 

11 18 3 12 30 8 26 47 27 9 4 53 
3 47 60 3 
19 34 15 45 36 23 6 28 4 2 42 33 13 58 46 35 1 5 24 11 
14 52 5 53 3 56 7 48 54 10 1 9 11 6 44 
10 14 3 17 55 50 21 4 22 7 18 
10 30 19 49 14 16 51 3 60 8 4 
5 4 35 5 17 23 
6 6 10 1 26 19 58 
4 32 4 1 12 
4 29 20 8 4 
2 4 3 
7 9 39 13 22 1 57 20 
10 34 15 57 12 45 3 46 25 41 24 
4 31 6 5 28 
8 27 3 13 38 56 25 33 16 
3 37 15 6 
5 37 5 29 7 36 
2 5 1 
3 6 8 32 
5 52 21 10 12 54 
2 5 20 
2 5 12 
3 43 3 7 
2 13 3 
2 13 15 
6 41 38 50 1 48 8 
2 15 1 
2 3 14 
5 17 31 42 10 39 
2 6 1 
2 14 29 
5 19 49 40 9 43 
2 3 15 
2 3 13 
2 7 3 
2 3 17 
4 16 17 40 55 
2 15 26 
2 29 12 
3 32 52 37 
2 26 13 
3 3 29 48 
3 23 55 32 
1 4 
2 13 3 
2 13 3 
3 2 51 1 
3 26 42 4 
2 32 6 
2 5 26 
3 59 47 6 
3 40 20 4 
2 4 1 
2 20 4 
3 37 43 5 
2 4 15 
2 12 13 
2 3 8 
1 51 
2 2 6 

6 48 37 59 46 3 10 
13 44 13 60 51 35 42 33 4 39 56 5 3 32 
17 4 27 23 19 33 7 12 2 35 5 40 58 39 1 9 18 36 
5 3 6 54 34 2 
20 7 28 50 41 57 11 53 17 2 9 10 15 16 43 19 47 30 32 6 3 
3 4 5 8 
10 20 13 51 24 3 8 5 18 12 45 
7 7 6 36 26 20 17 27 
7 11 21 58 3 5 47 24 
3 1 22 5 
2 5 9 
8 16 3 14 31 26 15 7 22 
4 14 56 7 2 
4 30 13 12 25 
3 5 12 40 
2 5 12 
5 42 38 8 5 29 
5 7 29 3 28 52 
3 3 50 5 
8 34 23 21 7 54 25 31 8 
5 49 45 59 9 20 
2 10 12 
2 3 20 
3 7 9 37 
3 46 20 14 
3 8 12 44 
3 48 8 3 
2 5 18 
2 17 18 
3 5 14 60 
2 20 12 
3 2 5 52 
2 3 2 
2 4 20 
3 3 2 49 
3 3 38 8 
2 24 1 
2 17 36 
2 3 2 
3 15 44 3 
1 5 
2 2 17 
2 51 5 
3 26 2 40 
2 21 7 
2 1 25 
2 5 9 
2 27 1 
2 21 35 
3 59 19 5 
3 43 2 7 
2 32 18 
1 5 
2 20 4 
0 
3 59 13 2 
1 5 
2 9 3 
4 21 56 1 50 
2 2 30 

12 14 26 3 45 34 7 8 48 25 4 32 10 
4 3 22 30 29 
13 7 12 24 46 49 16 35 2 4 1 42 5 6 
8 12 3 1 5 52 19 11 56 
13 4 16 3 58 22 15 6 19 56 11 17 25 9 
8 5 9 8 38 15 55 41 3 
8 18 30 1 45 3 10 54 40 
3 6 1 46 
3 27 5 6 
2 1 7 
4 4 13 33 5 
7 24 14 39 31 4 13 3 
5 21 20 11 12 27 
7 23 39 17 12 28 50 1 
4 5 6 57 36 
2 3 5 
8 5 14 23 52 20 32 18 50 
3 7 17 44 
2 5 4 
3 13 21 17 
2 20 13 
2 5 2 
4 43 37 14 17 
7 3 31 33 41 12 59 26 
3 1 28 5 
2 1 24 
3 29 13 9 
2 25 14 
2 27 2 
5 35 44 2 55 7 
3 38 24 12 
4 40 1 17 53 
8 24 48 11 51 34 36 60 37 
5 53 33 43 54 1 
2 30 3 
2 33 15 
3 53 23 33 
2 31 6 
3 14 55 12 
3 41 32 7 
3 24 6 40 
2 43 3 
3 42 23 34 
2 18 30 
2 7 1 
2 3 8 
0 
2 1 33 
2 55 3 
2 17 14 
1 33 
2 17 4 
3 37 34 32 
3 7 34 57 
4 39 6 49 30 
2 4 5 
2 15 54 
1 5 
1 24 
1 33 

4 42 5 3 46 
4 3 4 8 21 
29 26 32 4 27 22 16 11 15 19 59 12 31 1 33 20 30 38 10 37 5 8 13 2 9 58 7 23 6 44 
12 12 10 2 17 58 9 35 7 6 60 3 15 
5 42 1 27 20 3 
8 56 11 32 4 36 3 13 14 
5 4 3 51 41 23 
22 21 60 24 50 40 16 48 28 17 22 14 43 45 18 2 38 3 49 31 39 29 44 
5 4 40 3 25 59 
6 4 50 54 3 19 18 
2 3 6 
5 4 3 29 33 52 
3 51 6 3 
2 8 6 
4 4 34 57 3 
3 8 41 3 
6 8 30 57 26 34 4 
3 10 8 47 
2 10 3 
3 5 53 3 
4 8 25 36 2 
3 8 3 37 
3 3 7 24 
3 8 23 48 
5 55 56 45 9 21 
3 3 28 17 
6 46 3 47 39 53 5 
2 8 26 
2 8 12 
3 52 17 3 
2 3 8 
2 6 3 
2 3 12 
4 43 15 35 17 
2 4 34 
5 47 6 51 59 21 
2 3 22 
2 8 3 
4 27 8 42 49 
2 8 9 
2 16 7 
3 1 39 5 
3 47 8 34 
2 8 3 
2 25 8 
2 1 27 
4 36 43 18 27 
2 24 8 
2 39 8 
2 10 8 
3 7 13 36 
2 12 30 
3 60 27 20 
1 10 
2 25 58 
3 57 25 6 
3 17 56 15 
3 4 55 3 
3 36 9 3 
3 53 4 8 

2 3 19 
15 35 16 24 44 50 12 21 48 29 25 6 3 9 22 4 
30 53 1 9 32 8 19 54 14 42 4 7 40 39 34 5 18 23 29 49 6 12 2 55 11 28 37 13 51 60 25 
6 56 32 3 58 5 2 
6 4 7 17 3 11 10 
11 22 8 2 30 10 17 3 36 35 46 21 
2 5 3 
4 6 3 26 57 
8 41 49 2 3 47 46 27 40 
5 6 23 16 15 5 
5 3 34 30 5 38 
4 13 56 3 2 
5 12 15 3 18 14 
5 48 20 13 3 45 
3 10 33 13 
2 10 2 
8 6 54 31 20 28 26 5 50 
3 27 13 3 
5 1 24 31 3 45 
3 17 33 14 
2 2 6 
2 2 6 
3 3 52 10 
2 19 2 
3 3 51 2 
4 37 17 8 41 
6 60 9 18 38 53 47 
2 17 3 
4 42 2 3 44 
2 11 6 
2 19 17 
3 4 55 3 
3 36 15 20 
2 11 3 
2 6 2 
2 6 33 
2 3 26 
2 27 11 
1 3 
3 49 3 9 
2 9 26 
2 29 3 
0 
2 29 2 
2 19 14 
2 9 6 
2 27 9 
2 2 14 
4 9 3 55 40 
2 2 17 
3 54 3 25 
1 23 
2 3 27 
3 17 51 3 
3 3 32 49 
2 12 4 
1 8 
1 4 
0 
2 3 27 

1 3 
21 11 29 18 20 40 12 17 10 15 27 14 28 38 6 3 4 23 8 59 9 5 
19 14 9 40 21 2 16 4 6 41 18 11 52 54 10 1 7 15 29 43 
6 19 13 2 25 5 3 
4 16 31 4 2 
7 55 7 47 2 35 3 26 
5 31 6 3 44 8 
4 46 7 2 32 
6 35 3 2 12 53 32 
4 17 55 3 2 
5 3 33 2 42 13 
3 2 59 9 
2 4 11 
6 22 57 3 23 24 2 
5 20 2 3 50 28 
4 5 3 51 54 
3 10 52 2 
8 19 37 3 24 2 22 39 56 
5 4 25 56 18 36 
4 2 34 21 15 
2 3 20 
2 14 18 
6 48 26 60 30 2 14 
2 18 14 
4 19 38 27 4 
2 6 23 
6 25 41 51 2 48 58 
10 53 15 39 34 30 2 47 49 33 60 
2 3 2 
2 28 23 
4 7 42 37 5 
4 8 9 36 58 
2 11 28 
4 43 20 28 57 
2 6 9 
3 32 19 39 
2 31 18 
3 2 59 25 
3 18 36 28 
3 43 2 3 
2 27 3 
2 11 31 
4 52 40 34 3 
1 7 
1 58 
1 8 
2 28 6 
2 27 23 
1 28 
2 15 59 
2 16 27 
3 3 17 43 
2 28 9 
2 16 3 
2 10 6 
2 18 19 
2 34 14 
3 45 32 27 
4 12 2 50 38 
2 28 23 

12 4 10 3 43 6 12 22 58 19 59 8 37 
1 3 
20 5 8 17 44 23 4 2 26 25 30 11 50 53 27 21 1 24 37 15 33 
13 14 9 12 18 46 16 32 6 5 41 1 7 3 
5 47 38 4 52 3 
7 7 49 39 13 1 4 17 
4 4 29 6 60 
6 10 29 36 1 9 3 
11 39 28 8 4 27 15 11 13 30 54 60 
4 8 22 1 20 
6 24 9 54 3 14 35 
4 1 4 18 45 
3 6 59 9 
5 47 48 11 16 4 
2 9 3 
3 44 4 14 
5 6 42 45 31 3 
11 4 21 20 12 55 19 25 35 40 31 23 
2 1 18 
4 10 41 52 18 
3 18 3 51 
2 1 10 
5 26 28 18 3 34 
2 3 11 
2 3 18 
3 51 3 23 
4 48 9 3 57 
3 9 23 42 
4 7 38 8 32 
4 34 3 33 9 
5 17 18 53 49 56 
2 29 4 
2 3 30 
2 30 23 
5 49 46 44 18 11 
1 8 
3 1 3 43 
2 29 5 
2 9 6 
3 45 50 18 
2 4 20 
3 45 28 17 
2 1 37 
4 35 3 16 57 
4 42 17 12 40 
2 35 4 
2 14 5 
2 14 27 
3 35 6 31 
2 40 3 
2 26 21 
2 20 5 
2 31 3 
2 11 9 
1 18 
1 31 
2 27 44 
1 1 
2 1 13 
2 9 7 

3 26 3 23 
2 4 3 
27 7 24 18 27 49 36 14 41 22 56 59 9 11 25 23 42 46 45 2 31 19 5 1 44 4 8 15 
23 8 21 38 6 33 27 13 57 18 7 17 31 5 19 55 37 50 54 12 43 2 3 10 
9 12 10 3 60 41 4 6 58 14 
3 21 5 4 
11 22 52 60 9 16 4 30 13 11 3 15 
7 39 26 38 3 16 4 36 
2 3 7 
2 5 4 
12 3 24 29 37 17 46 44 47 40 7 28 35 
3 32 4 5 
3 7 28 4 
4 42 3 5 59 
4 29 48 7 3 
3 34 8 7 
2 11 4 
4 30 4 3 20 
4 4 3 43 20 
2 19 18 
4 4 35 25 6 
2 7 3 
2 1 3 
3 3 50 11 
3 3 21 39 
4 1 8 45 32 
3 40 3 4 
2 11 13 
5 33 15 48 11 53 
4 55 34 18 7 
2 4 3 
4 58 36 26 12 
5 46 29 4 55 50 
3 40 30 16 
2 11 21 
3 3 8 32 
2 4 11 
3 43 8 4 
3 8 56 25 
3 34 27 11 
2 3 5 
3 3 57 14 
3 19 38 4 
2 11 3 
2 26 3 
3 3 11 33 
1 11 
2 15 29 
1 3 
3 4 24 33 
0 
1 7 
1 29 
1 4 
3 4 30 33 
2 3 39 
2 4 42 
2 5 32 
2 3 14 
2 7 5 

7 36 22 4 44 6 3 5 
11 49 7 48 3 11 18 21 12 8 60 39 
23 41 54 20 4 53 35 17 10 1 52 19 6 25 5 15 42 11 31 27 34 23 2 16 
5 20 9 24 1 3 
15 58 30 12 13 26 24 23 21 59 1 3 52 47 29 57 
9 7 10 28 3 8 14 60 1 29 
7 2 6 44 31 34 33 51 
10 17 16 38 26 14 46 2 6 9 55 
6 13 28 8 59 49 4 
3 15 3 6 
3 3 35 2 
2 5 2 
4 5 9 40 25 
2 6 8 
3 3 10 37 
9 32 54 19 42 3 18 8 33 46 
5 41 37 8 3 22 
6 27 45 16 58 48 2 
3 55 16 3 
3 3 38 4 
4 30 5 32 2 
2 1 17 
2 5 3 
2 5 4 
3 3 51 13 
2 8 5 
2 3 18 
2 6 9 
3 6 5 50 
2 21 5 
3 7 3 51 
2 21 16 
2 7 16 
3 54 3 7 
2 11 3 
2 57 1 
2 15 17 
2 8 20 
2 56 2 
1 13 
2 17 3 
4 58 16 51 3 
0 
3 7 47 1 
2 18 49 
2 16 8 
2 44 5 
2 2 18 
5 45 52 9 53 2 
1 29 
4 25 7 42 31 
3 49 3 5 
2 49 3 
3 3 16 34 
2 8 19 
1 39 
2 5 36 
3 18 42 5 
2 5 9 
2 2 6 

11 3 15 59 18 48 7 16 4 17 32 14 
5 4 3 5 8 52 
16 58 2 42 9 5 38 11 35 1 6 31 20 54 36 60 29 
16 2 18 33 28 51 14 19 8 44 13 23 1 22 52 56 59 
10 46 3 11 21 7 12 6 36 2 34 
12 10 12 53 15 9 5 3 24 27 45 23 39 
5 26 19 5 1 21 
5 53 17 33 4 2 
5 6 3 10 37 13 
3 9 6 38 
4 3 22 24 5 
2 6 5 
10 9 4 25 42 41 20 37 55 39 29 
4 1 28 40 4 
4 6 16 43 1 
3 34 1 15 
6 41 1 25 45 27 8 
5 43 4 1 46 51 
4 30 7 4 49 
3 13 30 3 
4 57 5 7 26 
2 4 11 
5 40 4 35 31 6 
2 11 6 
3 17 13 50 
2 7 21 
5 17 32 60 6 55 
4 58 14 57 4 
2 13 3 
3 43 19 20 
2 23 3 
3 27 1 36 
2 4 8 
2 5 16 
3 39 23 3 
3 5 3 32 
5 47 9 43 45 13 
4 10 40 3 56 
4 13 56 35 6 
3 38 23 14 
2 13 17 
2 3 13 
4 18 30 15 37 
1 4 
3 17 6 37 
2 5 18 
2 50 37 
1 1 
1 19 
2 25 47 
2 18 4 
3 2 53 4 
3 6 8 52 
1 3 
2 27 13 
4 38 4 39 57 
3 28 21 56 
2 28 3 
2 4 1 
2 3 27 

5 13 4 9 3 5 
9 24 4 30 31 46 28 3 7 48 
10 7 40 11 27 54 2 20 1 10 14 
8 21 9 6 2 37 5 10 1 
20 25 49 44 21 47 37 43 15 29 13 1 28 12 18 42 4 6 19 11 8 
2 5 4 
8 58 52 8 25 44 47 3 2 
7 24 5 14 58 7 19 12 
8 34 32 33 4 41 43 53 1 
2 3 4 
3 3 17 5 
9 33 5 18 8 15 60 54 50 55 
3 23 1 5 
6 42 8 27 16 3 17 
12 5 53 52 38 46 20 22 16 35 26 56 12 
4 15 57 39 14 
5 36 26 23 11 14 
4 30 5 12 22 
2 8 5 
3 3 50 15 
3 5 29 4 
3 55 15 18 
5 32 13 17 45 34 
3 2 8 60 
5 5 49 56 7 41 
4 51 17 31 15 
6 14 59 3 35 38 36 
2 2 5 
2 21 5 
2 18 2 
3 2 56 26 
2 23 9 
2 9 12 
2 9 23 
3 27 15 47 
2 27 17 
2 5 4 
2 15 27 
2 16 47 
3 3 50 44 
2 25 9 
2 5 14 
3 49 9 5 
4 5 7 48 40 
1 23 
2 2 15 
4 7 39 35 5 
3 44 54 2 
3 25 5 43 
3 20 12 40 
1 26 
2 7 15 
2 15 9 
3 48 3 12 
2 22 12 
3 25 31 15 
1 16 
2 7 8 
1 27 
2 24 12 

8 19 15 3 10 48 4 20 6 
8 4 54 19 3 48 58 8 5 
14 45 37 27 1 7 17 2 28 39 11 12 6 36 41 
11 9 2 5 57 7 16 23 21 1 27 29 
9 11 28 51 12 43 59 2 4 44 
9 13 18 45 8 56 31 3 10 1 
5 59 25 3 4 13 
14 34 35 30 9 50 38 26 6 14 40 2 51 24 16 
9 39 4 26 30 8 43 18 35 42 
2 1 6 
2 3 5 
5 15 3 14 54 5 
3 6 17 7 
7 12 60 55 20 49 22 8 
2 12 1 
2 4 8 
3 13 3 23 
6 32 57 33 9 25 6 
8 46 1 31 2 52 36 50 24 
5 1 22 21 53 14 
2 20 4 
6 33 52 20 38 42 14 
3 4 47 17 
2 19 8 
2 18 7 
2 8 9 
2 4 3 
2 5 3 
1 4 
2 9 8 
4 39 59 6 19 
1 18 
2 22 18 
1 8 
2 8 9 
2 19 3 
1 3 
4 22 57 8 40 
3 9 31 3 
2 8 38 
2 48 3 
3 51 9 22 
2 9 5 
2 45 5 
3 3 44 6 
1 19 
1 23 
3 1 2 41 
1 14 
2 8 19 
3 42 5 8 
2 19 22 
1 20 
2 2 12 
1 14 
1 6 
3 18 38 4 
1 2 
3 5 7 31 
1 14 

5 7 4 12 39 3 
2 41 3 
24 6 57 58 2 5 14 4 20 12 30 7 23 45 17 31 11 36 50 55 51 1 53 22 24 
12 43 6 1 32 58 5 34 3 38 18 9 8 
11 39 24 19 15 4 11 10 8 33 27 3 
4 3 52 15 4 
9 23 1 20 21 54 13 29 22 3 
15 60 48 44 41 54 21 5 31 49 18 45 34 4 9 56 
15 56 17 38 26 14 8 16 52 25 10 4 47 44 30 13 
4 46 5 9 60 
5 16 42 5 57 3 
6 26 1 25 35 27 3 
2 9 7 
3 48 3 9 
4 6 49 5 35 
5 11 19 9 33 28 
2 9 3 
3 8 40 4 
2 5 16 
4 37 7 36 3 
2 8 7 
5 43 51 53 7 3 
3 3 47 7 
4 5 3 37 28 
2 9 12 
2 12 9 
4 32 12 29 5 
4 16 37 53 24 
4 27 34 46 7 
2 3 9 
4 44 3 8 47 
2 27 4 
2 16 5 
3 29 8 4 
2 15 12 
3 20 49 3 
3 24 20 28 
3 9 4 40 
2 1 5 
4 41 55 38 18 
4 40 8 58 2 
1 11 
2 22 4 
3 9 8 31 
2 8 3 
2 10 29 
3 31 9 23 
2 14 8 
3 36 8 15 
1 3 
2 3 22 
4 6 9 60 56 
3 3 28 22 
2 8 7 
2 40 3 
3 52 9 8 
2 3 11 
3 41 3 4 
0 
3 52 8 10 

11 4 56 7 3 5 24 8 10 34 36 21 
2 3 16 
21 43 7 2 9 5 24 14 12 50 13 6 56 4 22 39 15 27 45 52 59 1 
3 1 3 18 
6 17 6 3 31 1 25 
9 3 11 54 8 60 16 37 29 5 
11 11 51 3 28 1 20 44 34 13 9 22 
4 17 6 47 1 
14 7 12 41 48 21 14 49 40 15 26 10 35 19 3 
4 1 38 31 9 
8 27 6 25 58 7 26 46 23 
2 3 9 
3 3 7 18 
2 3 9 
4 3 19 30 9 
5 2 32 41 6 28 
8 42 46 8 5 30 23 33 32 
4 39 4 13 20 
3 9 15 37 
4 57 18 60 7 
3 1 9 43 
2 7 3 
5 17 45 29 11 54 
4 50 1 57 3 
2 5 11 
2 9 11 
4 11 59 3 55 
4 40 29 16 7 
3 23 28 6 
3 17 32 15 
2 10 5 
3 17 16 30 
1 17 
2 1 7 
3 46 42 9 
1 1 
2 6 19 
1 10 
2 18 3 
3 28 9 59 
2 16 9 
2 35 17 
2 21 3 
1 7 
2 3 23 
3 35 11 17 
1 8 
2 9 50 
1 9 
3 24 48 3 
1 7 
1 3 
0 
2 6 23 
1 27 
2 1 3 
2 24 20 
1 11 
3 3 27 40 
2 20 6 

8 9 14 54 5 4 3 39 6 
4 8 3 21 17 
15 51 2 9 30 16 22 13 4 18 1 27 25 26 5 23 
9 51 10 7 3 11 12 1 33 45 
13 6 15 23 7 38 12 1 8 41 47 3 57 52 
16 19 18 1 11 20 5 29 24 40 10 49 35 44 32 45 41 
6 48 21 52 42 4 5 
5 53 5 14 2 59 
3 3 35 1 
3 56 6 4 
3 4 24 6 
5 13 15 4 58 5 
3 12 16 3 
5 1 44 8 25 17 
4 12 19 28 5 
2 13 3 
3 53 2 14 
8 26 39 28 22 3 20 6 58 
5 15 50 47 6 30 
2 18 6 
3 2 7 48 
7 36 18 55 43 34 3 38 
6 31 5 33 49 3 27 
2 6 11 
5 44 33 3 14 55 
2 3 18 
3 23 3 36 
2 18 15 
3 59 35 6 
3 19 3 49 
3 38 23 48 
1 6 
6 53 25 23 4 42 58 
1 22 
4 51 9 29 6 
2 27 22 
1 47 
3 22 31 5 
3 40 18 1 
3 39 6 53 
3 6 5 55 
2 33 7 
1 22 
4 52 25 14 6 
2 6 4 
0 
3 19 5 37 
3 31 7 21 
3 30 23 6 
1 19 
3 35 3 4 
3 7 44 5 
4 33 17 8 40 
1 1 
3 22 41 25 
1 10 
1 5 
3 18 33 12 
2 8 29 
0 

13 6 38 28 36 10 43 3 34 20 27 9 45 26 
6 57 55 3 8 30 4 
11 1 19 13 9 2 5 4 7 6 40 12 
19 3 58 24 22 11 29 27 2 7 51 10 38 5 14 37 23 39 26 32 
7 8 20 3 12 4 22 53 
4 25 1 3 16 
11 13 15 40 59 25 4 43 19 21 3 50 
7 60 53 48 58 2 18 5 
6 56 3 47 11 1 15 
4 1 14 30 4 
9 23 24 17 18 52 9 31 50 4 
2 3 5 
3 3 7 16 
5 4 10 42 49 33 
8 36 7 9 28 32 21 17 29 
4 13 6 48 33 
3 11 15 37 
2 11 8 
2 7 3 
3 1 44 5 
2 7 15 
3 5 4 54 
2 4 11 
3 4 11 40 
3 46 6 7 
5 37 60 1 4 29 
3 31 4 1 
5 36 15 42 1 57 
3 15 4 26 
2 10 2 
6 11 34 32 56 59 27 
4 4 46 31 15 
2 16 14 
2 1 31 
2 37 43 
3 28 15 1 
4 4 17 35 26 
2 4 1 
1 4 
3 7 24 3 
0 
2 14 28 
3 7 35 1 
1 20 
1 1 
2 25 32 
4 9 50 60 55 
2 16 8 
1 14 
4 7 54 47 11 
1 4 
1 11 
2 5 8 
2 50 22 
2 47 2 
2 31 9 
2 28 2 
2 4 8 
2 31 7 
3 8 47 26 

4 3 56 17 11 
10 14 4 9 60 31 8 5 10 40 3 
18 1 7 6 21 33 23 5 4 10 43 15 35 12 2 32 8 30 57 
13 19 17 6 13 18 51 3 25 52 53 20 2 24 
4 3 24 7 2 
8 4 42 35 9 11 13 58 3 
8 5 16 19 44 45 27 48 3 
3 2 3 58 
2 2 6 
7 12 20 25 49 3 2 55 
9 42 14 59 6 23 45 33 1 26 
6 41 10 32 47 26 3 
10 28 29 22 6 18 34 46 15 59 4 
6 27 51 2 11 28 39 
4 3 37 16 13 
2 15 7 
4 30 29 1 4 
2 13 4 
3 7 4 56 
5 10 36 21 31 4 
5 22 47 48 3 20 
2 21 13 
2 11 3 
5 44 31 5 4 45 
5 4 35 34 47 10 
3 56 11 12 
7 42 46 14 41 35 39 7 
4 14 49 57 13 
2 17 13 
2 3 17 
3 2 24 20 
4 12 60 52 3 
4 55 51 3 11 
2 13 25 
4 6 3 27 25 
1 20 
2 46 15 
1 41 
2 27 14 
1 2 
3 38 12 27 
3 27 11 6 
1 3 
2 24 7 
4 7 24 11 54 
3 27 37 13 
3 25 12 21 
2 21 7 
2 28 10 
0 
3 4 14 33 
2 4 32 
1 4 
1 45 
2 33 10 
4 26 1 59 19 
2 28 3 
2 6 8 
3 13 11 56 
2 2 32 

4 21 44 26 3 
21 38 45 25 52 3 39 14 41 51 24 48 5 11 16 17 8 59 42 6 58 4 
15 29 1 57 24 51 5 2 12 36 34 50 56 9 19 4 
14 9 2 6 27 11 23 48 47 13 31 3 26 41 7 
9 10 3 8 45 46 19 40 2 16 
4 4 2 7 15 
5 32 4 38 18 6 
3 2 10 5 
2 3 4 
4 8 5 29 35 
17 2 18 17 12 15 42 39 37 31 54 4 30 28 27 36 20 13 
3 3 14 11 
6 60 50 22 11 49 4 
7 2 22 49 58 12 57 37 
2 11 6 
5 33 2 5 20 32 
3 11 55 2 
3 11 7 28 
3 23 5 3 
6 16 21 33 35 11 47 
2 20 1 
2 14 13 
4 4 50 19 38 
3 36 2 3 
4 2 38 39 43 
3 46 4 1 
2 11 4 
2 18 11 
2 10 3 
2 11 53 
2 11 4 
2 16 7 
3 16 20 34 
2 3 33 
2 20 10 
4 24 11 37 3 
4 41 14 11 36 
6 40 7 52 23 2 25 
5 54 11 44 25 2 
3 55 38 5 
4 2 4 37 60 
2 11 2 
3 54 25 57 
2 1 39 
2 2 5 
2 5 26 
3 49 20 4 
2 4 2 
4 13 47 14 50 
4 3 13 23 49 
2 2 3 
2 2 38 
1 30 
3 11 43 39 
2 40 17 
1 3 
3 3 43 14 
2 14 2 
1 2 
2 41 13 

10 5 16 3 32 58 29 28 25 4 36 
2 3 15 
21 14 19 12 27 54 6 39 9 32 35 18 8 5 37 55 52 2 4 34 1 45 
9 3 24 23 30 41 40 7 1 51 
15 8 51 31 39 21 26 7 56 14 20 60 1 3 38 6 
10 3 31 15 9 45 10 13 5 27 46 
7 22 37 17 5 24 30 4 
8 47 5 22 16 17 19 3 49 
10 33 11 3 59 34 56 52 6 44 10 
7 6 9 12 21 57 11 20 
6 9 33 25 10 47 18 
7 36 48 3 10 57 50 13 
4 12 6 55 50 
4 44 35 5 3 
2 6 2 
2 8 1 
2 8 7 
8 29 58 11 26 3 28 40 23 
2 8 3 
2 5 10 
4 10 59 25 5 
4 8 34 7 40 
2 18 4 
3 54 7 4 
4 11 1 30 21 
3 5 43 18 
2 3 6 
3 60 18 1 
2 18 1 
3 7 4 25 
2 5 6 
2 1 3 
3 9 11 46 
4 9 3 44 22 
2 14 3 
2 1 12 
4 56 3 43 7 
1 5 
3 5 3 55 
3 4 18 22 
1 4 
0 
4 37 26 52 53 
4 14 53 9 34 
2 6 3 
2 33 6 
2 11 8 
1 12 
1 8 
2 13 12 
2 5 4 
3 9 43 3 
2 43 44 
2 3 24 
3 39 3 13 
3 37 5 9 
2 10 12 
2 18 1 
2 9 21 
2 5 28 

8 7 3 4 51 23 11 8 34 
9 32 3 42 9 6 10 5 55 26 
19 7 6 9 5 16 13 12 4 2 17 24 1 46 20 10 31 14 51 36 
9 47 3 22 21 18 1 26 13 59 
10 15 21 2 23 49 3 56 43 8 20 
8 48 3 44 41 2 11 30 54 
3 36 3 1 
5 34 54 5 1 12 
8 15 3 39 31 17 55 41 2 
5 49 2 57 3 37 
4 28 25 1 6 
5 32 8 14 3 58 
4 45 3 4 33 
7 42 44 30 12 3 22 18 
4 9 16 5 37 
6 40 39 28 3 19 15 
5 53 9 19 3 24 
4 57 25 14 4 
2 17 16 
4 5 3 42 43 
2 4 5 
3 14 48 4 
2 1 5 
3 43 3 17 
2 11 18 
3 2 46 4 
0 
2 16 11 
1 53 
3 14 38 6 
2 3 9 
3 41 2 12 
1 13 
2 8 1 
0 
2 3 7 
2 15 10 
1 30 
2 9 16 
2 42 16 
3 32 6 9 
5 2 20 14 40 60 
3 5 20 24 
3 6 49 14 
1 13 
2 3 26 
1 4 
2 22 6 
4 5 53 10 44 
1 54 
2 1 3 
0 
3 49 29 17 
3 6 50 8 
2 2 9 
2 59 5 
2 18 10 
1 12 
2 4 56 
1 42 

10 7 3 26 33 28 29 6 5 15 21 
10 5 27 57 54 4 14 19 3 10 7 
20 47 49 52 11 13 30 8 1 4 9 46 6 21 2 25 20 39 22 34 29 
3 3 2 56 
5 11 1 15 57 2 
9 3 33 10 46 1 60 28 14 19 
12 2 44 39 12 36 54 1 17 23 8 49 9 
3 7 59 3 
11 3 7 17 30 24 20 48 16 12 43 13 
4 53 55 2 6 
4 3 48 52 5 
3 9 43 7 
4 9 31 55 3 
2 2 6 
5 5 38 16 1 44 
5 25 9 15 18 50 
3 9 7 18 
2 16 17 
4 2 6 27 40 
3 9 3 52 
8 50 48 35 59 38 29 1 3 
2 3 56 
3 27 7 35 
4 38 29 9 33 
3 3 43 16 
2 1 52 
3 19 2 23 
2 1 6 
4 21 24 3 1 
2 9 3 
2 13 46 
0 
3 6 1 24 
1 3 
2 23 21 
2 7 50 
1 45 
3 24 21 15 
2 7 3 
2 53 19 
0 
0 
3 12 25 9 
2 15 7 
2 37 47 
3 31 3 6 
2 3 45 
3 9 21 11 
3 3 58 7 
3 21 36 16 
1 60 
4 3 26 20 11 
3 40 60 10 
2 2 7 
2 13 10 
2 22 4 
2 2 5 
1 49 
2 21 8 
3 53 51 6 

5 3 39 4 20 19 
8 24 36 48 6 3 5 8 14 
12 2 10 39 9 27 8 14 5 22 4 7 1 
14 3 25 35 29 26 21 15 45 31 23 13 40 1 9 
8 30 6 2 3 43 11 12 22 
11 16 55 2 48 29 11 28 5 18 7 30 
11 57 3 27 18 6 20 15 51 23 17 47 
9 3 41 36 10 42 2 12 13 35 
4 32 4 3 26 
4 19 8 56 3 
6 57 49 5 6 16 32 
3 8 5 47 
4 4 8 37 40 
4 17 3 2 46 
2 7 4 
4 6 11 53 52 
2 7 14 
2 7 6 
3 23 1 10 
4 7 60 35 1 
7 36 22 4 35 40 31 41 
7 21 24 58 32 26 3 5 
4 19 4 7 27 
4 37 56 22 2 
1 4 
3 22 4 9 
4 7 23 3 32 
2 6 40 
3 38 4 6 
3 5 6 37 
2 21 4 
5 27 11 22 9 42 
2 58 34 
1 33 
6 42 50 8 4 21 20 
6 45 53 2 8 51 21 
6 24 59 30 13 47 51 
1 29 
3 1 41 3 
4 21 4 13 28 
3 8 39 21 
3 32 8 35 
1 5 
1 45 
3 44 36 4 
1 14 
3 12 37 7 
2 6 2 
1 11 
1 35 
3 36 7 37 
1 16 
2 36 16 
0 
1 6 
2 24 10 
2 7 11 
2 33 22 
1 37 
1 20 

10 5 46 4 48 6 8 9 3 10 28 
4 12 4 16 3 
10 5 26 33 11 15 16 14 1 24 2 
21 56 43 15 2 13 49 21 1 9 25 36 31 45 58 54 6 30 40 18 29 19 
11 53 51 17 7 34 1 27 41 3 35 25 
10 38 22 1 7 55 11 4 46 29 32 
11 21 22 34 52 31 10 8 5 28 6 47 
3 48 7 1 
8 44 19 1 4 57 14 12 49 
3 1 30 7 
6 3 6 13 18 50 32 
6 9 2 20 36 44 52 
5 4 20 11 37 23 
3 9 3 57 
4 3 42 40 4 
2 3 2 
5 5 56 44 28 38 
5 34 4 21 11 44 
4 38 9 4 33 
4 12 13 25 34 
4 7 50 4 18 
2 6 7 
5 50 41 54 24 13 
2 23 3 
3 4 20 5 
3 60 33 3 
1 5 
3 1 7 17 
3 54 4 6 
3 10 31 4 
5 58 4 30 43 7 
3 46 6 11 
5 37 26 3 51 19 
4 7 20 18 5 
2 42 5 
5 12 4 59 60 45 
2 13 33 
3 17 6 19 
1 55 
2 15 4 
2 23 5 
2 35 15 
2 31 4 
4 17 9 12 18 
4 4 49 36 52 
3 1 32 6 
3 59 7 53 
2 8 1 
3 4 9 45 
3 11 23 21 
3 5 58 33 
3 12 7 45 
2 47 5 
3 29 23 4 
2 39 6 
2 17 4 
2 14 9 
3 31 4 51 
2 47 36 
2 26 36 

19 9 7 41 6 40 11 26 3 49 4 17 13 52 47 27 48 51 8 5 
14 21 14 4 25 7 20 3 32 19 10 44 5 8 38 
6 28 2 19 42 1 9 
3 1 2 59 
9 11 30 2 1 56 17 6 34 22 
12 30 27 37 52 43 14 31 33 36 23 5 1 
2 2 1 
7 43 13 12 2 18 16 1 
5 3 10 12 16 1 
2 9 2 
3 1 37 5 
6 55 8 25 40 26 9 
9 24 22 8 18 1 38 39 45 15 
5 2 15 21 32 6 
2 14 13 
4 8 9 17 26 
5 16 39 1 33 5 
4 13 24 35 8 
2 3 2 
2 2 42 
5 51 54 14 23 2 
4 13 5 55 60 
3 60 21 6 
4 18 27 13 39 
2 2 12 
3 16 1 12 
3 24 6 1 
1 3 
2 56 38 
3 50 6 5 
2 6 43 
2 14 2 
4 58 41 17 6 
2 37 5 
1 18 
1 6 
3 6 11 34 
4 59 2 29 13 
4 24 13 53 17 
2 1 12 
2 33 1 
3 45 3 20 
3 6 8 31 
2 59 2 
3 42 47 13 
0 
2 45 1 
1 1 
1 1 
1 30 
2 21 1 
2 1 6 
1 39 
1 21 
2 22 12 
2 5 29 
0 
1 33 
3 44 38 4 
2 23 22 

5 4 27 34 18 3 
12 33 5 13 15 3 47 4 50 28 20 6 41 
16 49 2 37 54 20 15 30 7 16 36 59 42 48 1 14 8 
6 5 10 2 1 8 51 
12 4 39 6 46 12 47 2 33 55 35 24 11 
13 16 13 7 2 11 21 18 25 10 5 9 14 56 
6 12 9 6 55 3 23 
5 3 24 31 4 36 
8 23 45 7 43 38 22 31 6 
6 26 19 4 27 6 17 
2 5 6 
4 7 34 5 60 
3 6 25 2 
2 3 6 
6 29 42 31 2 3 41 
2 3 6 
2 10 20 
2 6 1 
2 55 10 
8 56 29 50 24 3 17 2 23 
1 6 
1 9 
5 34 9 49 7 20 
5 5 53 20 8 28 
5 6 39 44 46 13 
1 10 
2 10 1 
7 60 45 58 57 2 35 24 
5 15 60 53 57 20 
4 33 51 3 35 
3 8 15 9 
0 
4 2 30 36 5 
3 12 23 1 
3 30 5 28 
3 33 3 8 
2 3 46 
1 9 
2 5 25 
1 54 
2 15 2 
3 48 3 15 
2 59 9 
2 25 50 
2 28 9 
5 54 37 5 25 47 
3 5 46 2 
2 3 42 
2 3 23 
3 44 20 2 
2 30 4 
0 
2 29 24 
3 46 40 3 
4 5 58 19 7 
2 6 20 
2 28 29 
2 55 28 
2 43 3 
3 29 28 12 

7 9 5 15 3 4 6 26 
1 3 
10 10 4 7 34 16 2 8 15 11 1 
19 12 30 28 6 23 18 35 3 17 40 53 1 13 7 42 27 5 29 54 
11 39 21 51 22 1 9 12 10 4 8 11 
2 4 1 
8 23 3 42 13 4 52 14 41 
2 3 5 
14 47 49 1 5 58 37 14 17 30 41 19 59 55 36 
5 33 52 5 3 18 
6 5 25 32 20 3 35 
6 38 5 26 4 24 45 
2 4 7 
6 7 37 9 29 19 58 
7 32 3 40 28 60 1 54 
4 41 3 17 59 
5 16 26 9 4 29 
2 10 4 
5 40 9 30 35 14 
3 21 11 22 
2 20 5 
3 20 5 32 
5 4 49 56 7 38 
1 12 
2 11 51 
3 12 1 17 
4 4 44 50 46 
2 4 15 
4 14 45 17 4 
7 44 19 48 9 42 4 43 
1 58 
4 22 39 15 11 
3 52 10 53 
1 3 
3 11 19 4 
1 9 
2 9 14 
3 23 57 12 
3 53 5 32 
3 4 15 19 
3 9 7 16 
3 30 4 7 
1 30 
2 27 30 
2 12 29 
1 27 
1 9 
1 30 
2 23 9 
1 27 
4 57 25 52 5 
4 10 51 7 33 
3 39 4 33 
2 4 15 
1 9 
1 23 
2 51 38 
3 14 31 9 
2 16 9 
1 15 

5 8 57 22 19 3 
5 4 3 46 55 7 
23 34 7 43 38 31 6 10 16 19 35 5 4 8 48 56 17 1 18 21 2 20 41 9 
13 25 2 6 59 48 33 49 34 57 5 3 42 20 
6 54 13 4 47 53 3 
6 45 9 4 39 3 33 
10 40 44 41 58 17 2 43 3 31 59 
7 15 3 11 52 1 12 10 
6 3 56 51 54 11 6 
7 45 18 13 8 14 25 3 
6 12 8 21 9 26 30 
2 8 11 
3 28 5 10 
4 10 53 38 16 
2 8 22 
7 31 3 60 46 27 20 14 
4 3 51 19 7 
2 3 10 
11 32 36 43 17 49 1 57 3 45 29 31 
5 50 21 3 4 16 
4 3 24 11 20 
4 15 57 25 1 
0 
1 21 
6 22 58 33 4 10 48 
4 11 40 46 59 
9 39 16 37 44 56 48 47 50 34 
1 13 
1 19 
2 55 11 
4 3 16 19 7 
1 19 
3 4 25 6 
4 3 4 27 43 
1 3 
1 19 
2 44 27 
2 14 3 
2 6 27 
2 26 7 
3 7 3 54 
1 4 
4 19 34 7 3 
3 7 27 37 
3 6 10 19 
3 2 16 26 
2 5 27 
5 60 25 3 27 4 
3 4 56 19 
2 20 27 
2 9 17 
1 8 
2 5 14 
3 5 9 41 
2 30 2 
4 27 49 9 3 
4 4 1 19 22 
2 7 25 
3 7 4 26 
2 16 48 

6 11 51 8 5 9 3 
23 12 14 53 26 37 16 29 4 51 13 5 25 17 3 6 47 46 23 56 19 31 34 30 
32 49 19 36 41 4 52 50 55 42 15 40 38 59 8 33 1 46 57 2 10 56 26 18 32 6 12 35 7 30 13 22 27 
7 3 39 10 7 28 2 21 
5 2 21 1 23 17 
4 3 22 2 38 
3 9 4 3 
5 1 29 3 48 15 
2 7 1 
7 20 11 34 32 37 3 4 
2 1 10 
6 2 49 58 60 14 3 
6 3 28 2 16 39 15 
2 2 12 
3 3 8 13 
4 13 27 2 53 
6 60 42 5 2 28 22 
2 3 37 
4 2 24 23 3 
7 36 29 23 24 27 10 50 
5 55 5 4 35 26 
5 17 6 32 3 36 
5 2 20 19 5 29 
2 20 19 
1 2 
3 21 2 3 
5 16 37 3 20 30 
3 4 17 13 
4 20 2 23 8 
6 44 38 2 40 3 27 
2 32 2 
4 3 22 31 10 
1 3 
2 2 10 
2 3 21 
3 20 3 22 
4 2 18 10 27 
3 3 6 30 
2 4 13 
3 50 30 3 
2 3 47 
3 17 3 51 
0 
2 30 46 
0 
3 2 3 44 
2 2 41 
1 8 
2 3 12 
3 20 3 40 
4 42 2 1 52 
2 3 51 
2 2 16 
0 
2 21 3 
2 3 2 
1 3 
1 12 
1 3 
2 12 17 

14 26 24 3 4 20 29 39 5 6 51 16 42 11 44 
4 3 24 20 12 
14 60 55 25 6 26 1 34 2 14 4 13 7 8 46 
22 14 17 22 1 13 27 3 32 5 35 31 23 16 19 9 21 41 8 30 10 58 15 
5 15 1 9 45 4 
8 11 59 40 1 3 51 7 18 
3 3 6 23 
4 4 3 49 10 
4 33 5 4 41 
2 4 8 
2 6 1 
2 2 14 
6 4 16 3 60 20 43 
4 18 3 4 12 
3 5 4 45 
6 4 45 47 35 1 13 
2 58 4 
2 6 14 
6 28 25 44 24 4 31 
6 50 43 2 13 53 1 
7 58 40 52 36 4 24 39 
1 4 
2 7 4 
6 54 2 19 1 21 42 
3 59 3 19 
3 27 3 1 
2 26 4 
1 19 
1 1 
1 4 
4 33 19 4 55 
2 4 44 
2 31 9 
1 3 
3 16 4 41 
1 21 
0 
1 57 
2 21 1 
3 54 21 6 
3 4 35 9 
2 1 24 
2 13 20 
4 48 1 32 19 
3 5 15 16 
3 49 60 3 
1 16 
1 44 
2 46 8 
1 20 
2 6 1 
1 21 
1 20 
2 40 24 
2 3 31 
0 
1 38 
3 4 21 17 
2 25 6 
3 46 13 3 

3 3 5 44 
20 7 10 36 53 52 35 51 20 40 29 18 6 8 50 12 11 21 3 15 4 
14 12 32 34 23 9 13 1 5 24 49 4 44 20 2 
9 6 2 32 3 15 19 26 28 35 
7 10 9 57 33 16 3 1 
8 7 8 22 43 50 4 31 2 
8 19 6 2 60 13 58 18 25 
8 56 31 2 6 37 33 14 45 
2 3 5 
3 2 5 21 
3 12 2 25 
8 50 19 11 2 46 3 28 29 
5 37 17 3 7 43 
4 22 35 8 18 
2 4 2 
1 5 
4 13 37 28 27 
5 2 36 14 38 7 
3 4 12 7 
2 3 2 
3 2 10 56 
2 6 14 
1 3 
4 3 30 32 48 
5 42 7 11 53 48 
5 47 38 4 36 43 
2 34 17 
4 17 12 4 31 
3 2 54 12 
1 24 
3 8 6 28 
5 50 4 24 3 33 
3 8 32 5 
3 55 27 3 
3 4 2 14 
3 2 18 26 
7 13 49 39 17 8 52 40 
3 58 26 18 
5 47 44 37 54 52 
2 2 37 
1 45 
1 25 
3 6 13 26 
4 56 1 39 3 
3 41 8 57 
2 12 59 
3 26 39 57 
2 25 24 
2 3 37 
5 12 53 2 32 6 
2 60 2 
3 37 39 2 
3 25 50 2 
2 39 29 
1 34 
3 8 21 44 
3 45 5 47 
2 7 38 
1 46 
2 51 7 

16 21 58 13 24 16 43 12 11 3 5 8 18 48 6 41 14 
3 4 3 39 
24 57 14 56 4 20 12 39 40 2 52 7 46 1 13 15 25 48 27 22 29 10 5 54 16 
9 8 2 7 51 3 23 31 30 21 
4 1 15 6 3 
8 32 18 9 1 5 28 17 26 
9 3 10 43 24 35 46 19 4 44 
2 4 1 
3 14 6 17 
9 59 16 23 3 30 11 42 7 52 
3 10 1 41 
4 24 60 1 3 
5 3 27 1 55 17 
4 37 1 3 9 
3 5 3 47 
6 3 39 1 22 10 56 
6 9 6 39 57 21 13 
5 6 49 46 1 40 
1 7 
1 3 
6 17 4 1 55 25 28 
2 16 3 
3 26 10 4 
7 48 1 30 41 46 7 12 
3 3 21 38 
3 27 6 23 
9 43 38 26 3 29 48 13 36 47 
2 21 6 
2 27 3 
3 10 24 4 
2 51 4 
2 6 54 
1 34 
4 53 59 42 33 
1 7 
1 27 
2 54 14 
2 27 25 
4 16 3 17 2 
2 18 3 
3 24 1 11 
3 58 10 34 
3 7 1 27 
2 45 7 
1 44 
4 18 7 24 3 
2 27 15 
4 24 3 27 1 
1 18 
0 
2 31 4 
2 10 3 
1 34 
3 37 3 32 
2 21 13 
2 16 3 
2 3 17 
2 42 1 
2 10 34 
1 12 

5 3 6 15 37 45 
20 32 50 51 55 48 6 7 18 4 36 13 19 23 41 3 38 22 16 14 34 
5 2 5 4 40 1 
20 17 2 13 47 52 9 18 37 11 49 21 57 60 10 25 29 15 3 20 5 
11 3 11 7 48 8 34 30 19 47 9 4 
8 2 21 1 58 12 28 50 8 
2 5 2 
5 6 17 9 22 5 
5 4 5 8 11 20 
2 33 4 
3 5 4 9 
2 6 30 
3 4 27 2 
1 2 
2 1 4 
4 19 2 26 42 
3 4 8 32 
2 4 2 
4 5 2 37 16 
2 9 4 
8 45 6 37 23 34 47 54 4 
6 59 8 31 25 2 60 
4 2 36 21 42 
6 53 51 34 29 35 38 
4 22 36 4 33 
4 52 16 28 50 
2 40 13 
2 6 26 
3 60 4 24 
3 49 12 5 
2 22 50 
3 17 2 49 
4 58 25 55 10 
5 24 5 21 41 2 
1 24 
7 2 38 23 45 56 59 25 
5 19 21 1 4 47 
4 24 2 55 36 
0 
2 27 3 
2 2 34 
2 23 16 
3 57 53 44 
1 43 
3 1 21 36 
0 
4 37 4 21 5 
2 5 2 
3 32 4 30 
4 2 31 26 6 
2 2 24 
2 4 26 
2 24 43 
1 21 
3 38 33 2 
1 36 
2 4 43 
2 6 33 
2 36 22 
3 22 4 29 

9 6 11 3 19 14 5 23 9 16 
3 4 37 3 
16 5 59 1 7 48 53 19 50 9 46 2 26 4 15 6 13 
12 41 8 43 13 3 24 7 30 36 28 32 2 
8 24 10 27 3 25 1 58 15 
2 3 1 
4 43 4 3 17 
2 4 26 
11 40 43 27 23 24 55 1 30 46 3 10 
5 5 9 60 12 35 
1 1 
2 14 10 
5 52 3 4 31 42 
4 1 33 12 57 
4 3 41 16 5 
4 24 15 59 1 
6 7 36 20 51 22 27 
3 25 26 39 
2 3 1 
1 17 
0 
8 17 42 54 31 35 38 32 29 
3 53 9 1 
5 5 16 9 4 44 
4 5 39 33 18 
5 8 28 54 18 3 
3 17 5 9 
2 4 26 
1 22 
2 4 9 
5 13 59 53 22 58 
2 4 22 
2 25 14 
1 46 
2 10 22 
2 4 17 
1 2 
1 22 
2 25 18 
2 9 49 
3 4 44 15 
3 22 56 13 
3 7 4 9 
3 45 41 24 
1 44 
3 3 34 9 
0 
1 3 
1 40 
2 56 3 
1 17 
1 13 
3 23 31 3 
2 26 22 
1 9 
2 42 50 
1 14 
2 5 31 
3 3 31 16 
1 10 

8 45 18 7 26 8 25 3 16 
3 6 3 4 
13 5 1 46 31 9 4 15 55 2 51 20 14 7 
9 53 6 13 54 2 11 9 3 5 
2 3 4 
11 31 52 11 17 29 8 49 10 33 4 2 
8 20 16 22 3 37 21 1 12 
3 23 1 6 
5 4 47 18 30 3 
6 39 21 6 14 12 43 
6 51 20 40 33 6 4 
2 10 7 
4 4 32 26 51 
3 3 10 54 
4 3 18 36 53 
5 7 28 1 41 17 
3 6 29 16 
4 60 1 9 15 
1 42 
7 52 56 22 11 7 38 3 
2 7 10 
2 7 20 
5 57 39 42 25 8 
0 
7 1 60 35 23 34 49 27 
5 35 1 13 38 45 
1 25 
5 16 56 55 31 59 
3 6 17 34 
1 9 
4 6 3 28 54 
1 13 
2 11 6 
2 25 29 
2 26 25 
2 57 15 
3 40 7 44 
5 47 20 26 55 44 
3 46 10 23 
3 37 11 48 
1 16 
3 23 45 19 
1 10 
2 37 38 
4 1 26 50 42 
2 3 39 
2 9 38 
1 40 
2 25 6 
1 45 
3 3 13 11 
2 20 6 
2 15 4 
3 31 4 14 
3 3 38 28 
3 20 28 58 
2 23 36 
1 56 
1 28 
2 18 25 

14 16 3 30 36 6 18 17 42 11 58 12 24 41 45 
8 57 3 17 25 21 8 36 4 
8 1 13 4 9 2 5 45 15 
2 3 2 
11 60 39 10 3 49 20 27 15 8 45 54 
4 53 1 57 37 
0 
8 44 29 2 40 5 32 52 28 
15 28 38 23 48 13 34 11 16 10 47 14 36 3 25 18 
6 22 12 41 5 17 9 
5 12 24 36 9 1 
5 10 11 35 26 1 
4 3 19 33 9 
3 56 31 9 
3 5 17 3 
4 19 9 1 44 
9 32 10 15 52 59 2 41 1 21 
8 34 9 30 27 48 39 1 37 
3 16 13 24 
6 49 33 5 60 21 23 
5 29 17 2 22 20 
5 21 42 10 40 50 
2 20 9 
5 19 56 11 51 1 
3 46 2 9 
2 30 12 
3 5 38 18 
5 9 42 35 43 8 
3 8 21 50 
3 1 18 26 
1 14 
2 17 8 
2 13 20 
2 9 18 
2 28 12 
5 47 1 9 2 11 
2 6 18 
2 9 27 
3 58 18 5 
2 22 8 
3 10 1 17 
4 43 1 28 22 
2 28 42 
2 8 16 
4 59 1 5 3 
1 25 
2 36 9 
2 9 18 
2 5 20 
3 22 55 29 
1 24 
2 17 8 
1 6 
1 5 
3 58 57 50 
2 24 14 
3 55 6 2 
3 39 55 1 
2 17 45 
2 5 20 

11 42 3 4 46 5 29 23 36 17 43 16 
25 43 13 35 34 12 8 47 54 17 22 6 32 33 53 3 4 58 59 44 16 25 7 11 9 31 
2 2 1 
8 10 1 5 47 2 7 12 29 
14 52 8 1 23 46 19 49 26 20 25 4 6 15 10 
9 11 5 20 7 9 2 28 38 33 
8 4 22 39 6 2 37 59 27 
6 14 2 34 28 52 5 
3 14 6 2 
6 5 31 44 4 35 53 
4 2 13 51 6 
6 26 49 32 4 34 2 
9 2 50 55 24 11 23 29 16 18 
3 19 9 8 
1 5 
3 2 1 13 
4 30 32 2 1 
4 13 21 41 22 
2 5 14 
3 5 40 6 
2 27 18 
4 2 18 40 7 
3 13 1 5 
5 60 46 13 47 58 
3 5 51 2 
3 5 12 60 
5 7 21 42 33 39 
4 6 8 53 31 
4 50 1 4 13 
1 17 
4 10 37 28 2 
4 38 2 17 12 
4 2 54 6 27 
4 2 8 12 35 
4 2 56 34 10 
3 48 56 1 
2 31 7 
3 48 32 6 
2 27 7 
2 22 20 
2 18 43 
7 57 43 54 55 27 1 44 
4 1 2 41 42 
3 42 2 10 
0 
3 24 5 1 
3 2 24 4 
2 38 36 
2 12 5 
2 29 13 
2 25 11 
2 5 8 
3 10 28 2 
3 42 33 2 
2 42 13 
3 35 36 59 
1 42 
2 2 24 
3 2 7 56 
2 24 26 

13 4 54 5 28 35 9 42 6 24 23 60 3 13 
0 
3 1 9 10 
15 5 8 6 11 35 13 21 7 1 20 50 55 51 24 59 
5 4 1 29 25 23 
6 4 10 38 1 19 33 
5 56 21 15 12 4 
5 15 14 4 26 18 
2 3 1 
6 41 57 48 6 46 3 
10 30 58 37 4 31 57 54 14 19 18 
3 27 28 7 
4 24 1 39 4 
7 8 11 32 28 22 42 45 
2 7 8 
4 49 39 41 20 
0 
2 8 11 
5 27 37 34 11 6 
2 4 16 
2 7 4 
2 14 40 
3 1 5 38 
3 1 4 13 
3 5 56 26 
2 8 25 
3 19 45 12 
3 14 1 12 
2 30 5 
3 29 49 11 
3 50 11 44 
1 14 
1 6 
1 19 
4 36 53 4 1 
1 35 
5 11 52 19 48 47 
2 6 23 
3 16 40 13 
2 22 39 
2 16 10 
2 1 14 
0 
2 31 52 
3 27 14 60 
1 10 
2 37 51 
2 10 37 
2 30 16 
2 31 4 
2 4 47 
2 37 44 
1 35 
3 55 11 1 
3 60 4 54 
2 25 7 
2 10 11 
1 11 
1 4 
3 1 45 55 

0 
7 18 40 7 17 3 52 12 
13 37 2 20 15 9 11 4 49 51 41 6 57 26 
12 22 8 3 35 39 23 5 10 27 33 36 7 
3 14 4 24 
10 3 32 19 16 30 48 20 8 36 10 
8 11 40 2 58 55 22 28 4 
10 39 34 18 41 51 6 26 4 12 13 
7 30 31 19 3 29 48 25 
3 14 6 4 
5 3 57 44 7 27 
4 21 15 2 8 
3 8 31 42 
8 53 5 17 45 50 16 21 10 
2 3 12 
2 14 6 
3 14 2 38 
4 2 8 44 54 
6 25 6 9 32 56 50 
2 6 3 
2 12 14 
3 7 4 29 
3 60 4 46 
1 5 
4 53 19 46 9 
4 3 59 8 43 
4 11 56 4 37 
1 7 
4 47 9 22 34 
3 9 6 33 
2 13 9 
4 43 6 19 59 
3 49 4 30 
4 29 47 52 8 
3 38 55 4 
2 4 6 
2 27 3 
3 45 35 17 
2 4 8 
2 7 2 
2 8 3 
1 13 
2 26 32 
2 18 11 
2 38 14 
2 23 25 
2 34 29 
2 6 9 
2 33 3 
2 14 19 
2 8 3 
2 34 2 
2 14 25 
1 18 
2 7 35 
2 19 27 
3 11 3 58 
2 7 57 
2 26 32 
1 23 

1 3 
18 10 18 21 51 11 23 42 17 24 4 15 28 5 13 26 3 40 52 
15 30 4 7 9 6 2 38 18 5 1 45 10 8 14 46 
9 35 27 2 32 29 14 53 8 3 
4 6 7 2 3 
16 11 32 5 34 59 36 56 12 24 41 20 13 16 22 3 19 
6 20 3 34 37 5 15 
6 9 3 31 33 4 35 
2 8 3 
5 2 3 48 36 17 
5 31 2 12 6 43 
3 41 6 11 
11 6 26 28 38 2 58 43 25 59 19 16 
4 4 42 3 30 
5 55 2 21 7 49 
3 13 48 6 
3 2 10 29 
3 50 3 2 
2 6 13 
6 7 56 6 25 40 22 
3 2 51 15 
4 6 20 33 23 
2 2 22 
2 2 6 
5 27 37 39 13 20 
5 2 58 45 13 47 
5 49 39 54 4 25 
4 57 2 13 44 
2 4 17 
2 14 3 
2 11 8 
3 4 6 60 
3 53 22 8 
3 7 6 50 
2 4 8 
3 10 6 52 
3 44 7 25 
3 57 3 13 
2 27 25 
2 20 2 
4 46 55 12 6 
3 2 14 60 
2 13 11 
3 28 37 47 
2 3 26 
2 41 3 
2 44 26 
2 16 10 
2 15 27 
2 18 34 
3 54 2 21 
2 2 36 
2 4 33 
2 27 51 
2 15 41 
2 6 20 
2 28 38 
2 13 26 
2 6 13 
2 42 32 

11 13 8 28 24 3 5 25 10 59 47 29 
15 11 60 17 31 21 3 5 18 56 49 7 37 38 22 4 
14 50 9 30 4 1 2 26 56 19 8 7 12 33 6 
4 2 51 3 9 
18 21 58 6 27 33 32 34 20 16 15 10 31 42 46 2 45 1 14 
5 57 13 5 3 16 
3 19 3 2 
2 3 1 
8 17 46 4 11 29 3 44 15 
3 1 5 48 
5 14 9 2 12 28 
4 11 3 20 44 
11 6 50 37 42 52 34 45 23 1 35 60 
2 5 11 
2 9 5 
2 5 6 
7 52 9 41 53 2 18 43 
7 25 2 22 39 32 23 17 
2 7 3 
4 24 51 12 5 
2 5 2 
4 36 27 18 2 
2 13 18 
2 20 1 
6 18 57 40 26 58 1 
5 35 3 30 25 41 
2 5 22 
3 11 40 1 
4 1 9 54 55 
4 3 53 43 26 
2 2 5 
4 18 5 39 36 
2 3 5 
5 5 13 48 54 47 
2 13 26 
3 22 32 38 
3 49 13 2 
2 36 2 
2 18 32 
2 28 25 
2 26 17 
2 13 5 
2 30 17 
3 9 12 55 
3 5 59 13 
2 5 9 
2 1 34 
2 10 34 
2 2 37 
2 13 3 
2 20 4 
2 13 17 
2 17 30 
2 29 34 
2 29 44 
2 2 3 
2 25 6 
2 5 25 
2 45 1 
2 13 2 

2 36 3 
17 17 39 15 4 21 8 10 7 6 11 5 3 14 40 22 44 9 
20 2 19 1 52 49 5 60 9 6 13 18 30 16 35 54 7 8 24 4 47 
5 13 3 2 10 43 
5 49 2 12 26 3 
13 37 22 48 27 12 23 44 43 38 3 41 16 2 
3 51 3 2 
5 2 11 3 18 26 
9 2 25 46 3 14 56 36 35 57 
6 59 2 19 4 34 40 
2 8 2 
4 5 27 20 6 
2 4 3 
14 2 23 46 45 53 20 9 28 25 15 50 55 51 17 
4 14 2 32 54 
2 3 6 
2 14 2 
4 24 8 3 52 
3 3 30 10 
4 14 12 21 41 
2 20 2 
3 2 6 28 
7 57 45 42 32 14 33 6 
5 18 31 3 42 48 
4 29 33 9 14 
2 5 8 
6 34 29 31 47 6 12 
4 22 14 37 38 
2 25 27 
3 59 3 19 
3 55 27 24 
4 58 23 39 15 
3 23 50 25 
3 56 27 10 
2 9 3 
2 9 1 
3 53 28 6 
2 28 6 
3 58 32 2 
2 10 2 
2 20 6 
2 23 24 
2 6 4 
2 6 2 
2 14 23 
2 14 9 
2 3 27 
2 6 24 
2 3 5 
2 33 14 
2 7 14 
2 18 3 
2 14 37 
2 3 15 
2 31 14 
2 34 9 
2 9 23 
3 39 60 32 
2 10 30 
2 3 58 

4 8 3 13 5 
20 7 8 17 15 44 27 23 4 10 6 41 5 36 16 55 12 3 47 24 30 
12 11 4 14 58 7 54 1 2 19 9 46 38 
12 48 22 60 33 2 29 3 6 11 18 12 9 
10 2 50 13 36 23 15 29 37 1 21 
9 58 28 19 45 30 14 10 4 2 
6 24 2 3 52 26 51 
9 2 17 31 28 39 22 32 20 1 
3 4 18 3 
5 16 42 6 20 2 
6 3 4 27 37 56 57 
9 25 51 54 2 49 4 40 32 35 
5 1 5 43 41 59 
2 3 6 
4 5 26 53 2 
3 2 25 10 
2 2 8 
3 59 4 9 
4 49 6 21 3 
2 10 8 
2 19 5 
8 4 34 39 46 8 33 48 60 
2 2 5 
2 7 2 
2 16 12 
5 7 57 42 15 31 
3 2 38 11 
3 6 34 8 
2 5 4 
3 2 55 6 
3 8 35 26 
2 12 8 
2 22 4 
2 22 28 
2 12 31 
3 5 2 40 
4 5 50 11 44 
3 56 3 27 
3 52 8 22 
2 36 12 
5 2 47 43 13 53 
2 26 10 
3 41 45 13 
2 2 37 
2 6 43 
2 3 22 
2 2 41 
2 4 22 
2 12 19 
2 37 5 
2 7 12 
2 39 7 
2 41 15 
2 3 12 
2 30 2 
2 11 38 
2 11 26 
2 6 3 
2 13 18 
2 4 22 

12 19 9 31 5 3 49 21 4 59 24 6 33 
2 3 43 
19 11 27 38 35 25 2 39 29 16 8 26 28 1 12 17 18 5 15 4 
25 3 1 22 27 44 52 7 6 15 17 18 13 31 16 58 36 53 54 42 56 28 10 14 21 30 
7 3 20 32 24 45 1 52 
11 46 1 14 23 35 60 4 9 8 20 7 
7 34 10 6 40 47 54 4 
8 11 3 6 13 58 26 36 43 
5 1 19 6 12 57 
5 41 7 57 56 4 
2 8 3 
6 29 32 22 9 55 3 
4 48 4 23 8 
4 38 48 4 6 
2 3 4 
2 3 4 
2 4 3 
5 4 25 30 3 40 
2 9 1 
3 50 5 6 
2 4 1 
2 4 12 
2 13 6 
2 5 1 
4 42 3 37 18 
2 3 8 
6 4 33 59 39 3 41 
2 4 3 
3 12 37 3 
3 4 18 46 
3 1 4 49 
3 12 5 34 
3 27 55 1 
2 7 32 
2 6 3 
2 8 4 
4 51 29 25 50 
3 14 3 51 
3 44 3 27 
2 18 7 
3 47 10 27 
4 45 4 53 25 
2 8 2 
2 4 39 
2 42 5 
2 30 6 
2 41 7 
2 13 14 
2 31 1 
2 37 20 
2 38 37 
2 4 5 
2 4 42 
2 4 7 
2 12 33 
2 4 10 
2 9 10 
2 4 8 
2 27 1 
1 6 

1 3 
3 4 3 11 
18 4 5 2 8 33 28 56 15 39 43 37 11 35 59 7 52 1 27 
24 3 21 18 12 19 60 40 23 2 7 46 48 5 31 57 8 36 13 29 9 16 25 17 6 
4 3 6 4 10 
19 49 43 33 41 9 55 4 50 13 36 56 51 10 21 42 5 20 19 16 
6 55 24 4 12 14 3 
2 4 3 
4 4 27 37 6 
9 58 57 35 5 50 15 17 6 18 
2 2 3 
3 7 53 4 
6 31 6 20 4 14 26 
5 40 47 13 42 7 
9 59 47 22 24 25 3 34 10 46 
3 4 22 6 
4 10 39 4 32 
4 4 49 23 10 
3 38 6 4 
3 41 6 13 
2 6 4 
2 15 16 
4 4 18 34 54 
2 7 15 
3 4 26 15 
8 13 28 25 32 45 29 54 53 
2 3 9 
6 51 3 38 44 30 26 
3 30 4 26 
2 29 28 
2 13 4 
2 26 17 
2 6 3 
2 15 23 
2 3 10 
2 6 4 
2 9 3 
3 28 19 45 
3 17 52 3 
2 4 14 
2 6 20 
2 14 6 
4 48 44 6 3 
3 58 43 28 
2 26 38 
2 15 4 
2 15 14 
2 4 43 
2 6 18 
2 6 10 
2 28 6 
3 60 3 39 
2 12 26 
2 23 26 
2 6 7 
2 3 6 
2 10 4 
2 44 10 
3 15 3 60 
3 59 4 52 

18 53 6 37 3 10 5 44 30 33 25 45 17 40 4 19 14 35 7 
3 55 3 22 
21 41 42 8 50 7 4 36 9 47 27 22 2 17 6 25 15 54 1 28 23 21 
3 1 5 3 
11 20 8 27 29 14 58 26 60 4 1 45 
3 24 1 3 
8 23 57 11 24 3 56 30 1 
13 48 60 5 9 38 28 16 3 46 31 13 52 20 
13 42 56 11 10 41 18 12 51 3 50 36 8 31 
7 9 54 13 16 1 12 35 
3 7 47 9 
6 9 10 33 18 19 29 
3 8 15 10 
5 1 39 32 21 5 
2 3 13 
5 49 40 8 53 10 
3 55 3 1 
2 12 9 
2 12 1 
2 5 8 
3 34 14 3 
2 3 2 
2 3 7 
5 6 38 44 34 7 
4 3 1 26 39 
4 5 32 43 25 
2 3 5 
2 3 8 
2 12 5 
2 1 7 
3 48 8 9 
2 26 14 
2 1 12 
3 21 43 24 
6 59 10 37 52 46 1 
2 9 3 
2 1 35 
3 24 8 57 
3 59 25 14 
2 16 1 
2 3 9 
2 3 9 
2 34 26 
2 24 1 
2 1 5 
2 35 8 
4 11 49 51 3 
2 8 31 
2 16 47 
2 3 9 
3 47 58 9 
2 35 8 
2 16 1 
2 10 3 
2 17 2 
2 9 7 
2 7 38 
2 5 51 
2 35 39 
2 5 8 

16 21 7 27 52 20 26 40 17 13 5 4 16 10 25 3 6 
1 3 
14 31 5 24 2 8 50 19 44 21 11 12 20 4 1 
10 39 57 1 8 30 3 6 12 7 51 
7 13 47 9 16 3 1 17 
5 4 18 1 52 14 
5 10 25 1 4 35 
6 3 4 9 30 15 11 
5 5 8 22 37 42 
3 1 38 7 
5 23 34 22 3 8 
5 4 3 23 14 32 
3 1 5 19 
3 12 6 15 
3 14 8 32 
6 41 29 1 46 5 33 
7 44 1 58 49 47 18 5 
6 43 27 17 56 54 6 
7 37 39 3 13 31 56 24 
2 3 1 
3 1 3 49 
6 53 9 40 29 36 11 
2 12 11 
3 55 3 19 
9 1 54 55 26 33 45 28 50 7 
3 25 1 48 
4 1 28 58 18 
6 60 41 27 57 36 25 
2 16 22 
2 4 8 
2 19 3 
5 12 48 34 15 35 
3 16 53 25 
3 43 32 11 
2 32 7 
3 22 38 28 
2 9 19 
2 36 10 
2 4 19 
3 1 46 22 
4 42 16 59 28 
2 9 41 
3 18 45 34 
2 17 3 
2 43 25 
2 16 40 
2 5 17 
2 26 32 
3 21 17 51 
2 3 25 
2 49 4 
2 6 1 
2 33 22 
2 18 25 
2 25 24 
2 18 19 
2 4 28 
2 17 27 
1 41 
1 28 

4 13 47 3 4 
1 3 
11 5 2 31 8 22 27 16 6 58 1 4 
10 15 5 14 33 51 1 26 7 25 3 
19 30 39 8 4 3 60 53 9 21 19 17 11 36 20 52 6 7 28 13 
10 56 17 5 49 9 3 12 10 28 18 
12 29 60 23 36 15 5 34 42 16 27 37 4 
7 5 48 3 43 54 40 59 
6 5 11 6 24 22 10 
4 6 12 19 9 
3 9 5 45 
3 6 49 10 
6 1 18 5 14 21 20 
2 4 13 
2 7 4 
7 51 3 59 7 23 57 33 
3 6 5 44 
3 24 13 6 
3 35 5 10 
5 30 26 5 13 50 
5 13 32 5 42 53 
5 38 48 37 3 9 
5 58 7 16 52 34 
5 9 25 35 18 38 
4 41 4 24 29 
6 20 55 39 4 41 32 
2 3 7 
2 6 5 
3 7 25 40 
3 20 5 31 
3 30 3 46 
2 26 21 
2 16 4 
2 23 7 
2 24 19 
4 5 45 7 43 
2 22 7 
2 22 24 
2 5 26 
3 8 29 50 
3 47 25 26 
3 44 7 21 
2 8 36 
3 42 55 17 
3 36 11 46 
2 45 31 
2 41 1 
2 22 8 
3 54 12 6 
2 20 40 
2 16 4 
2 23 5 
2 5 21 
2 49 8 
3 44 26 60 
1 6 
2 16 59 
2 23 3 
3 16 8 57 
3 7 5 55 

15 3 12 41 48 10 47 18 33 4 6 28 5 16 11 15 
9 6 58 53 33 17 3 30 8 26 
6 1 17 2 12 23 4 
14 26 13 56 46 3 8 59 7 39 44 9 5 1 18 
10 10 4 55 44 1 14 50 21 7 49 
10 36 9 15 2 14 37 11 27 1 41 
5 59 34 4 5 55 
3 4 38 2 
3 13 4 6 
9 36 25 43 53 20 19 5 52 1 
5 19 31 1 6 22 
4 3 1 16 45 
4 9 4 54 43 
7 6 39 21 35 5 51 29 
5 6 23 30 1 40 
8 24 12 1 35 56 27 54 25 
4 20 2 3 29 
4 1 22 4 38 
2 10 11 
5 47 17 32 10 28 
4 34 60 5 14 
4 11 24 18 46 
4 32 3 15 48 
3 16 37 22 
2 10 16 
3 31 2 4 
2 16 6 
3 20 1 50 
2 17 14 
2 15 2 
2 26 11 
4 20 23 40 60 
2 2 1 
3 7 21 45 
2 14 16 
2 6 10 
2 6 24 
3 8 18 51 
3 4 57 14 
3 32 42 15 
3 42 1 6 
2 41 40 
2 13 10 
3 4 5 58 
3 34 12 52 
2 4 22 
3 20 1 49 
2 1 23 
2 5 47 
2 28 5 
2 14 38 
2 10 45 
2 2 10 
3 16 13 56 
3 57 5 7 
3 4 54 16 
2 55 39 
2 2 44 
2 7 4 
2 21 32 

14 36 12 26 6 10 3 48 4 55 7 5 9 42 40 
3 58 3 59 
16 5 30 16 22 23 14 57 35 52 17 20 2 4 1 18 6 
10 1 19 8 3 36 12 39 32 10 11 
9 14 3 7 13 15 1 45 19 37 
11 9 32 31 3 15 16 11 53 8 18 1 
10 47 21 29 53 20 13 1 34 5 41 
4 6 27 34 4 
2 1 6 
3 1 23 4 
4 31 6 26 4 
3 4 1 44 
6 56 44 7 57 45 5 
8 22 38 28 5 27 24 3 25 
2 6 5 
7 43 48 28 17 6 25 3 
3 3 16 41 
3 3 29 6 
5 4 60 47 24 5 
7 37 51 3 21 60 7 35 
3 52 20 7 
4 3 33 14 55 
5 51 46 10 54 3 
5 30 40 19 14 38 
4 50 43 16 14 
2 1 11 
2 14 8 
2 14 16 
5 50 18 33 7 49 
2 24 3 
2 11 6 
2 4 6 
3 29 42 22 
3 7 56 8 
4 20 39 49 3 
2 1 4 
2 5 20 
2 14 24 
2 4 35 
2 24 1 
2 7 17 
2 1 33 
3 16 25 46 
2 12 13 
2 13 5 
3 23 58 43 
2 7 19 
2 1 16 
2 35 29 
2 25 29 
2 23 20 
3 3 21 57 
2 6 7 
1 23 
2 22 1 
2 34 13 
3 3 13 52 
2 2 46 
1 2 
2 19 20 

16 11 16 27 21 53 42 49 5 38 7 4 41 3 34 47 23 
9 4 58 3 35 6 7 31 8 51 
10 2 22 6 10 50 1 5 14 43 12 
8 2 1 48 17 9 45 24 39 
16 33 56 3 26 8 11 42 54 14 31 13 16 12 9 1 52 
6 3 23 2 34 37 33 
3 2 57 1 
11 2 18 30 50 10 32 17 5 46 19 29 
6 30 25 4 15 5 20 
2 8 3 
2 1 5 
3 13 5 3 
9 58 43 59 32 27 5 12 15 37 
6 47 3 44 49 40 5 
9 20 35 19 36 13 45 9 57 18 
2 1 5 
6 4 25 26 28 8 21 
2 8 15 
2 15 8 
2 9 15 
5 22 24 44 1 17 
2 3 21 
3 1 6 29 
2 4 21 
2 17 9 
4 17 5 36 38 
4 28 55 13 1 
3 27 56 17 
2 23 8 
2 9 8 
5 54 39 2 51 5 
2 13 8 
3 6 48 5 
2 6 1 
3 60 2 15 
4 41 40 15 26 
3 13 46 6 
2 26 1 
2 4 31 
2 14 36 
3 55 36 1 
2 5 1 
3 3 60 13 
2 21 14 
2 15 4 
2 37 8 
2 1 14 
2 4 33 
3 1 14 52 
2 8 3 
3 31 2 54 
2 49 5 
1 1 
3 5 51 31 
2 41 27 
3 5 59 28 
2 7 15 
2 13 2 
2 13 56 
2 43 35 

4 3 5 18 32 
23 48 22 53 56 32 3 38 13 19 55 4 41 8 26 28 12 23 31 51 5 10 49 6 
17 24 11 12 7 52 18 30 21 25 26 2 1 9 16 48 4 13 
4 3 23 2 17 
9 9 41 14 35 2 11 6 8 1 
9 5 36 52 55 58 7 2 33 57 
7 43 27 39 3 35 54 6 
2 5 2 
4 5 29 10 3 
9 2 54 58 43 37 45 22 9 31 
5 3 45 15 5 42 
5 34 2 3 46 21 
10 14 20 59 2 15 17 33 50 19 3 
4 16 56 13 5 
3 37 11 13 
7 14 40 30 20 36 44 3 
3 4 13 59 
3 49 3 1 
3 2 13 28 
3 16 29 13 
4 27 12 3 57 
5 2 25 46 10 34 
3 4 2 24 
3 3 23 39 
3 22 3 40 
2 2 3 
2 21 7 
2 2 19 
2 20 9 
5 42 3 16 51 50 
2 2 10 
2 1 2 
2 13 6 
2 22 12 
5 44 7 38 60 5 
2 16 6 
2 15 10 
3 35 2 53 
2 7 24 
3 47 16 25 
2 5 2 
2 11 30 
3 47 10 7 
2 35 16 
2 11 10 
3 60 12 22 
2 40 43 
2 2 3 
2 18 2 
3 30 53 13 
2 30 2 
2 3 6 
3 38 50 2 
2 10 7 
2 2 6 
2 14 2 
3 6 59 21 
2 6 10 
3 13 57 17 
2 46 35 

10 58 7 8 3 6 9 23 27 38 4 
1 3 
8 49 44 10 11 5 1 4 2 
13 30 54 53 57 21 1 3 22 19 40 16 5 18 
17 7 17 27 6 19 21 3 11 16 22 9 41 36 4 20 26 33 
8 55 1 45 33 5 26 15 47 
9 1 29 31 18 10 8 20 5 23 
6 47 1 7 12 59 14 
7 13 48 30 1 5 38 42 
7 13 17 7 35 3 60 12 
2 5 3 
4 10 43 8 28 
9 51 25 35 14 9 10 39 60 40 
5 48 13 8 52 15 
2 6 14 
6 5 41 4 36 34 44 
3 5 54 10 
3 7 28 4 
2 4 5 
3 5 7 24 
6 24 32 50 4 5 31 
3 4 50 5 
4 1 7 46 25 
5 57 21 20 51 56 
2 23 13 
3 5 6 29 
2 1 5 
3 37 18 12 
4 55 26 32 7 
3 9 34 4 
2 21 7 
2 29 21 
5 46 53 5 6 37 
4 52 30 42 16 
2 13 10 
2 16 5 
3 39 33 28 
2 1 9 
2 13 37 
2 4 13 
2 16 5 
4 9 43 45 34 
2 12 42 
2 16 3 
3 6 42 49 
3 23 33 59 
3 6 8 56 
2 9 14 
2 45 3 
2 22 21 
2 13 24 
2 34 14 
2 33 4 
2 17 4 
2 29 6 
2 24 47 
2 4 24 
1 1 
2 46 8 
2 13 10 

5 50 4 23 3 15 
12 48 5 28 10 9 18 8 3 29 6 12 36 
16 37 7 1 4 5 9 14 21 2 28 23 18 11 50 34 19 
10 3 25 20 33 27 56 1 8 24 42 
11 2 20 7 6 41 17 53 44 14 43 3 
9 2 12 16 24 57 36 11 39 5 
2 3 5 
3 10 4 2 
6 2 32 3 13 15 21 
6 2 52 8 38 54 33 
4 6 58 26 3 
4 13 25 6 2 
7 32 9 19 46 22 12 56 
2 3 5 
8 57 17 16 35 48 9 34 1 
2 15 6 
2 5 15 
5 51 45 22 3 2 
3 29 3 13 
2 4 5 
5 35 3 30 9 59 
3 31 18 13 
4 1 47 3 40 
8 4 39 60 6 59 30 26 46 
5 4 12 41 40 45 
6 27 52 55 24 58 11 
3 4 37 26 
4 44 2 38 3 
4 51 19 31 2 
2 24 21 
2 29 22 
3 49 13 9 
3 49 10 4 
3 43 15 3 
2 21 15 
2 6 2 
5 3 47 55 53 27 
2 10 28 
2 6 24 
2 23 25 
3 25 42 5 
2 4 41 
2 34 5 
2 5 28 
2 25 18 
2 24 13 
2 37 23 
2 2 15 
2 33 32 
3 3 1 58 
2 29 18 
2 10 26 
2 5 37 
1 10 
2 26 37 
2 13 4 
2 15 6 
3 50 26 11 
2 24 21 
1 24 

10 56 27 3 22 24 4 5 21 43 14 
1 3 
10 44 46 38 1 23 6 7 2 28 4 
17 9 19 10 31 13 3 8 7 18 26 5 15 27 50 6 1 54 
4 41 11 1 4 
5 3 21 4 35 8 
7 4 12 16 11 30 3 37 
8 33 32 16 9 6 54 4 31 
20 4 18 41 53 37 22 20 43 8 47 17 10 13 23 19 48 25 14 39 58 
3 4 53 9 
6 7 20 42 12 15 5 
3 49 11 7 
2 9 4 
3 34 9 1 
3 17 4 11 
3 8 7 28 
4 15 35 9 26 
3 4 42 9 
6 4 9 39 29 44 36 
3 24 9 11 
5 40 1 45 51 6 
3 9 1 25 
3 3 9 38 
4 48 36 20 1 
3 60 22 9 
3 40 17 4 
4 47 29 4 1 
5 16 30 3 33 32 
2 27 19 
2 7 28 
3 8 4 57 
6 55 8 52 45 34 28 
5 59 58 8 60 28 
2 32 14 
2 6 17 
3 24 57 19 
3 49 9 7 
2 3 23 
3 9 50 19 
2 21 26 
2 5 9 
2 18 11 
3 56 1 9 
2 19 3 
3 46 21 32 
2 3 45 
2 9 27 
2 24 9 
2 12 37 
3 39 54 4 
1 21 
1 32 
3 9 60 10 
3 4 50 8 
1 32 
2 43 1 
2 36 31 
2 9 33 
1 33 
3 53 25 33 

2 3 40 
8 3 24 5 18 4 54 12 8 
16 1 5 6 10 50 14 13 4 12 27 8 15 23 48 56 2 
9 2 49 11 3 13 7 15 9 10 
8 3 6 58 60 32 2 57 23 
14 37 48 7 26 34 40 3 20 50 54 28 35 21 5 
9 41 6 45 22 34 4 43 14 9 
6 3 33 2 11 24 52 
9 31 39 29 47 7 4 17 55 21 
5 4 20 3 43 25 
3 8 4 32 
8 29 22 2 3 16 18 33 51 
2 3 4 
3 7 16 3 
8 46 17 28 4 37 3 31 45 
2 14 12 
9 55 19 38 59 47 30 15 36 9 
5 26 2 19 12 30 
3 17 18 42 
3 10 6 41 
3 9 6 39 
3 12 7 27 
6 25 3 42 5 60 44 
2 2 8 
3 53 23 10 
3 38 6 18 
2 22 3 
2 6 15 
5 12 58 9 35 56 
5 44 17 18 36 51 
2 15 9 
3 5 11 53 
3 57 12 8 
3 6 46 7 
2 29 6 
2 30 17 
2 15 6 
2 26 17 
3 49 21 9 
2 6 1 
2 20 7 
2 19 23 
2 10 7 
2 30 23 
2 7 15 
2 34 15 
3 52 9 17 
3 3 51 6 
3 4 55 39 
2 3 6 
3 30 48 12 
2 47 8 
2 25 32 
3 59 6 2 
3 17 49 9 
2 3 29 
2 5 33 
2 5 29 
2 54 17 
2 5 23 

7 51 35 3 5 26 18 21 
8 21 26 6 33 31 25 3 4 
23 2 47 33 60 9 23 20 12 59 10 22 30 31 29 8 14 17 4 6 15 36 13 1 
14 43 7 27 5 3 8 16 18 37 46 2 32 54 53 
3 4 1 52 
10 7 29 2 9 12 11 17 3 30 38 
6 54 6 4 14 34 59 
10 36 44 19 10 57 3 4 16 49 50 
6 38 11 3 27 24 6 
4 13 25 3 8 
3 6 57 9 
3 19 3 6 
4 15 10 3 40 
3 20 7 3 
2 13 3 
5 34 24 48 8 4 
3 3 39 6 
4 28 4 58 1 
4 12 28 32 8 
5 55 3 14 23 37 
7 41 42 2 1 46 22 53 
4 3 55 21 56 
3 20 3 44 
2 9 16 
2 10 2 
4 42 2 1 51 
2 4 9 
2 19 18 
3 35 3 6 
3 40 6 3 
2 2 3 
5 49 52 39 19 4 
2 2 3 
3 7 43 16 
2 1 29 
2 8 3 
4 4 41 20 47 
3 9 6 58 
2 32 17 
2 13 30 
3 37 21 45 
5 50 26 21 45 60 
2 4 34 
2 8 23 
2 42 41 
2 4 21 
2 3 37 
2 52 16 
2 8 32 
2 8 42 
2 26 1 
3 5 32 48 
2 4 21 
3 7 59 4 
2 20 22 
1 22 
2 8 11 
2 38 18 
3 3 54 7 
2 42 3 

6 3 4 18 6 9 5 
8 30 32 8 3 13 16 50 52 
23 4 7 1 8 12 20 52 27 13 10 39 34 15 6 57 14 58 5 2 25 11 36 18 
8 26 21 3 48 51 23 17 1 
17 11 25 9 3 33 50 34 12 7 19 1 14 55 10 17 49 54 
3 3 1 31 
8 33 46 42 5 22 58 37 3 
4 3 2 45 44 
7 15 19 30 5 1 56 47 
2 5 3 
2 5 3 
5 40 3 5 27 16 
4 2 21 41 3 
3 3 44 5 
8 20 23 29 9 57 22 37 3 
8 12 26 35 41 2 24 38 60 
7 43 24 39 55 5 4 29 
2 3 1 
4 35 5 9 47 
6 36 15 28 51 3 38 
2 4 13 
2 15 7 
3 4 15 31 
2 17 16 
3 53 5 3 
3 16 42 4 
4 60 12 28 3 
2 27 20 
2 15 17 
5 49 2 48 9 32 
2 23 6 
2 30 2 
7 7 43 40 46 45 53 5 
2 5 3 
2 16 19 
2 3 20 
2 15 7 
2 16 20 
2 17 3 
2 12 33 
2 16 13 
2 7 26 
2 17 33 
2 8 14 
2 33 8 
2 33 7 
3 48 19 9 
4 4 30 56 47 
2 30 5 
2 5 2 
2 4 20 
2 2 3 
2 33 25 
1 5 
2 17 5 
2 48 9 
2 15 3 
2 7 3 
0 
2 27 16 

4 3 11 44 19 
20 10 50 19 21 33 54 8 3 56 57 4 37 9 36 47 25 17 7 42 29 
10 4 5 29 2 48 16 1 22 52 23 
19 16 3 40 22 7 44 35 5 15 56 27 2 8 6 9 41 23 46 13 
8 4 6 60 20 3 38 35 12 
13 45 4 12 33 39 5 32 20 26 28 34 11 18 
6 24 17 2 4 18 10 
6 4 24 34 27 49 2 
5 4 51 52 14 2 
6 7 2 32 30 14 31 
3 1 15 6 
6 5 36 25 59 6 13 
7 42 49 12 28 46 4 47 
3 21 10 9 
6 30 4 57 11 43 45 
3 58 3 4 
2 7 2 
4 40 50 6 7 
2 2 1 
4 5 37 26 6 
4 14 51 2 48 
3 53 4 3 
4 3 41 53 4 
3 7 8 31 
2 12 2 
2 20 6 
3 4 38 8 
2 13 6 
2 2 3 
2 15 10 
2 24 10 
2 6 10 
4 2 55 6 39 
3 8 54 6 
2 4 5 
2 2 12 
2 2 20 
2 5 27 
4 43 60 6 33 
2 4 18 
3 4 23 59 
2 13 2 
2 39 15 
3 1 56 4 
2 15 6 
2 13 4 
2 2 13 
3 21 59 3 
3 8 13 59 
2 18 2 
3 9 54 21 
2 3 9 
2 23 22 
3 51 2 34 
1 33 
3 2 4 44 
2 2 15 
1 16 
4 49 41 12 48 
2 39 5 

11 5 26 19 25 3 11 8 44 16 60 33 
14 4 13 3 23 29 41 56 7 18 15 11 12 35 8 
13 45 36 35 2 9 4 54 1 46 14 34 15 6 
15 49 2 36 6 21 7 38 19 34 18 51 10 5 3 32 
4 21 1 4 22 
6 3 28 14 52 32 4 
7 4 2 10 42 27 30 51 
6 12 9 43 2 59 1 
11 40 24 3 13 54 30 41 16 58 50 8 
2 7 4 
6 57 23 55 1 2 17 
4 8 46 2 31 
3 9 2 47 
6 3 52 27 49 6 39 
3 3 2 37 
4 1 17 9 20 
5 16 38 20 11 22 
3 33 4 2 
5 1 48 4 24 28 
5 42 16 17 60 44 
3 4 5 25 
2 17 5 
5 11 2 26 31 37 
4 9 53 47 19 
4 40 1 29 21 
2 23 1 
2 14 7 
2 6 19 
3 2 25 48 
3 9 39 7 
3 45 23 12 
2 6 4 
3 1 18 57 
2 3 4 
3 2 3 53 
2 3 4 
3 23 15 56 
2 17 4 
3 14 30 55 
3 25 9 50 
2 2 9 
2 20 7 
1 8 
2 1 20 
2 31 3 
3 3 12 55 
2 13 24 
2 29 19 
2 4 14 
2 9 40 
2 4 7 
2 6 14 
2 24 35 
2 9 3 
3 39 46 11 
3 37 2 58 
2 11 33 
2 9 56 
1 8 
2 20 1 

15 14 3 47 5 57 33 51 24 7 46 8 16 54 31 4 
4 28 5 48 3 
14 7 10 1 22 29 24 13 23 47 34 4 6 2 33 
9 1 9 11 27 37 30 44 3 10 
14 20 43 46 36 1 53 51 2 11 26 42 6 17 14 
2 3 5 
9 18 9 3 60 15 13 8 52 1 
5 45 43 12 7 1 
2 4 7 
18 12 55 37 58 26 4 31 18 3 30 16 44 34 21 40 28 39 50 
3 19 4 5 
4 8 10 15 17 
2 3 7 
4 50 19 1 5 
7 12 7 27 35 59 41 54 
2 10 1 
7 5 12 38 22 45 25 42 
4 23 10 7 20 
4 32 14 21 11 
3 36 18 5 
5 29 10 35 19 49 
2 3 17 
2 18 3 
3 3 25 1 
3 24 39 17 
3 5 38 10 
3 32 4 15 
2 10 2 
3 3 21 48 
2 10 4 
3 10 1 59 
2 27 19 
2 1 3 
2 10 3 
2 15 21 
4 53 56 5 20 
5 41 4 10 60 40 
2 26 17 
2 10 25 
2 37 10 
2 15 37 
3 17 43 5 
3 5 42 8 
2 10 4 
2 8 17 
2 5 1 
2 3 1 
3 58 2 29 
1 21 
2 14 10 
2 1 5 
2 59 7 
2 5 36 
2 1 15 
1 10 
1 36 
1 1 
2 10 48 
3 52 15 31 
2 7 37 

9 5 57 3 7 13 6 8 28 10 
2 4 3 
26 18 43 22 24 31 6 25 8 52 26 38 56 53 54 9 4 17 15 5 19 12 11 7 55 1 2 
14 31 27 2 3 21 56 26 43 41 30 25 23 44 16 
7 20 42 1 29 9 34 3 
11 14 15 22 45 40 42 1 53 16 3 19 
5 49 45 3 1 11 
5 1 14 3 12 52 
4 10 3 47 5 
5 9 13 18 17 1 
4 32 37 7 3 
5 8 39 3 58 23 
2 1 10 
3 6 34 8 
5 60 6 3 46 44 
4 32 30 6 4 
5 10 3 58 57 20 
4 10 37 3 49 
3 51 3 6 
4 17 5 21 41 
5 36 20 27 24 4 
3 28 6 3 
2 4 12 
2 3 21 
4 4 47 48 3 
3 35 4 3 
2 4 21 
3 29 22 1 
5 28 51 33 39 5 
2 16 4 
3 33 4 3 
4 36 38 11 16 
3 35 29 31 
2 5 14 
3 26 33 40 
2 32 21 
4 54 11 18 46 
2 3 32 
2 12 29 
2 35 6 
2 4 20 
3 56 5 6 
2 4 3 
3 15 4 49 
2 6 7 
4 57 15 37 55 
3 25 52 9 
2 25 58 
3 44 7 18 
0 
2 29 19 
3 47 3 8 
2 6 3 
2 3 37 
2 3 46 
3 3 42 4 
3 1 46 17 
3 48 17 12 
0 
1 15 

16 53 33 50 5 24 6 10 32 11 15 3 16 34 4 37 38 
3 18 46 3 
34 21 36 4 60 45 40 58 7 13 29 26 2 47 11 19 56 35 41 52 12 9 1 30 55 49 39 48 23 14 42 28 5 8 20 
16 20 1 40 3 57 23 13 22 39 6 15 14 54 17 21 25 
10 7 3 9 53 46 54 38 45 1 25 
9 12 8 17 41 49 4 22 24 1 
3 27 3 5 
4 6 56 58 3 
4 10 5 34 3 
4 47 9 1 27 
5 44 1 43 31 3 
5 3 18 19 31 6 
4 16 3 30 4 
3 4 3 37 
2 1 4 
4 1 51 13 32 
8 43 36 6 4 50 55 26 33 
2 12 2 
2 3 12 
2 4 3 
3 4 28 3 
2 6 4 
3 4 3 35 
2 6 1 
2 5 4 
3 29 3 17 
5 10 7 57 48 60 
2 21 3 
3 3 44 26 
2 3 13 
2 11 12 
2 1 16 
2 1 17 
2 1 9 
2 23 3 
3 17 52 3 
3 51 14 1 
2 5 1 
2 4 3 
3 48 4 3 
2 6 3 
1 3 
3 11 50 17 
2 29 11 
3 3 60 5 
2 5 2 
3 59 10 3 
5 50 40 55 27 3 
2 3 6 
4 43 1 17 48 
2 16 37 
2 3 36 
3 5 1 59 
2 4 5 
3 3 17 48 
2 8 3 
2 4 27 
2 3 8 
2 53 47 
3 27 45 3 

16 23 5 4 25 42 24 9 3 54 13 50 55 6 7 22 28 
6 56 51 11 10 3 43 
13 16 15 8 1 2 6 59 36 19 35 39 5 4 
4 16 1 48 3 
14 42 10 3 59 41 20 14 21 40 1 26 18 31 58 
10 12 8 3 13 20 30 1 14 7 46 
9 9 22 34 18 1 25 6 11 21 
2 6 3 
6 55 45 1 38 7 12 
8 37 5 2 31 23 33 32 60 
9 7 39 41 26 44 29 17 33 2 
8 24 19 52 56 15 9 51 6 
3 1 6 50 
2 6 5 
4 3 12 37 17 
5 4 54 36 3 40 
2 11 15 
7 5 29 7 52 27 47 38 
3 47 3 12 
3 30 6 5 
3 49 7 5 
2 7 1 
3 1 10 27 
3 34 1 12 
3 28 7 1 
2 5 11 
2 18 23 
3 1 32 25 
3 43 18 11 
4 6 53 49 20 
3 5 58 10 
3 10 53 28 
4 11 10 46 35 
2 24 7 
2 33 3 
2 16 3 
2 15 10 
3 42 18 9 
2 3 11 
2 5 16 
2 5 11 
3 1 5 38 
2 29 2 
1 11 
1 9 
2 33 6 
2 19 18 
1 4 
3 21 30 59 
2 1 13 
2 2 12 
2 12 18 
3 32 59 30 
2 1 16 
2 9 1 
2 2 12 
0 
2 31 5 
4 3 53 5 49 
1 10 

20 27 18 4 10 17 21 19 25 51 53 43 38 3 5 30 34 23 8 15 45 
10 36 7 16 49 15 32 26 6 3 9 
7 2 4 22 25 58 54 1 
14 7 19 3 14 39 8 13 37 60 5 53 1 6 35 
3 22 4 1 
6 11 23 10 2 27 4 
5 2 9 28 18 4 
5 46 56 1 11 4 
7 42 20 7 24 14 2 35 
14 49 43 12 60 6 48 58 37 57 24 32 13 1 41 
6 31 29 6 12 8 50 
6 11 10 30 40 20 38 
5 4 10 42 29 17 
4 4 26 9 34 
5 55 1 16 28 2 
5 36 21 2 33 15 
2 13 1 
2 7 1 
3 4 1 44 
3 31 12 9 
2 16 1 
3 5 41 3 
3 44 1 6 
2 10 9 
7 47 45 52 1 40 33 3 
3 50 2 14 
3 39 6 1 
2 15 7 
2 11 13 
2 1 12 
2 11 20 
2 2 10 
4 16 48 25 56 
2 1 14 
3 47 9 4 
2 2 16 
4 57 10 4 44 
2 12 1 
4 4 60 45 27 
3 12 57 25 
2 10 22 
2 9 13 
3 1 48 10 
3 23 37 19 
3 25 1 39 
1 8 
2 35 25 
3 43 33 10 
2 10 2 
2 26 11 
1 1 
1 25 
2 1 4 
1 3 
1 15 
2 8 33 
3 37 40 10 
2 10 3 
0 
3 4 39 10 

8 30 47 39 5 50 3 4 7 
1 3 
13 27 11 30 8 23 6 4 9 32 2 1 52 55 
15 32 19 3 54 5 20 53 1 60 21 24 11 58 34 10 
12 34 13 8 9 6 12 41 40 19 1 4 17 
8 48 3 44 33 10 7 18 5 
7 43 26 1 22 6 52 49 
3 29 5 3 
8 45 5 35 15 14 12 26 3 
5 16 4 6 31 25 
4 4 31 45 3 
17 21 22 15 5 29 57 14 42 18 25 37 44 17 20 13 9 23 
4 5 38 50 12 
4 16 9 12 56 
7 9 12 36 51 24 46 47 
2 14 10 
5 37 55 28 12 5 
4 12 6 28 59 
3 5 38 4 
2 12 4 
2 12 4 
3 12 35 7 
2 12 3 
6 15 54 58 4 27 56 
5 49 10 33 12 40 
2 7 9 
2 24 3 
3 53 18 17 
2 8 12 
5 48 36 1 3 41 
4 11 59 42 10 
2 3 4 
2 6 25 
2 5 4 
2 9 22 
4 55 30 59 15 
2 17 12 
2 19 13 
2 1 46 
2 25 5 
2 5 30 
2 31 12 
2 57 7 
2 12 6 
2 9 11 
2 15 39 
3 15 1 52 
3 6 51 30 
2 7 25 
2 1 13 
2 15 48 
4 7 47 59 3 
3 54 28 4 
3 4 53 24 
3 3 17 36 
2 14 24 
2 43 12 
2 4 24 
4 36 18 52 31 
1 4 

14 11 60 7 10 44 4 13 56 14 50 9 3 17 21 
13 11 5 8 12 57 23 43 46 6 24 3 18 28 
15 26 6 40 4 52 47 1 7 19 5 53 35 33 29 2 
2 1 3 
6 49 2 34 10 3 9 
6 3 16 20 2 42 31 
16 40 59 24 25 3 14 26 1 22 16 28 15 38 12 55 8 
5 45 2 25 7 38 
3 1 30 5 
2 1 5 
5 15 2 17 1 32 
6 31 13 2 50 23 7 
4 43 27 1 12 
5 54 49 7 1 18 
4 7 11 22 20 
6 46 42 7 36 33 6 
5 19 11 39 35 1 
4 21 2 54 14 
5 3 48 34 17 27 
4 32 15 6 41 
2 18 1 
2 15 7 
4 12 37 2 57 
5 30 7 37 29 2 
2 7 8 
3 36 3 7 
2 13 19 
5 53 2 39 58 7 
2 24 3 
2 9 24 
3 12 6 45 
3 55 11 20 
3 41 3 16 
2 5 19 
2 17 3 
3 26 16 39 
3 23 60 24 
3 43 7 8 
3 17 36 28 
2 3 7 
2 33 20 
3 51 16 6 
3 38 2 13 
1 1 
3 31 8 46 
3 45 2 16 
1 3 
1 19 
2 5 14 
3 1 57 12 
1 42 
1 3 
2 3 28 
2 14 18 
2 7 32 
1 1 
3 23 50 2 
1 28 
1 7 
2 37 1 

9 40 15 4 7 42 28 9 3 35 
6 33 9 3 6 4 19 
15 26 21 16 13 35 50 53 2 19 55 11 18 5 1 7 
16 6 28 12 1 39 2 15 47 60 5 8 40 33 46 20 49 
9 27 29 42 14 4 10 3 44 8 
3 41 2 4 
11 27 3 1 31 45 23 16 17 22 36 14 
4 5 4 32 10 
9 2 37 25 13 1 32 45 58 43 
7 5 24 54 43 51 11 8 
7 12 31 17 10 29 18 3 
4 11 4 50 34 
2 9 3 
4 36 5 7 59 
2 1 4 
8 47 52 22 25 49 7 30 3 
5 7 38 37 11 57 
4 20 3 11 57 
2 2 3 
7 24 30 4 34 23 21 18 
4 44 20 3 41 
2 7 16 
2 7 20 
4 53 20 26 10 
2 9 16 
3 3 59 24 
2 7 5 
3 1 56 4 
3 11 39 5 
2 20 16 
2 7 11 
3 8 9 38 
2 4 2 
2 12 20 
2 1 3 
5 7 51 44 56 14 
2 9 17 
4 32 59 52 17 
2 4 29 
2 1 4 
2 21 6 
3 5 1 47 
3 9 48 10 
3 5 21 36 
2 7 9 
1 4 
3 42 4 16 
1 43 
2 4 16 
4 51 12 3 58 
3 10 36 50 
2 16 38 
2 3 24 
1 10 
1 3 
3 60 36 28 
2 17 18 
2 50 9 
3 26 38 14 
2 56 4 

11 4 3 30 12 9 15 5 28 7 11 17 
4 3 9 57 42 
26 2 4 20 55 14 7 24 27 26 5 15 35 8 36 22 13 16 53 6 49 21 46 40 1 23 11 
2 3 1 
8 41 1 6 30 3 49 33 47 
7 34 5 10 29 20 12 3 
11 26 60 3 8 14 17 38 51 18 1 23 
4 32 29 3 7 
9 2 58 10 25 35 19 1 21 13 
4 6 16 9 18 
3 3 1 19 
3 6 1 48 
2 3 9 
2 7 3 
6 45 1 3 31 53 32 
3 24 3 10 
5 31 1 42 44 7 
6 10 22 52 25 47 7 
5 27 43 33 11 9 
8 3 28 6 52 57 43 59 39 
3 38 3 9 
2 18 3 
2 7 3 
3 3 41 16 
2 9 18 
2 7 3 
2 3 19 
3 48 20 1 
6 51 36 8 6 54 55 
4 5 37 40 1 
5 50 15 17 34 44 
2 8 15 
2 19 5 
5 52 46 55 6 31 
3 3 9 51 
2 3 29 
1 30 
2 21 7 
2 54 20 
2 3 30 
2 5 24 
2 17 2 
2 19 20 
2 17 31 
2 15 58 
3 3 34 48 
3 18 5 48 
4 12 46 47 28 
3 5 3 56 
1 31 
3 7 29 35 
3 34 20 18 
2 3 15 
2 29 39 
3 34 29 3 
1 49 
2 2 20 
3 60 9 45 
1 20 
2 7 58 

2 4 3 
1 3 
20 15 16 5 35 33 38 11 20 10 24 1 60 22 12 14 8 4 6 2 29 
20 5 6 49 3 20 10 8 1 11 13 22 7 14 31 54 52 42 53 9 30 
6 23 3 36 13 7 4 
4 46 3 4 23 
5 48 5 39 4 16 
9 4 43 9 52 21 47 36 18 3 
5 26 49 8 4 12 
11 4 30 27 15 53 43 28 25 3 46 39 
3 18 3 4 
5 9 29 19 26 3 
5 4 33 5 32 45 
5 4 3 59 51 17 
5 56 10 3 17 19 
3 3 44 7 
5 15 25 59 14 55 
9 57 27 21 55 40 8 60 11 24 
3 12 38 15 
2 3 4 
5 8 37 44 18 41 
3 3 34 4 
2 5 6 
4 18 32 3 31 
3 10 17 34 
4 35 45 9 12 
4 10 37 18 28 
2 27 10 
2 12 3 
4 10 48 41 4 
2 24 4 
2 13 24 
5 13 56 3 50 37 
2 22 25 
3 26 3 46 
4 5 39 8 45 
3 33 27 21 
2 3 19 
3 7 10 36 
1 18 
3 30 54 21 
1 4 
2 8 10 
2 16 21 
3 36 26 13 
3 35 6 10 
1 8 
2 30 7 
2 4 9 
1 33 
3 14 59 60 
2 8 4 
2 10 4 
3 58 4 41 
3 18 56 17 
3 33 15 55 
1 18 
1 54 
3 51 14 17 
3 18 3 51 

13 38 5 8 3 4 11 53 41 51 29 24 27 37 
10 27 45 20 60 4 44 47 16 3 38 
21 1 55 17 8 18 5 13 6 21 12 41 58 33 28 2 54 9 34 29 26 16 
8 6 2 18 9 28 30 7 1 
15 40 1 11 23 33 34 3 17 57 59 10 37 25 7 13 
4 4 48 3 10 
5 5 54 19 59 4 
4 3 14 20 1 
9 50 3 25 56 22 30 4 12 42 
3 5 19 6 
7 36 5 39 1 49 43 15 
3 15 3 9 
6 3 32 14 60 5 45 
7 52 13 24 22 31 51 8 
2 11 12 
3 3 2 49 
5 3 21 23 5 50 
2 4 3 
5 35 26 7 10 46 
2 2 8 
4 46 17 48 3 
4 36 31 14 9 
4 5 17 42 55 
3 14 1 39 
2 9 5 
3 19 32 3 
2 2 1 
2 3 4 
3 1 58 3 
2 4 9 
2 22 14 
3 13 26 54 
3 5 42 3 
3 47 5 3 
1 19 
2 11 22 
4 50 1 40 5 
2 1 2 
2 24 11 
3 37 58 5 
2 3 1 
4 23 9 50 33 
1 11 
1 2 
2 13 2 
2 19 21 
3 34 51 2 
3 21 6 58 
2 11 16 
4 42 17 37 9 
3 47 14 1 
3 14 57 56 
1 1 
3 7 3 32 
2 3 23 
2 9 52 
2 52 5 
4 29 48 40 3 
2 5 7 
2 2 13 

3 3 7 52 
18 39 14 5 3 33 36 24 45 4 58 40 32 16 20 13 6 53 46 
20 5 1 42 46 8 4 17 49 30 52 12 6 28 16 41 11 29 9 58 2 
4 8 15 3 2 
7 17 50 3 9 7 27 2 
4 2 3 10 18 
5 5 40 21 1 29 
4 51 4 3 19 
11 10 54 42 31 5 47 22 21 11 13 3 
3 9 6 12 
6 30 26 3 9 59 37 
13 22 18 24 51 14 23 10 39 48 60 35 3 27 
6 15 59 49 55 2 9 
5 12 2 44 35 19 
10 47 50 20 4 57 33 13 23 43 25 
3 2 3 32 
2 3 5 
3 6 26 12 
2 14 8 
2 15 2 
7 34 9 36 31 7 38 25 
4 60 12 28 9 
3 37 15 12 
3 44 12 2 
3 15 53 21 
3 45 11 18 
2 5 12 
3 34 22 3 
2 7 3 
4 43 3 35 11 
2 21 9 
4 40 47 16 2 
2 2 15 
3 56 21 28 
3 12 14 30 
2 2 21 
2 23 11 
2 44 21 
2 12 2 
3 32 7 2 
1 3 
2 3 9 
3 30 15 53 
3 14 38 24 
2 2 26 
2 2 3 
4 57 9 15 32 
1 12 
3 13 3 52 
2 15 5 
2 12 8 
3 49 3 1 
3 2 25 43 
1 9 
1 13 
1 34 
2 47 15 
2 2 3 
2 13 11 
2 22 12 

22 6 16 31 27 44 34 9 11 22 7 51 25 3 56 37 10 21 8 5 30 57 45 
6 35 28 3 43 17 4 
14 26 6 53 47 18 13 34 4 1 39 2 41 15 12 
6 2 20 5 3 51 36 
7 30 15 1 9 29 33 4 
13 1 7 8 10 20 35 55 3 47 38 11 25 17 
3 6 23 1 
5 14 6 1 13 12 
3 1 14 5 
2 6 1 
3 28 1 6 
7 3 50 31 24 58 8 42 
3 3 8 36 
5 9 54 8 16 58 
6 19 3 5 29 49 18 
5 39 37 1 59 14 
2 6 2 
5 32 15 19 3 46 
9 57 46 18 21 27 54 22 48 15 
2 4 6 
4 32 19 1 23 
5 1 40 33 19 24 
2 7 21 
2 22 12 
3 26 6 1 
4 3 41 45 25 
2 19 1 
2 11 2 
2 15 5 
3 55 1 5 
2 1 12 
2 18 21 
2 22 5 
2 3 1 
2 2 6 
4 38 13 4 56 
3 41 1 16 
2 6 36 
2 16 3 
1 22 
3 3 37 26 
2 43 12 
2 2 42 
1 1 
2 26 1 
2 19 18 
4 57 3 6 48 
2 19 47 
1 15 
1 12 
2 1 4 
0 
3 54 56 3 
3 14 53 19 
2 6 30 
3 1 36 53 
3 1 47 19 
2 14 12 
1 16 
0 

20 43 39 14 8 10 9 5 58 33 40 35 4 13 6 3 20 56 53 15 16 
1 3 
15 43 4 5 8 12 2 1 10 54 22 32 46 7 55 6 
4 22 3 48 1 
12 19 46 14 17 23 24 31 1 3 12 33 7 
8 47 11 1 34 57 39 3 45 
3 15 5 3 
20 28 11 42 60 16 34 26 9 23 51 29 1 17 13 52 3 25 35 38 30 
2 8 1 
8 3 1 41 18 45 50 51 49 
8 6 38 19 20 26 50 36 8 
3 54 3 5 
6 27 29 37 21 1 8 
4 32 1 5 18 
2 1 7 
3 41 8 1 
4 5 24 8 21 
2 14 10 
2 11 5 
2 11 1 
6 25 52 60 13 17 36 
3 48 4 3 
4 5 8 55 31 
3 17 5 37 
5 57 40 21 8 28 
5 11 27 56 44 8 
2 13 26 
2 25 8 
4 50 8 49 13 
2 42 8 
2 23 5 
3 14 3 59 
8 53 38 55 5 48 56 1 40 
2 8 6 
2 8 1 
3 11 21 43 
3 44 24 13 
3 33 8 11 
2 6 1 
3 25 1 33 
3 52 16 10 
2 8 30 
3 1 3 36 
2 37 26 
2 6 10 
3 5 52 3 
1 6 
4 60 4 33 22 
2 29 10 
3 10 29 11 
2 8 10 
4 8 46 21 41 
2 1 33 
3 12 60 3 
3 33 23 3 
3 1 33 26 
2 6 25 
1 1 
1 32 
4 21 54 48 8 

2 10 3 
6 3 16 33 12 53 4 
26 4 46 8 11 30 14 23 5 2 1 15 21 58 18 31 26 24 35 9 22 52 37 7 6 41 45 
19 13 3 58 10 14 15 36 43 25 39 51 11 2 7 20 5 9 6 19 
4 49 3 4 50 
8 41 28 3 24 8 23 13 4 
2 4 3 
4 3 42 34 6 
7 46 25 4 12 39 3 44 
5 1 17 20 49 4 
4 47 4 16 3 
6 32 9 30 2 21 19 
6 35 53 4 38 6 34 
4 4 29 22 3 
2 3 4 
9 44 17 18 26 2 37 11 27 40 
5 60 10 16 48 28 
2 16 3 
4 42 12 29 4 
3 33 4 10 
3 40 12 3 
2 14 3 
7 3 31 6 27 45 54 56 
2 6 3 
3 4 43 9 
2 3 16 
4 30 16 47 23 
4 59 17 53 6 
3 14 19 49 
3 3 27 12 
2 23 3 
2 12 44 
2 20 2 
2 8 13 
3 58 3 13 
1 4 
2 16 3 
2 13 42 
2 4 9 
2 21 16 
2 6 3 
3 8 19 38 
2 4 25 
3 9 16 32 
2 23 3 
3 9 59 3 
2 27 11 
1 17 
3 29 10 5 
1 5 
1 4 
1 3 
3 13 2 28 
1 23 
0 
1 23 
0 
3 35 3 4 
2 28 46 
1 17 

16 37 21 15 7 12 35 34 3 28 19 23 33 4 5 13 8 
2 16 3 
10 17 5 2 18 10 11 1 6 4 50 
16 47 12 32 1 19 3 58 57 56 18 51 55 30 6 60 52 
10 33 1 47 14 7 53 3 10 29 40 
8 3 11 8 41 43 15 59 4 
6 9 24 1 48 5 13 
9 25 9 35 1 6 27 42 52 46 
9 45 8 21 56 14 7 23 22 27 
6 53 5 3 26 30 31 
2 3 6 
4 1 4 16 29 
10 17 20 57 60 26 1 24 7 49 37 
2 5 9 
5 6 25 31 1 49 
3 38 2 12 
6 3 48 20 13 44 51 
3 4 42 3 
3 1 4 50 
3 17 40 13 
6 9 39 22 1 45 34 
2 21 9 
2 9 1 
2 7 13 
2 8 15 
3 13 10 32 
2 9 8 
3 1 55 57 
3 12 47 5 
3 48 4 10 
2 15 10 
2 4 26 
3 38 5 1 
3 21 36 1 
2 8 1 
1 34 
2 1 13 
2 33 16 
2 21 55 
2 5 20 
3 56 50 6 
2 18 8 
1 6 
1 17 
3 9 59 21 
3 57 8 51 
3 29 4 5 
3 30 17 7 
4 52 15 13 54 
3 3 41 19 
3 17 4 46 
3 8 4 49 
3 10 60 5 
1 49 
3 39 28 4 
3 41 9 4 
4 28 4 46 13 
2 59 4 
3 58 45 6 
3 13 4 53 

10 56 36 9 28 57 32 3 60 52 20 
25 26 19 28 4 34 38 25 59 46 18 54 12 13 23 35 10 44 6 9 33 53 21 41 3 30 
12 22 4 39 2 58 41 18 43 5 6 45 1 
5 3 7 2 5 40 
7 7 4 46 8 3 22 24 
13 29 47 33 15 44 36 51 3 37 2 14 11 13 
14 25 12 8 31 4 57 5 55 14 19 35 27 37 11 
6 26 5 52 7 32 34 
4 1 10 2 45 
4 9 2 17 48 
2 6 7 
4 16 53 7 2 
8 21 15 31 24 20 2 6 16 
2 6 7 
4 6 23 13 17 
2 12 13 
2 10 15 
2 3 2 
2 2 7 
2 13 1 
4 49 2 13 43 
6 3 29 5 39 27 50 
2 2 15 
2 13 5 
2 2 7 
4 32 8 2 41 
3 28 7 22 
3 2 27 1 
3 44 22 6 
2 36 2 
4 36 54 13 7 
4 8 39 1 26 
3 2 6 38 
2 2 8 
2 2 7 
4 1 6 31 30 
3 7 43 6 
2 33 2 
3 32 22 3 
2 46 4 
4 55 3 26 2 
0 
3 21 37 3 
3 6 29 2 
2 9 3 
3 40 5 2 
1 6 
1 10 
2 54 21 
1 22 
1 6 
2 8 1 
2 2 12 
4 31 59 49 2 
3 58 41 7 
1 1 
2 1 7 
2 3 55 
2 54 2 
1 1 

22 48 7 4 56 21 5 18 9 6 26 3 10 32 33 55 34 19 22 15 42 57 16 
4 3 46 39 12 
15 17 25 7 15 55 1 28 4 43 5 53 8 13 19 2 
7 3 8 31 12 6 1 9 
8 36 34 14 11 3 1 23 40 
3 4 1 16 
2 3 1 
7 60 20 4 14 3 24 28 
4 11 1 10 4 
6 26 13 9 56 18 1 
6 17 30 20 5 9 50 
5 45 36 4 47 2 
3 3 24 10 
5 5 30 29 42 8 
9 25 21 3 49 22 33 1 35 43 
3 1 54 6 
3 37 11 3 
2 10 1 
5 38 1 46 48 3 
4 23 50 8 11 
5 27 1 29 40 15 
3 51 15 1 
2 5 20 
2 8 13 
3 15 3 30 
2 10 1 
2 60 21 
2 3 8 
5 42 14 21 55 48 
4 25 14 11 40 
1 4 
1 1 
3 15 56 1 
5 1 42 54 5 38 
2 15 50 
2 5 12 
1 17 
2 19 34 
1 2 
3 5 21 30 
0 
4 1 14 34 29 
2 3 15 
0 
2 47 12 
4 2 51 49 19 
3 45 12 59 
3 29 19 1 
2 15 46 
4 20 35 58 11 
2 22 46 
0 
1 3 
2 34 16 
3 1 29 3 
3 33 1 10 
1 1 
1 50 
1 47 
2 27 8 

