6 19 16 12 4 6 15 
9 14 8 38 4 20 26 7 5 10 
4 5 4 13 40 
19 1 9 10 19 18 38 23 37 16 29 11 6 5 24 3 22 34 39 2 
15 4 3 6 7 14 29 35 36 8 13 2 11 23 17 32 
14 21 5 7 12 23 1 4 35 9 27 17 22 11 24 
5 2 36 8 5 6 
16 12 7 25 28 10 5 30 33 2 20 9 15 35 27 18 16 
8 22 32 25 27 6 4 8 14 
7 2 20 38 25 19 4 8 
4 4 40 6 5 
7 8 1 6 15 26 13 18 
6 12 31 3 39 26 5 
5 5 2 33 9 17 
5 8 21 12 1 31 
3 1 4 8 
5 6 5 30 33 14 
3 4 12 8 
3 10 4 1 
8 29 21 34 10 31 28 8 2 
6 24 20 37 32 15 6 
5 34 4 9 36 6 
5 5 40 4 39 6 
3 21 4 6 
3 10 9 8 
5 12 28 2 13 37 
3 6 9 8 
4 8 20 30 26 
3 20 5 4 
3 28 8 17 
3 15 20 13 
3 5 9 21 
3 8 17 14 
3 20 4 22 
3 6 5 8 
3 5 7 22 
3 26 21 4 
3 10 4 2 
3 23 13 4 
3 11 23 3 

7 21 19 34 23 4 22 5 
10 28 8 7 5 17 32 9 21 26 4 
4 7 14 4 6 
16 28 2 8 1 29 16 38 40 12 17 3 5 20 6 14 10 
15 6 1 13 30 7 2 11 31 33 10 12 25 37 9 4 
5 12 3 5 4 27 
6 3 24 26 2 5 8 
8 23 2 4 10 7 18 15 9 
8 40 34 15 5 8 2 11 13 
11 26 8 16 14 11 18 38 5 20 4 19 
7 5 10 20 15 9 36 18 
7 22 13 6 4 23 5 16 
5 12 21 9 5 27 
6 36 3 32 10 4 27 
6 9 39 19 11 8 25 
7 24 17 12 4 29 22 10 
5 4 2 16 30 35 
3 10 11 8 
3 10 1 15 
8 37 10 25 11 4 32 34 33 
7 1 28 2 40 13 31 24 
3 12 1 16 
3 1 8 12 
4 38 16 7 21 
6 20 33 39 5 15 30 
4 10 2 29 7 
3 14 13 6 
3 21 4 2 
4 26 31 4 16 
4 25 17 35 5 
5 29 36 21 5 39 
3 20 14 2 
3 5 20 25 
4 20 1 35 9 
4 17 37 34 30 
3 14 31 11 
3 35 20 5 
3 4 24 10 
3 15 25 31 
3 4 21 9 

4 4 8 32 6 
15 17 18 7 26 5 37 13 35 33 6 10 11 4 29 16 
3 5 31 4 
14 25 14 2 9 27 11 1 12 19 34 29 13 3 5 
16 11 23 27 8 6 7 3 19 4 12 31 28 33 37 16 2 
5 1 7 5 18 2 
12 10 24 6 9 2 20 38 8 36 5 25 19 
13 40 20 9 7 5 15 25 38 1 18 10 29 17 
8 35 30 21 7 17 8 22 4 
6 8 15 38 12 2 7 
7 40 14 2 37 33 5 4 
5 4 13 10 5 14 
6 24 12 32 22 4 2 
6 30 15 21 12 11 4 
11 10 16 21 23 14 26 27 8 39 24 20 
4 15 5 23 2 
4 8 40 9 2 
5 22 6 2 39 8 
3 5 4 7 
4 15 7 39 8 
3 14 15 9 
3 9 13 18 
4 5 16 32 15 
4 13 36 7 15 
5 8 31 4 7 26 
5 25 34 15 28 2 
6 36 4 15 5 34 28 
3 26 5 27 
4 8 2 30 4 
3 9 29 14 
3 3 25 5 
3 23 13 1 
3 5 11 2 
4 26 27 4 35 
3 2 9 34 
3 7 24 27 
3 5 11 2 
3 10 7 8 
3 20 15 18 
3 11 17 8 

1 4 
15 21 4 10 22 13 19 35 14 15 7 29 18 5 8 9 
11 5 21 7 11 6 12 13 32 31 4 9 
15 25 1 6 14 16 10 7 3 26 31 5 30 11 2 23 
19 10 3 38 4 36 2 22 23 24 15 16 32 12 29 26 17 35 6 18 
14 15 11 21 4 8 27 30 36 18 24 9 5 3 25 
6 12 8 3 2 4 16 
3 7 6 2 
4 6 2 13 3 
7 2 34 39 23 4 17 5 
9 19 4 14 35 3 6 20 17 33 
5 3 37 7 5 28 
4 29 9 2 3 
7 11 2 22 25 20 4 28 
5 5 31 6 2 27 
3 5 7 4 
9 34 10 11 20 19 27 33 24 5 
3 5 6 2 
8 11 40 32 26 17 34 36 2 
5 11 14 33 28 17 
3 2 3 6 
4 5 2 38 14 
4 10 4 5 40 
3 17 5 6 
3 14 4 6 
4 4 37 19 5 
3 15 17 6 
4 20 37 14 12 
4 13 5 30 2 
3 4 6 29 
3 3 4 15 
3 5 19 3 
3 17 11 20 
4 10 17 19 39 
3 2 11 5 
6 39 40 5 38 19 6 
3 12 26 28 
3 36 22 5 
3 34 36 10 
3 36 19 23 

6 32 14 4 5 34 39 
5 6 23 37 7 4 
20 17 29 10 20 9 5 14 32 13 34 22 30 25 18 16 6 21 7 4 33 
18 2 35 5 20 27 9 29 8 26 12 19 11 7 23 17 1 32 3 
10 3 4 13 27 11 15 18 6 1 12 
7 38 26 8 5 3 10 2 
11 24 16 11 14 4 27 9 2 8 22 3 
6 35 6 7 33 30 4 
13 12 16 4 31 7 13 26 33 10 3 28 22 15 
4 3 6 9 18 
5 4 24 36 5 7 
6 4 31 15 5 9 28 
7 17 3 5 9 37 40 24 
5 1 25 3 7 19 
4 12 9 25 5 
6 7 3 31 19 23 9 
4 28 3 4 13 
8 5 29 21 3 35 10 39 20 
5 21 14 38 4 16 
4 38 18 3 4 
3 18 3 19 
3 3 9 7 
4 4 30 16 2 
4 13 39 11 7 
3 3 15 14 
3 4 9 6 
5 7 4 34 5 37 
5 40 17 9 12 36 
3 4 3 18 
3 8 23 3 
3 12 16 9 
3 4 1 3 
3 9 3 8 
4 27 1 3 40 
4 8 18 36 4 
3 11 35 28 
3 27 13 2 
3 19 20 6 
3 18 24 1 
3 28 34 13 

7 4 8 5 11 18 34 13 
5 18 4 5 10 7 
14 6 5 23 10 4 11 14 7 20 13 17 30 31 38 
16 7 16 1 40 6 20 9 28 31 27 15 35 37 2 19 3 
10 21 6 1 11 36 3 8 2 25 13 
13 35 30 8 18 4 5 32 39 24 3 36 9 27 
10 14 24 28 39 9 2 4 12 10 3 
7 1 5 26 17 6 22 15 
6 12 6 4 31 7 23 
7 29 24 26 2 7 3 16 
10 12 1 3 5 25 21 19 17 38 34 
4 28 11 7 9 
8 15 14 5 29 3 34 1 20 
5 7 33 3 32 13 
8 4 8 30 13 27 26 16 22 
6 22 37 23 10 15 4 
4 11 33 8 3 
7 19 21 1 2 6 32 40 
3 11 4 18 
4 4 13 3 25 
3 11 5 18 
4 16 39 15 8 
3 9 3 16 
3 6 10 7 
4 5 11 20 38 
4 29 10 8 15 
4 15 4 6 36 
3 4 7 12 
3 13 26 10 
3 3 15 6 
5 9 33 4 3 35 
3 14 18 6 
4 37 17 31 14 
3 13 11 1 
3 4 6 31 
3 27 6 5 
3 4 16 33 
3 11 3 25 
3 6 22 7 
2 4 18 

2 11 4 
4 36 6 5 4 
16 4 13 5 10 30 17 34 20 35 29 38 6 19 18 12 16 
25 33 26 7 17 14 11 16 8 15 20 34 1 13 25 2 6 22 10 9 3 12 36 19 5 29 
8 2 13 8 23 3 4 7 36 
12 18 25 7 9 28 26 27 4 2 11 3 31 
10 37 39 6 14 5 8 9 4 21 24 
9 10 38 15 4 20 5 16 7 14 
4 15 4 6 7 
8 31 18 4 22 12 3 8 39 
3 1 4 6 
4 10 3 4 17 
3 5 3 4 
8 7 35 29 4 40 32 8 24 
8 24 25 9 40 4 34 8 26 
5 21 3 8 4 32 
9 23 3 32 27 37 30 22 12 4 
4 19 10 6 3 
5 18 3 4 21 33 
6 28 4 27 23 8 3 
3 16 7 19 
4 4 17 38 10 
3 5 17 20 
4 15 37 14 7 
6 39 15 6 40 28 4 
4 4 15 6 30 
3 17 20 6 
4 6 33 25 20 
4 14 3 4 31 
3 3 26 17 
3 6 29 10 
3 17 16 14 
4 4 28 19 35 
3 15 4 3 
3 14 33 3 
4 4 2 40 5 
3 7 17 24 
3 22 8 3 
3 7 10 25 
4 25 36 15 14 

7 6 14 21 5 28 7 4 
11 13 19 5 27 24 11 8 4 20 39 14 
8 12 6 4 27 5 25 17 15 
12 32 1 16 2 6 24 38 11 3 9 19 15 
20 8 34 17 40 7 12 22 26 3 29 9 23 10 15 19 32 30 2 1 16 
9 8 7 37 13 4 1 3 27 29 
10 18 5 17 31 12 38 11 39 6 1 
11 28 9 35 33 5 6 10 2 16 34 22 
4 10 5 4 8 
6 5 28 13 24 8 9 
6 39 2 7 4 23 20 
6 18 7 14 3 36 5 
6 26 6 2 25 10 21 
5 12 2 18 1 37 
3 5 3 4 
6 25 5 31 8 4 35 
6 22 20 7 3 5 33 
6 30 21 12 14 37 7 
7 32 5 4 23 2 26 29 
3 17 2 11 
4 36 1 18 13 
4 5 8 35 17 
3 11 19 5 
4 31 2 4 10 
3 16 3 13 
3 5 19 13 
3 2 6 3 
4 33 10 8 1 
4 30 6 19 5 
3 29 18 5 
4 24 36 7 16 
4 4 40 19 5 
5 38 8 34 28 17 
3 33 5 8 
3 22 8 16 
3 31 21 12 
3 14 6 18 
3 33 7 4 
3 2 7 11 
2 5 32 

1 4 
13 21 39 4 26 20 13 32 9 6 17 5 7 28 
15 4 18 16 36 9 14 5 6 10 12 21 13 20 40 8 
13 27 3 2 10 29 7 23 35 33 6 1 5 11 
9 20 15 31 4 13 2 28 3 14 
9 2 19 7 22 17 8 3 12 4 
11 29 12 38 6 2 18 11 22 9 4 8 
13 3 19 16 24 7 22 23 34 11 10 6 15 21 
4 7 28 3 2 
9 25 18 24 40 15 19 3 8 4 
6 4 8 31 26 14 7 
8 27 38 34 7 3 26 17 6 
5 16 5 2 3 37 
6 11 32 3 29 31 5 
4 8 5 10 36 
5 8 33 37 3 13 
3 6 12 2 
4 3 7 10 39 
4 8 10 6 23 
3 5 3 2 
4 3 34 8 2 
6 8 25 24 6 7 30 
6 27 19 8 25 30 4 
4 22 40 10 8 
5 30 39 10 23 22 
3 2 12 11 
5 23 35 4 12 38 
4 2 9 33 5 
3 4 7 14 
5 37 35 25 23 22 
4 11 14 5 32 
3 2 31 14 
3 4 28 16 
3 12 21 8 
3 27 4 30 
2 3 15 
3 13 16 30 
3 27 7 12 
4 2 25 40 18 
4 39 10 3 24 

9 22 4 5 14 8 19 28 7 35 
14 8 19 23 34 12 14 27 5 11 9 7 4 25 6 
9 18 4 39 13 38 10 16 5 20 
8 30 6 2 8 9 1 10 3 
11 7 6 17 1 27 3 13 2 14 32 26 
5 16 2 33 4 5 
8 10 12 40 5 2 35 1 38 
12 21 4 39 11 9 26 33 23 2 1 22 12 
11 21 2 8 30 15 11 23 24 18 13 4 
8 3 20 32 7 4 33 26 29 
11 17 20 15 35 9 25 24 2 31 28 8 
3 8 2 7 
12 21 18 28 3 24 37 9 22 36 27 5 15 
6 2 16 5 1 34 30 
7 13 40 17 11 25 29 9 
4 14 3 29 6 
3 11 5 15 
5 19 3 9 13 37 
5 18 31 2 36 1 
4 31 3 10 11 
3 9 13 8 
3 1 13 8 
3 9 2 8 
4 40 11 13 9 
3 11 15 2 
4 10 5 8 38 
4 13 34 2 5 
3 11 1 13 
3 10 16 15 
4 4 9 32 14 
3 11 20 19 
3 30 5 10 
3 8 6 10 
3 27 2 14 
4 1 36 7 11 
3 35 13 19 
2 18 13 
3 7 3 26 
2 3 8 
3 24 15 7 

4 9 4 6 5 
22 8 36 38 5 6 20 10 14 15 4 32 9 7 27 12 22 35 37 16 13 40 29 
4 32 16 4 33 
11 30 5 1 39 2 7 31 24 11 3 17 
23 2 26 12 15 10 19 4 18 22 13 29 35 32 7 14 9 6 27 28 8 16 31 1 
6 23 2 5 1 27 34 
14 11 34 36 31 22 26 33 4 2 23 19 18 5 8 
6 5 10 21 24 7 2 
5 5 11 25 1 2 
4 2 8 5 17 
4 9 7 4 12 
8 11 29 15 2 21 26 13 5 
8 5 20 14 25 12 30 18 2 
4 17 2 13 5 
6 12 5 21 39 20 2 
5 2 37 5 38 3 
5 40 4 25 14 10 
8 33 13 23 7 19 39 24 5 
3 18 7 5 
3 15 13 2 
3 15 8 12 
4 34 2 7 5 
4 6 30 7 18 
5 8 18 4 28 40 
4 28 13 17 9 
3 7 5 12 
4 37 5 2 6 
3 25 24 5 
3 12 5 2 
4 38 23 4 13 
3 5 4 7 
4 39 5 2 3 
3 7 3 18 
4 7 22 6 36 
2 2 5 
4 34 37 7 2 
4 16 2 36 27 
3 16 30 2 
4 32 15 18 4 
3 2 24 17 

2 4 7 
10 20 29 4 9 5 15 6 12 8 19 
4 4 10 5 26 
18 5 18 38 39 22 30 12 36 6 24 16 3 34 1 2 9 33 7 
8 25 21 33 17 6 4 3 2 
11 26 2 4 9 17 13 7 8 11 5 38 
19 19 22 4 20 35 8 15 32 14 6 1 37 33 40 34 36 11 10 29 
6 2 6 12 30 7 34 
12 21 14 22 6 4 2 28 27 10 13 18 11 
9 23 7 14 3 16 9 31 19 15 
6 25 6 13 7 9 35 
3 8 4 2 
4 9 11 16 6 
7 20 9 10 18 23 7 21 
5 7 28 10 2 31 
6 28 10 4 13 27 17 
6 37 5 6 16 35 40 
3 9 4 14 
4 2 10 24 7 
6 31 23 39 7 14 2 
6 25 5 27 14 9 24 
5 37 9 4 7 26 
4 30 14 20 10 
3 4 21 19 
3 11 21 5 
3 6 3 22 
3 9 16 21 
7 29 15 9 16 36 39 38 
3 2 28 7 
3 23 4 8 
4 35 20 15 10 
2 36 7 
3 4 7 5 
3 7 8 4 
4 17 31 7 11 
4 28 7 4 32 
3 17 7 22 
3 6 28 4 
3 28 4 20 
2 7 17 

11 5 26 24 7 9 39 34 10 36 4 6 
5 33 4 9 15 38 
6 5 4 25 21 31 6 
26 20 15 8 37 1 18 10 2 24 35 19 25 27 40 9 14 13 5 16 12 17 29 7 3 11 30 
18 30 10 1 37 6 11 40 12 3 17 4 23 13 8 7 36 31 35 
8 1 3 30 5 28 34 8 15 
4 1 21 4 5 
4 4 6 18 5 
6 1 13 4 12 2 16 
8 20 14 19 1 4 33 5 11 
6 22 4 5 23 14 10 
5 5 40 32 4 9 
5 17 5 4 9 18 
5 38 4 10 37 11 
11 32 24 2 28 38 23 6 26 4 16 27 
6 22 15 20 9 4 25 
4 28 13 4 5 
7 8 21 31 13 4 19 27 
6 29 4 34 18 22 10 
5 10 29 4 16 32 
3 18 3 7 
3 19 11 16 
5 36 5 26 15 11 
3 15 4 1 
3 16 3 4 
4 15 33 1 23 
3 4 18 15 
3 17 15 6 
3 20 19 4 
4 32 6 5 4 
5 5 40 3 32 18 
5 12 20 30 15 31 
3 10 2 26 
3 19 1 6 
2 4 5 
3 1 5 23 
3 5 14 4 
3 15 14 2 
1 1 
4 12 31 5 4 

9 9 18 36 8 5 31 13 40 4 
10 7 31 15 11 4 35 5 6 22 26 
1 4 
22 1 19 14 6 5 23 22 39 3 30 8 10 11 21 20 24 7 28 29 25 17 2 
17 37 21 33 17 4 8 12 1 35 7 16 9 6 30 34 10 2 
10 14 12 16 4 2 26 13 32 5 25 
8 23 5 4 15 27 2 22 33 
5 4 9 5 10 1 
7 40 1 5 8 34 29 30 
12 8 13 5 28 40 32 12 25 20 38 11 4 
8 35 27 19 4 10 17 15 2 
4 18 5 6 10 
9 10 27 37 24 1 14 16 6 20 
4 4 32 6 13 
5 2 36 7 11 31 
5 5 13 18 29 6 
6 5 19 11 23 33 4 
4 12 1 16 39 
4 17 4 11 21 
3 4 10 13 
6 28 5 4 19 39 26 
5 4 38 7 24 2 
3 4 7 17 
4 4 37 13 22 
3 6 4 10 
3 21 6 2 
3 13 11 7 
3 4 21 10 
3 4 9 16 
3 5 4 9 
3 2 15 1 
4 14 6 10 39 
4 5 17 7 35 
3 9 5 39 
4 33 11 5 2 
2 1 15 
3 13 24 5 
2 10 22 
5 34 18 4 32 21 
3 9 10 1 

9 38 29 35 4 18 24 6 14 10 
6 8 16 9 26 5 4 
7 37 7 4 36 38 22 5 
15 13 11 20 16 6 15 1 12 8 27 24 35 3 5 2 
10 14 7 2 6 16 37 39 3 18 4 
10 4 25 11 5 7 20 1 39 19 10 
10 17 5 9 8 21 11 13 3 6 34 
8 21 9 7 39 2 4 12 10 
4 2 8 7 18 
11 37 23 17 1 34 31 29 27 6 12 8 
10 7 22 4 15 26 13 31 33 6 29 
8 15 8 4 36 30 10 21 14 
8 25 4 26 28 11 30 27 7 
8 12 1 17 24 5 23 20 32 
7 33 19 22 4 12 11 23 
3 2 4 5 
7 40 14 34 10 32 7 19 
3 1 5 9 
3 17 6 15 
7 14 30 40 4 35 28 6 
4 8 28 7 12 
4 25 11 3 15 
4 10 14 38 15 
4 1 14 4 36 
4 22 33 13 6 
3 11 2 13 
3 13 4 10 
4 21 34 20 13 
3 11 10 1 
3 20 12 13 
2 10 11 
3 14 36 17 
3 15 25 11 
5 7 28 17 38 10 
3 1 20 4 
4 3 12 32 24 
3 3 10 5 
4 34 3 1 23 
3 5 8 6 
2 20 17 

14 9 25 6 7 4 28 11 8 17 22 16 21 5 38 
4 6 4 19 5 
4 18 34 36 4 
18 11 8 3 18 6 40 7 26 5 32 30 23 20 2 24 16 13 1 
9 9 1 28 4 10 7 2 33 17 
9 1 35 12 21 4 11 2 14 37 
19 12 37 18 5 4 13 15 22 33 8 1 39 20 23 27 10 19 9 35 
10 12 32 15 33 1 26 7 10 14 4 
5 7 1 13 5 22 
6 27 23 8 16 5 7 
5 4 14 21 1 6 
5 7 6 29 15 8 
6 25 28 9 4 31 7 
6 11 31 17 6 19 8 
4 7 12 40 8 
6 4 25 1 29 36 10 
3 14 5 1 
6 30 24 3 4 37 7 
7 32 2 34 27 7 20 14 
5 7 19 38 26 4 
4 1 36 11 6 
5 7 9 1 24 35 
4 30 7 4 10 
3 4 22 18 
3 16 13 1 
3 8 20 4 
5 31 19 10 7 32 
3 1 5 13 
2 16 12 
3 23 18 4 
3 27 14 13 
4 19 4 27 8 
3 8 7 5 
2 3 19 
3 6 22 7 
4 3 21 16 40 
3 6 18 7 
2 1 20 
1 7 
3 15 36 4 

3 23 10 4 
8 24 26 11 5 20 7 31 4 
9 7 6 36 24 21 8 5 23 4 
16 6 5 16 9 11 39 3 7 12 2 22 21 24 14 8 1 
15 9 2 13 33 22 3 40 8 30 38 12 21 4 6 23 
13 16 13 3 36 4 34 19 9 28 37 29 5 26 
14 33 29 3 19 40 27 35 2 11 10 14 4 13 38 
7 17 15 3 27 5 4 31 
8 5 6 12 35 36 4 10 18 
5 7 1 22 20 9 
7 4 14 18 25 7 26 2 
10 27 15 38 17 29 30 20 5 4 9 
7 35 6 15 18 5 19 7 
9 7 17 16 11 33 32 34 40 4 
3 13 8 12 
4 30 4 6 14 
5 39 14 8 25 12 
3 13 9 11 
4 7 6 13 31 
4 2 25 10 12 
3 5 4 3 
4 4 10 37 5 
3 3 1 5 
5 3 34 28 2 4 
3 20 11 17 
3 11 6 2 
5 12 31 8 7 34 
6 39 40 38 24 29 6 
4 28 12 7 6 
3 12 16 5 
4 19 27 8 2 
1 14 
4 39 7 5 14 
4 14 27 24 6 
3 9 13 7 
3 9 6 3 
2 6 22 
4 7 28 12 5 
4 4 33 28 17 
4 5 14 28 7 

3 7 33 4 
7 7 18 38 4 22 5 24 
10 25 13 8 4 9 5 10 22 6 28 
15 24 2 5 1 8 6 35 3 11 30 15 13 23 12 18 
5 2 3 8 6 4 
6 20 5 7 3 34 4 
14 2 30 28 14 11 36 21 1 10 12 9 29 19 6 
17 15 5 19 25 38 17 39 31 12 13 3 22 21 9 10 16 4 
6 7 3 31 8 20 37 
7 3 30 8 7 18 11 14 
8 10 24 39 26 4 7 16 36 
8 27 14 25 35 20 7 4 8 
7 26 17 8 4 3 27 32 
8 7 19 15 40 34 21 10 12 
7 16 4 29 8 14 17 33 
3 15 8 11 
5 31 15 13 8 28 
4 4 2 10 23 
6 23 26 39 7 8 14 
3 6 12 9 
3 8 7 14 
3 2 8 3 
4 19 4 18 36 
3 2 11 4 
6 32 39 28 12 8 3 
3 11 13 19 
4 37 12 32 13 
4 25 3 7 17 
2 15 7 
3 4 10 7 
3 17 9 8 
3 25 13 27 
2 1 15 
2 6 14 
2 4 12 
3 11 23 7 
2 27 9 
2 8 2 
4 25 19 8 11 
1 14 

7 19 11 20 6 5 17 4 
11 5 12 4 26 34 6 16 36 9 15 22 
3 4 10 7 
15 16 8 34 9 13 5 15 24 36 28 3 1 14 2 33 
21 1 9 17 14 40 27 28 31 12 6 15 36 7 4 2 18 37 10 22 11 25 
10 23 2 28 13 5 21 30 8 1 7 
8 18 3 11 8 20 23 6 5 
8 6 12 18 24 4 39 7 21 
7 40 10 2 5 19 33 4 
8 3 30 9 5 32 22 17 29 
8 13 35 37 5 1 39 7 26 
5 30 8 5 19 2 
8 25 11 21 6 32 35 4 14 
4 13 4 38 5 
6 4 16 27 2 29 5 
7 2 33 15 29 23 37 4 
3 1 5 10 
6 20 8 25 7 5 31 
4 24 1 12 9 
3 7 1 18 
5 13 35 8 6 32 
3 10 2 5 
3 6 16 7 
3 4 19 8 
6 27 32 29 13 5 18 
2 11 2 
4 40 15 25 5 
4 5 4 34 6 
5 33 16 10 25 15 
4 10 6 12 32 
3 18 35 5 
5 25 10 13 21 30 
5 16 9 37 29 4 
3 2 4 28 
5 40 21 13 11 31 
5 38 37 5 2 4 
5 33 5 11 16 36 
2 14 36 
2 8 11 
4 5 27 9 35 

9 30 20 7 5 13 16 4 10 12 
5 14 12 11 4 39 
15 31 16 5 35 40 9 10 11 23 15 7 34 4 17 6 
15 6 1 18 35 9 5 38 24 21 3 2 23 15 33 8 
12 4 32 36 13 18 20 27 3 29 6 17 1 
12 24 4 13 19 7 5 3 16 33 27 18 8 
8 8 1 9 6 11 10 3 25 
6 7 19 20 6 4 36 
8 3 7 29 24 31 4 22 30 
8 3 12 15 14 26 7 1 28 
7 39 19 38 37 7 2 3 
6 1 10 22 25 31 2 
6 5 22 14 6 1 21 
5 13 26 2 10 34 
3 10 4 3 
5 17 33 1 6 3 
6 16 38 3 35 23 5 
5 21 5 32 4 6 
4 8 6 11 29 
4 28 1 8 5 
5 4 18 27 37 13 
3 13 9 12 
5 38 27 3 17 4 
3 4 6 9 
5 12 39 31 26 7 
3 14 25 10 
4 23 5 21 6 
3 34 20 10 
3 5 19 9 
2 9 1 
4 3 12 25 9 
3 18 38 5 
4 16 6 40 4 
3 14 28 3 
3 17 4 3 
2 5 8 
2 21 11 
5 11 4 17 23 32 
3 2 25 11 
2 33 3 

