6 8 27 7 33 4 29 
0 
15 7 30 14 5 9 13 23 28 29 12 21 4 24 25 10 
18 33 38 31 13 7 5 8 36 1 30 22 15 18 3 39 12 17 6 
8 10 6 16 4 21 8 33 3 
3 4 5 19 
12 14 1 8 10 30 4 3 16 29 22 35 9 
7 7 5 11 15 34 1 4 
6 11 36 3 18 7 14 
9 24 5 11 27 16 19 7 37 3 
6 8 17 35 9 13 10 
7 4 35 25 26 3 39 17 
3 11 3 4 
7 7 20 3 19 9 15 21 
4 31 14 8 4 
4 10 7 5 20 
4 12 11 4 37 
4 32 22 4 9 
5 29 40 14 6 10 
4 16 27 33 14 
4 5 40 14 3 
11 25 37 4 28 24 7 38 36 26 32 18 
1 3 
6 26 3 22 32 10 28 
4 22 34 3 12 
3 24 22 12 
3 10 20 1 
3 3 22 24 
4 7 19 3 1 
3 4 3 7 
2 15 4 
3 18 22 24 
4 1 5 4 20 
2 8 25 
3 11 7 12 
4 38 4 22 9 
4 17 40 22 10 
3 4 22 36 
2 12 4 
3 19 21 37 

0 
7 6 9 4 5 22 29 17 
6 5 17 4 11 24 6 
15 25 7 23 38 15 33 19 2 3 11 18 8 21 5 14 
18 7 16 15 6 3 4 20 23 10 8 12 24 29 31 2 39 30 35 
12 5 34 12 38 10 28 23 14 2 19 3 26 
6 5 13 36 4 9 11 
9 25 4 10 5 35 9 16 31 39 
11 18 13 21 22 12 27 37 7 40 2 8 
5 5 20 6 8 15 
5 13 4 3 7 16 
5 6 19 5 9 14 
7 38 36 7 28 9 22 11 
4 12 32 4 6 
7 5 20 25 37 28 4 10 
6 17 30 11 27 8 5 
5 26 2 18 3 16 
5 4 21 30 17 9 
3 6 12 4 
3 5 15 10 
6 9 32 26 4 34 18 
6 13 9 40 24 33 2 
3 6 4 5 
3 3 22 5 
5 34 36 4 15 8 
5 37 21 17 6 35 
2 16 9 
3 6 13 15 
3 5 2 32 
4 18 16 5 31 
3 8 30 5 
3 21 29 14 
2 22 4 
3 25 6 21 
3 26 8 5 
4 13 25 40 7 
4 26 39 15 9 
3 6 13 4 
3 8 5 37 
3 9 22 36 

4 4 10 7 6 
3 4 5 40 
16 6 4 24 7 30 10 28 14 5 9 12 15 38 27 8 11 
24 31 8 32 17 11 26 3 13 1 5 12 9 2 10 14 15 37 35 20 23 21 6 18 29 
5 3 2 32 21 4 
15 1 17 4 24 8 18 14 29 33 35 9 15 26 3 7 
9 19 3 25 11 40 1 38 31 6 
5 6 20 3 26 4 
9 3 22 23 16 6 4 12 27 13 
6 28 4 1 16 39 3 
10 25 30 36 13 3 7 4 22 18 33 
3 4 9 3 
7 21 4 11 17 16 9 19 
5 27 6 4 29 3 
4 3 4 34 6 
3 10 9 13 
7 20 37 25 4 31 6 13 
5 32 4 11 19 6 
6 18 22 13 7 39 33 
5 36 17 8 4 24 
3 13 5 4 
4 19 9 23 11 
5 4 34 22 9 30 
3 20 6 3 
3 11 7 17 
3 8 6 4 
6 3 14 28 9 39 35 
4 38 3 27 10 
3 4 14 6 
3 23 11 3 
3 4 7 17 
4 18 5 4 40 
5 6 34 37 11 19 
3 15 33 23 
4 6 4 36 27 
3 35 11 20 
3 33 17 4 
3 28 3 7 
3 10 19 27 
3 7 32 2 

20 39 26 11 8 15 21 22 32 23 18 30 13 17 4 19 5 28 10 14 24 
8 25 38 13 26 6 4 9 20 
5 4 31 7 21 5 
15 7 3 26 16 6 40 1 10 8 2 18 5 25 9 27 
11 20 15 13 28 3 23 4 18 8 1 6 
12 22 11 12 5 7 30 2 16 21 24 10 4 
5 3 4 6 37 9 
5 34 33 5 4 1 
9 14 17 2 16 11 39 4 7 12 
10 29 6 25 35 36 30 4 1 14 22 
5 9 1 29 12 6 
6 24 11 9 35 6 17 
7 2 5 15 33 37 36 1 
5 35 9 10 19 1 
4 1 5 19 13 
4 9 31 4 6 
4 12 9 1 20 
5 5 1 33 4 32 
6 28 1 14 29 15 27 
3 5 2 17 
5 3 1 6 40 23 
4 32 6 10 1 
4 5 1 21 38 
7 27 37 12 1 6 39 31 
4 10 2 4 40 
3 2 4 1 
4 4 34 24 19 
3 19 5 1 
4 34 10 11 19 
3 6 10 1 
4 24 36 16 3 
3 18 22 1 
3 18 13 8 
3 27 8 29 
3 14 12 10 
3 31 13 10 
4 38 7 13 24 
3 37 23 2 
3 24 9 1 
3 21 25 4 

12 5 8 14 30 9 23 13 15 4 10 7 12 
3 4 20 15 
7 35 5 6 12 13 20 4 
11 2 18 31 5 8 1 7 25 11 3 6 
22 11 32 8 31 10 6 34 26 3 30 15 18 7 27 12 4 9 24 29 13 14 1 
8 3 5 22 17 16 11 25 4 
10 19 1 4 5 32 39 25 17 21 26 
4 1 9 5 4 
4 10 5 8 1 
5 14 1 21 5 9 
6 4 29 24 5 6 16 
6 1 37 24 5 3 34 
8 40 18 5 20 1 19 16 3 
6 5 33 1 27 28 10 
5 22 2 1 38 5 
7 17 22 21 40 11 6 13 
6 16 19 7 28 23 6 
6 4 13 35 26 36 5 
4 7 17 33 13 
4 37 13 2 3 
4 36 16 7 10 
7 35 36 28 16 15 23 6 
4 1 27 17 22 
5 30 12 29 5 11 
6 33 32 37 7 4 6 
3 7 5 18 
4 23 31 14 5 
4 14 22 34 17 
3 24 5 11 
3 1 24 5 
4 4 39 5 27 
3 5 7 25 
3 25 19 14 
3 28 12 5 
5 38 3 18 40 22 
3 18 21 22 
5 20 39 25 38 12 
3 35 15 37 
3 31 7 37 
3 35 16 13 

5 12 31 4 5 11 
8 14 6 29 4 26 31 36 16 
16 9 39 16 13 7 4 18 36 21 10 5 15 19 37 30 8 
13 27 11 32 6 33 7 2 1 12 15 28 3 5 
22 6 35 1 23 38 19 33 14 34 4 12 7 24 32 37 39 8 9 3 26 17 13 
6 8 25 5 4 2 16 
8 10 3 5 18 40 20 21 4 
9 27 28 5 3 9 30 23 17 6 
13 5 3 19 10 22 28 20 21 8 11 35 40 13 
5 3 9 7 14 17 
5 27 33 9 1 4 
9 15 22 1 5 32 30 39 34 4 
3 3 5 9 
4 10 22 5 2 
3 3 4 12 
8 6 29 35 24 2 20 3 38 
6 8 24 25 10 5 18 
4 3 7 17 26 
5 5 37 23 3 9 
3 7 16 9 
4 29 9 3 7 
5 14 25 12 9 36 
3 5 19 8 
3 16 5 17 
3 6 17 22 
3 5 2 18 
3 11 4 8 
3 4 8 9 
5 2 16 40 31 21 
3 3 8 12 
4 1 38 2 29 
4 5 12 34 4 
3 5 4 11 
3 32 12 5 
3 9 5 16 
3 22 3 2 
3 19 3 5 
3 16 31 5 
3 3 12 5 
3 9 7 29 

4 11 37 4 8 
5 5 4 24 6 7 
2 4 5 
14 2 9 12 6 8 3 19 20 39 1 7 25 13 5 
10 17 11 10 4 6 31 8 2 3 9 
8 39 5 35 7 2 13 40 4 
11 20 25 31 24 15 10 6 14 11 2 4 
9 10 30 4 16 17 5 15 1 9 
9 12 15 17 8 4 16 38 5 23 
5 8 7 23 34 5 
14 12 38 14 37 7 22 18 5 39 32 30 29 26 1 
12 19 11 40 34 22 21 16 18 13 9 4 14 
10 34 22 12 18 25 4 29 6 23 36 
6 11 33 12 26 21 7 
7 19 8 7 32 20 31 9 
5 12 8 9 33 27 
4 8 27 9 5 
6 24 30 13 11 12 21 
5 12 15 27 35 4 
5 4 36 26 15 7 
6 28 37 36 14 12 18 
3 12 13 11 
3 10 13 9 
6 7 28 35 18 32 2 
3 13 4 7 
4 20 11 14 40 
4 17 19 16 28 
4 29 27 21 24 
3 11 13 28 
4 8 11 18 38 
4 7 15 33 5 
3 11 15 24 
3 14 31 16 
3 12 10 13 
3 24 6 19 
3 21 13 20 
3 21 1 11 
3 9 11 30 
3 6 4 11 
3 6 26 12 

5 7 10 13 15 4 
7 14 5 17 24 4 39 6 
4 4 8 5 16 
19 29 14 10 3 7 8 31 19 23 1 15 12 6 5 16 2 40 39 11 
14 4 11 36 21 6 13 9 24 22 2 3 26 40 18 
11 17 15 7 5 10 12 37 4 30 2 29 
14 30 28 1 32 8 6 13 20 17 27 26 4 19 9 
7 9 39 4 11 7 38 3 
5 12 29 8 7 5 
5 25 6 34 4 1 
9 18 14 8 16 36 20 30 5 4 
5 28 6 4 9 24 
7 23 1 35 5 7 38 19 
7 2 21 18 22 4 31 11 
3 4 1 6 
3 4 11 3 
3 2 7 6 
5 27 11 20 5 14 
8 4 33 7 23 21 34 32 13 
5 18 25 7 32 11 
5 14 34 5 19 22 
5 14 25 33 5 21 
7 13 4 33 38 27 19 26 
3 5 12 2 
3 22 10 20 
5 7 23 28 35 5 
3 18 7 23 
5 7 12 31 37 26 
3 9 4 6 
3 6 7 11 
3 28 4 14 
4 7 35 19 20 
6 36 37 23 19 40 22 
3 21 10 19 
3 32 26 13 
3 5 11 33 
3 33 6 28 
3 8 23 13 
3 2 8 4 
3 33 4 5 

8 4 11 7 9 27 21 12 5 
7 20 31 6 4 32 5 10 
11 32 22 4 11 40 23 19 8 18 38 30 
22 5 34 20 13 9 8 2 10 22 14 6 28 16 7 1 26 36 17 12 27 3 31 
9 7 33 1 8 6 4 2 35 13 
9 2 11 12 5 15 24 34 22 4 
9 31 5 37 26 1 4 29 15 23 
11 5 17 9 36 10 3 29 18 28 21 4 
8 4 8 1 17 20 30 14 19 
10 27 37 33 4 2 24 19 8 13 38 
8 26 25 1 3 14 6 18 16 
4 4 1 6 16 
5 5 4 39 10 25 
6 15 9 25 11 23 4 
3 7 14 6 
3 11 12 4 
4 8 9 24 4 
5 3 37 8 35 11 
4 21 10 9 3 
4 2 28 4 9 
4 19 35 8 1 
3 6 4 3 
3 14 3 7 
6 33 36 39 17 6 10 
4 14 13 11 32 
5 38 11 4 29 7 
5 1 40 10 30 4 
3 4 20 8 
3 8 26 7 
3 3 9 27 
5 7 4 34 40 2 
3 3 25 2 
3 5 24 10 
3 31 4 6 
3 21 5 18 
3 8 4 24 
3 18 10 7 
3 3 26 10 
2 13 24 
3 3 31 27 

6 22 20 7 4 11 39 
13 5 12 4 19 6 9 10 40 7 13 11 14 8 
4 8 5 15 4 
16 27 36 37 5 21 1 9 30 6 2 17 3 22 13 18 29 
16 34 18 7 26 2 16 10 6 23 8 27 21 17 4 3 12 
5 2 14 38 4 5 
6 5 10 2 14 1 32 
11 9 13 3 16 28 2 22 32 5 17 24 
7 25 2 8 15 19 4 20 
8 12 19 7 5 26 11 2 35 
8 36 10 2 33 1 28 25 26 
5 35 2 10 5 27 
10 33 24 32 31 21 20 18 2 4 8 
5 7 6 15 2 24 
5 14 9 3 16 29 
4 15 8 5 39 
4 25 8 5 4 
5 13 30 5 4 29 
6 31 28 2 23 10 9 
5 9 1 13 31 23 
3 5 13 4 
3 4 1 8 
3 20 5 19 
4 13 8 14 34 
8 9 17 11 37 35 39 33 30 
4 38 5 11 10 
3 12 5 4 
3 19 11 8 
3 4 18 15 
4 25 4 18 40 
4 20 38 19 13 
3 8 13 7 
5 37 34 11 13 25 
3 5 24 33 
4 25 39 10 12 
2 11 4 
3 25 4 33 
3 6 26 31 
4 35 25 1 16 
2 2 30 

11 37 4 20 6 8 12 9 27 15 5 16 
9 19 11 26 10 29 7 4 16 25 
12 27 4 10 30 6 18 9 26 14 35 28 5 
14 25 3 5 1 10 40 33 8 7 6 21 2 31 9 
7 14 19 15 3 1 30 4 
13 18 11 35 7 1 4 23 8 17 21 31 36 3 
7 15 11 4 25 6 2 28 
8 24 22 6 32 40 1 4 13 
6 13 3 1 20 4 12 
8 34 3 22 13 2 4 28 39 
8 2 12 17 14 24 7 38 6 
5 9 11 1 22 38 
6 23 8 10 9 21 26 
7 5 37 11 19 16 20 3 
7 17 7 23 33 27 5 1 
6 18 39 14 1 2 38 
3 6 15 11 
5 6 36 3 16 39 
5 14 5 24 2 32 
4 9 14 30 1 
4 13 6 29 4 
3 12 10 8 
4 15 33 13 6 
4 19 8 34 11 
3 2 7 4 
3 2 3 13 
4 3 15 35 1 
7 36 32 3 7 29 10 31 
4 2 37 21 28 
3 20 5 3 
4 6 4 34 28 
3 19 28 8 
3 15 4 23 
5 24 36 10 31 40 
3 6 27 3 
4 34 28 6 18 
3 29 1 14 
3 12 11 16 
3 18 16 10 
3 8 34 4 

3 28 8 4 
10 4 20 14 10 7 11 21 6 5 25 
14 18 22 29 9 17 15 5 12 38 14 26 16 4 7 
12 1 16 33 21 3 20 31 2 5 6 10 18 
15 8 35 25 6 36 32 27 4 39 23 2 10 7 9 3 
11 22 8 5 36 28 15 18 4 13 12 2 
9 9 3 2 12 29 40 16 5 11 
3 5 1 6 
4 3 5 40 7 
12 5 24 30 2 11 40 29 19 4 27 17 13 
5 34 7 2 10 21 
12 6 22 31 28 14 7 19 13 20 17 3 26 
4 30 10 12 6 
9 39 12 32 33 2 3 24 23 15 
5 14 6 3 34 39 
3 3 4 7 
6 38 10 24 12 3 19 
6 3 23 6 4 37 30 
3 17 10 12 
4 25 4 2 12 
4 11 2 31 4 
3 6 12 3 
4 14 36 5 18 
5 10 14 34 26 17 
3 20 2 5 
5 27 3 12 33 24 
3 10 26 5 
5 12 32 6 35 1 
3 3 7 10 
4 13 38 10 18 
3 21 4 12 
3 14 28 5 
3 14 26 4 
3 24 15 11 
2 5 28 
4 23 5 40 6 
1 18 
3 30 17 3 
3 15 5 14 
4 9 10 36 7 

16 18 10 37 13 6 30 32 4 38 21 7 16 12 39 8 15 
5 30 5 4 33 17 
9 7 11 4 37 6 15 24 31 5 
11 23 11 16 5 20 9 3 13 1 6 2 
8 14 4 2 10 20 3 32 12 
12 3 12 7 15 11 1 8 23 4 19 36 37 
8 27 10 1 6 8 38 3 9 
15 35 34 1 6 22 17 20 29 18 40 9 13 28 25 7 
6 14 26 7 22 8 4 
5 7 24 1 5 18 
3 3 6 4 
7 19 5 16 1 21 35 6 
5 35 1 4 8 14 
5 9 13 21 25 5 
6 25 1 6 26 38 3 
7 24 12 1 19 40 4 17 
4 16 2 8 31 
4 8 1 10 23 
4 32 16 6 12 
4 28 4 8 5 
7 39 28 27 22 14 12 1 
5 27 8 9 21 29 
4 4 18 26 6 
3 3 10 16 
3 14 15 8 
4 9 15 23 29 
3 7 21 22 
4 40 20 8 21 
7 22 30 34 26 8 33 31 
4 36 2 29 1 
3 3 29 17 
4 19 5 35 1 
3 2 37 29 
3 37 8 29 
4 32 12 8 13 
2 30 6 
5 33 6 34 3 1 
3 1 15 7 
2 1 21 
3 28 8 16 

10 21 26 11 5 27 15 38 17 4 36 
12 9 25 15 24 40 6 4 7 11 30 5 10 
9 22 10 4 34 26 14 21 19 24 
13 1 5 32 7 2 28 11 8 36 6 3 9 10 
20 20 8 1 6 27 4 15 38 18 22 17 16 25 13 9 2 23 32 34 40 
7 2 12 13 5 19 7 4 
11 18 14 17 2 6 35 8 33 13 12 4 
8 4 5 30 39 7 37 16 22 
4 4 5 32 2 
7 16 2 3 20 4 30 18 
5 12 2 4 1 33 
4 6 11 7 29 
4 14 6 5 7 
8 29 27 28 31 7 13 3 24 
5 5 1 39 2 37 
5 10 8 21 23 5 
5 1 29 5 19 7 
6 5 20 10 26 28 7 
6 40 6 17 25 3 34 
4 18 10 5 31 
3 1 3 16 
6 8 23 38 36 5 3 
4 22 33 5 16 
6 35 14 39 2 3 31 
3 2 5 19 
3 3 1 18 
3 14 5 1 
5 14 18 35 4 37 
3 14 17 12 
3 10 2 8 
3 20 24 14 
5 9 4 33 5 34 
4 23 32 7 11 
5 5 32 3 39 19 
4 28 7 36 24 
4 4 35 1 22 
3 28 15 8 
3 22 5 1 
4 15 8 34 24 
3 5 19 2 

5 12 14 4 17 5 
4 39 4 33 7 
12 21 15 9 4 26 13 12 20 6 7 32 5 
12 26 8 7 6 38 11 2 1 5 10 37 3 
20 11 4 9 16 13 22 18 28 33 29 40 19 3 8 24 14 1 26 6 27 
14 9 11 10 12 4 25 29 5 20 24 34 27 33 3 
4 3 4 8 2 
9 10 31 7 5 18 13 14 4 38 
9 22 39 19 16 32 6 34 5 3 
4 6 8 4 17 
8 22 23 29 6 18 4 28 5 
8 17 3 1 15 21 6 23 30 
7 15 3 24 5 20 30 8 
5 8 1 40 25 5 
5 12 3 19 16 13 
5 27 5 15 9 21 
3 12 1 10 
5 8 11 5 25 34 
3 5 15 9 
5 3 37 13 6 23 
3 12 3 16 
5 5 32 35 11 9 
5 30 20 11 28 12 
3 5 13 6 
5 18 35 14 6 31 
5 5 3 4 38 36 
3 16 5 6 
4 36 5 11 23 
3 11 6 5 
3 12 23 13 
2 25 8 
3 3 9 22 
3 2 5 6 
3 18 9 6 
2 22 25 
2 26 28 
2 20 4 
3 26 4 8 
2 2 9 
2 5 14 

12 33 8 4 16 10 29 20 25 5 11 31 17 
5 6 5 4 16 15 
6 7 12 4 27 37 39 
16 14 10 8 18 9 28 7 3 2 39 5 6 1 22 21 24 
7 1 4 2 24 35 6 9 
11 7 10 2 23 4 8 30 11 22 5 29 
8 31 37 6 4 15 13 3 14 
12 18 36 34 26 25 19 9 6 1 4 13 23 
6 34 4 12 8 5 40 
15 23 17 38 32 18 19 12 39 4 26 6 35 30 1 11 
3 1 6 10 
10 13 19 32 9 21 10 3 26 14 27 
5 15 28 12 7 8 
8 12 20 24 21 7 16 34 4 
5 40 13 17 2 7 
4 2 31 14 1 
4 15 10 1 33 
4 8 4 10 27 
8 20 30 33 22 8 36 10 12 
3 1 14 19 
3 4 14 12 
5 4 28 36 19 6 
3 8 6 10 
4 5 4 14 25 
7 40 29 35 24 1 37 8 
3 12 10 8 
3 18 12 3 
3 4 13 22 
5 39 1 6 31 25 
4 10 19 6 35 
4 1 16 29 7 
2 10 12 
4 1 19 17 36 
4 37 9 14 8 
4 10 30 25 5 
4 19 8 33 22 
5 25 7 34 40 3 
1 10 
4 3 10 4 29 
4 25 15 9 37 

3 25 8 4 
11 16 35 14 5 9 28 7 11 4 6 13 
13 22 18 5 10 19 8 6 39 12 34 30 9 4 
22 32 7 2 16 13 36 8 21 1 17 25 15 6 5 9 20 38 10 19 3 12 29 
10 7 20 13 3 15 4 21 24 2 40 
9 19 17 38 25 2 18 4 3 24 
12 33 5 2 23 14 17 4 11 12 10 20 31 
6 23 26 33 1 3 4 
3 4 3 2 
7 11 3 4 30 32 7 40 
5 27 2 7 10 15 
8 35 30 18 7 14 27 4 3 
8 37 2 4 23 5 26 22 27 
4 7 2 12 16 
4 11 33 4 5 
4 4 14 2 26 
4 31 6 7 4 
7 3 12 6 21 35 39 40 
4 3 29 6 4 
5 7 5 22 4 28 
5 38 18 4 5 34 
8 20 29 39 3 32 13 31 34 
5 8 24 13 36 7 
3 23 5 6 
3 4 1 6 
4 16 8 13 28 
3 12 11 13 
5 20 32 26 2 38 
3 4 22 19 
3 10 3 12 
3 17 7 22 
4 28 4 10 22 
3 7 8 15 
4 3 21 22 38 
3 18 2 12 
2 23 4 
1 13 
5 4 21 28 6 34 
3 18 3 22 
3 18 10 5 

10 28 12 19 6 9 8 5 35 7 4 
11 4 21 18 31 6 33 11 36 30 26 17 
7 13 20 22 4 5 11 15 
21 38 27 10 30 16 36 17 8 12 5 14 22 2 7 35 25 23 24 3 9 1 
16 9 6 25 37 40 24 38 1 13 18 4 21 29 10 17 3 
11 11 1 7 21 32 5 8 12 34 38 2 
9 13 35 23 6 4 15 39 28 1 
9 4 10 14 1 26 6 27 28 19 
5 18 1 22 4 5 
5 14 32 5 4 8 
6 15 3 26 6 2 39 
8 6 25 16 20 37 4 27 1 
6 23 29 3 7 5 16 
3 8 4 10 
4 11 7 31 3 
7 24 13 12 19 39 4 40 
3 4 2 5 
3 5 2 9 
4 8 20 16 1 
3 3 12 19 
3 6 5 2 
4 4 3 9 30 
3 4 7 13 
4 5 16 4 37 
4 12 4 33 5 
3 8 11 2 
4 4 8 12 37 
3 7 1 8 
2 13 5 
3 4 22 2 
3 15 36 2 
2 10 6 
2 25 2 
1 6 
3 4 1 7 
4 31 37 4 2 
5 36 27 24 5 12 
3 5 4 6 
3 16 7 11 
2 5 16 

2 28 4 
5 6 4 16 34 5 
8 7 8 23 5 6 20 9 4 
14 21 2 8 29 17 35 3 30 39 24 5 9 18 1 
17 11 6 40 7 13 3 29 15 17 33 14 38 9 2 30 4 12 
18 12 29 5 13 7 3 33 10 36 11 20 24 2 23 15 8 25 32 
13 13 5 31 18 37 19 26 11 3 10 24 27 6 
4 4 21 6 3 
9 21 10 40 3 4 12 17 5 33 
8 39 6 35 9 26 16 7 14 
6 5 19 7 34 6 30 
8 9 32 15 31 19 5 6 23 
8 14 18 5 7 25 28 6 16 
4 13 10 5 27 
4 5 20 6 12 
5 2 13 22 35 10 
5 9 38 26 5 4 
3 4 13 7 
6 12 22 7 36 11 27 
4 6 15 22 3 
4 9 8 4 37 
6 19 32 20 28 31 16 
4 25 12 3 6 
3 4 7 6 
3 13 23 6 
6 10 17 36 29 40 7 
3 14 7 19 
6 32 22 13 1 34 31 
4 5 4 26 6 
4 4 33 5 11 
5 7 22 12 28 34 
4 12 22 6 28 
4 9 5 30 6 
4 28 31 11 2 
3 4 10 16 
3 26 19 6 
2 21 7 
2 17 5 
2 10 4 
3 26 5 9 

14 26 17 9 10 8 14 6 16 37 15 5 34 19 4 
4 17 5 4 13 
1 4 
10 5 3 21 6 7 32 1 8 37 2 
17 22 18 26 12 2 11 1 29 19 7 23 10 4 6 36 15 9 
18 7 31 1 35 13 4 16 5 36 21 14 40 10 12 20 11 9 8 
9 4 24 11 22 6 5 19 29 16 
6 33 1 20 17 4 6 
7 1 33 30 12 6 15 5 
9 34 5 14 1 13 25 39 29 6 
7 7 37 6 28 27 5 33 
7 40 30 6 25 5 20 9 
6 10 18 2 21 24 6 
5 25 10 23 1 6 
4 9 5 1 36 
5 6 7 1 39 31 
6 28 1 18 8 2 38 
7 13 22 39 5 27 17 24 
5 23 7 5 1 28 
4 6 8 12 27 
3 13 4 6 
4 18 7 5 34 
4 5 14 19 26 
3 13 18 7 
3 14 12 10 
4 1 23 5 40 
3 18 11 20 
3 19 11 17 
4 5 36 10 7 
2 12 9 
2 6 16 
1 4 
5 9 8 38 11 34 
5 22 37 33 1 10 
1 6 
5 29 5 6 15 39 
4 34 11 1 4 
2 33 17 
4 36 18 10 16 
3 26 6 12 

