3 3 4 7 
1 3 
9 1 7 17 8 6 5 4 10 2 
9 3 24 18 29 15 5 13 1 27 
12 9 20 14 3 25 17 19 6 10 18 4 11 
7 12 13 3 23 5 30 8 
2 3 1 
7 6 3 15 11 12 9 26 
3 8 16 5 
5 24 3 14 5 20 
2 5 8 
3 16 8 6 
4 4 6 19 26 
2 5 10 
2 8 4 
3 12 9 23 
2 5 3 
4 21 5 4 27 
6 21 29 13 28 22 5 
3 22 5 10 
3 18 19 30 
2 19 20 
2 6 16 
3 25 10 4 
3 24 5 28 
2 8 13 
2 18 4 
2 25 19 
2 19 4 
2 6 21 

1 3 
4 4 30 19 3 
15 1 18 4 2 22 5 16 8 15 6 7 17 21 25 29 
10 2 9 5 13 6 10 3 22 7 12 
2 3 4 
5 11 3 4 8 9 
9 28 12 4 3 18 17 21 29 11 
3 3 6 15 
3 10 6 4 
5 4 9 20 14 26 
5 6 27 28 7 30 
4 7 4 13 14 
5 4 19 16 23 12 
3 23 12 10 
4 24 8 3 20 
2 13 3 
3 27 3 7 
3 24 3 7 
2 13 2 
2 15 10 
2 7 3 
2 3 4 
2 13 14 
3 18 25 15 
3 26 24 3 
2 25 10 
2 17 11 
2 11 7 
2 3 7 
2 11 2 

5 6 19 3 10 23 
2 4 3 
8 2 20 8 4 5 9 1 16 
10 11 6 2 12 7 5 15 3 21 10 
4 7 4 14 3 
10 16 14 11 8 24 20 30 1 12 4 
7 4 5 25 22 13 17 18 
7 19 3 30 21 6 9 29 
3 13 3 8 
5 15 1 17 4 18 
2 6 4 
2 4 6 
3 7 9 24 
3 5 27 6 
3 23 4 10 
2 6 3 
4 26 10 7 25 
4 10 7 22 27 
2 1 8 
2 3 6 
3 26 8 4 
3 28 18 7 
2 15 1 
3 6 13 29 
3 17 28 7 
2 17 21 
2 18 14 
2 25 22 
2 8 24 
2 8 6 

10 15 6 3 23 26 8 4 19 30 17 
7 20 27 5 21 7 3 22 
17 12 24 2 14 5 1 9 4 8 22 7 10 21 19 26 25 18 
8 1 14 10 6 27 11 3 16 
2 3 2 
7 15 9 12 29 20 1 4 
4 18 2 16 3 
4 1 11 13 3 
4 3 13 6 17 
3 28 4 3 
3 28 8 4 
3 6 3 24 
2 8 9 
2 4 3 
2 1 6 
2 4 7 
3 25 1 9 
3 23 3 7 
2 1 3 
3 30 2 6 
2 3 2 
2 3 2 
2 1 18 
2 12 3 
2 3 17 
3 1 29 3 
2 4 2 
2 11 10 
2 6 26 
2 20 1 

12 7 5 9 16 4 10 24 14 18 8 3 13 
1 3 
9 18 15 8 11 23 6 2 4 1 
7 14 5 3 28 1 11 26 
10 4 6 7 25 12 1 19 22 9 29 
8 12 20 5 16 13 24 27 3 
7 5 1 20 22 29 27 17 
6 26 19 15 10 3 1 
2 5 1 
2 8 1 
4 21 4 17 3 
2 5 6 
3 6 1 30 
2 4 1 
3 8 30 3 
3 25 1 6 
2 11 7 
5 1 23 28 3 21 
2 5 8 
2 7 6 
2 11 18 
2 5 7 
2 3 18 
2 1 6 
2 5 16 
2 8 4 
2 7 6 
2 4 18 
2 5 7 
2 13 15 

1 3 
8 5 7 3 4 13 9 20 17 
11 19 23 12 1 4 24 2 13 6 29 10 
15 2 14 5 9 11 17 6 3 16 10 12 30 25 18 22 
7 15 28 30 2 21 7 4 
6 11 23 8 19 3 4 
5 5 14 16 8 2 
4 27 6 7 25 
3 4 2 21 
2 4 3 
2 4 6 
3 28 3 4 
2 2 3 
3 4 15 7 
4 24 5 18 14 
4 20 7 27 4 
2 4 2 
4 22 4 15 26 
2 3 6 
2 2 16 
2 9 5 
2 4 18 
2 6 3 
3 26 15 3 
2 4 8 
2 18 24 
2 8 16 
2 12 5 
1 3 
2 4 5 

8 11 30 6 22 3 8 4 14 
6 3 10 20 21 4 26 
15 22 1 13 5 16 26 9 2 21 15 20 24 8 23 6 
7 1 2 5 19 7 16 25 
9 18 7 30 29 4 27 3 23 24 
5 3 9 12 10 1 
3 4 5 12 
3 3 1 19 
3 6 3 11 
3 2 6 13 
3 28 1 9 
3 6 27 7 
4 14 3 10 17 
3 13 15 1 
3 3 14 17 
2 3 4 
4 28 15 13 18 
2 17 5 
2 8 4 
2 2 3 
2 2 3 
3 25 3 1 
3 3 5 29 
2 3 5 
2 22 4 
2 2 3 
2 5 12 
3 17 29 11 
3 23 28 5 
2 1 5 

2 3 18 
9 27 3 26 4 28 6 12 7 13 
10 1 17 6 21 5 11 2 8 23 4 
14 5 10 7 12 26 11 2 25 20 19 22 17 3 8 
3 13 4 3 
3 9 3 2 
6 2 9 20 14 4 18 
5 10 15 4 16 3 
2 7 6 
3 14 8 4 
4 29 3 16 4 
4 4 15 2 22 
4 2 24 5 27 
2 7 10 
4 12 29 8 30 
4 24 8 21 11 
4 25 4 3 23 
3 1 19 7 
2 4 18 
2 4 7 
2 16 3 
2 4 12 
2 17 3 
2 13 16 
2 17 4 
2 2 4 
2 2 13 
1 2 
2 15 11 
1 15 

6 9 26 7 17 23 3 
4 8 3 4 5 
6 4 1 12 6 2 15 
16 21 15 23 7 29 9 3 6 27 25 12 10 30 20 2 5 
6 4 8 2 10 11 17 
6 4 14 20 13 27 3 
6 1 11 28 16 4 14 
2 2 5 
2 1 4 
5 5 16 21 4 13 
4 7 19 18 5 
2 4 3 
7 6 18 26 22 19 25 10 
3 30 6 7 
2 4 3 
3 22 7 10 
2 1 5 
2 11 13 
2 13 11 
2 4 6 
4 10 24 4 28 
2 13 16 
2 4 1 
2 28 21 
2 13 4 
2 1 13 
2 6 4 
3 7 24 21 
2 4 30 
3 4 29 14 

2 4 3 
3 5 3 4 
16 20 6 29 10 13 7 8 16 24 1 2 19 21 5 15 28 
2 2 1 
10 2 7 13 6 3 8 25 29 17 9 
7 21 5 3 9 12 19 11 
3 3 5 26 
9 11 20 5 15 23 14 3 10 24 
2 5 6 
5 3 8 12 26 22 
2 8 6 
2 6 10 
5 3 5 17 14 16 
5 8 27 22 18 13 
2 3 8 
3 3 13 18 
2 5 13 
2 16 14 
2 3 6 
2 3 8 
3 23 6 3 
2 14 10 
3 21 8 24 
4 23 3 29 8 
1 5 
2 10 7 
1 14 
1 3 
3 24 5 3 
0 

1 3 
10 6 26 27 24 5 9 13 3 25 4 
13 11 4 27 21 14 18 8 5 2 1 10 6 7 
2 3 2 
7 26 3 2 7 10 12 15 
11 2 8 12 14 11 9 13 3 15 16 23 
3 16 5 3 
4 3 30 20 6 
5 25 6 18 20 2 
2 5 3 
3 3 17 6 
2 6 5 
3 6 29 2 
5 19 28 3 6 21 
2 6 5 
5 7 6 22 17 29 
5 19 16 11 24 30 
2 3 9 
4 14 23 22 17 
2 9 8 
2 3 14 
5 19 27 28 25 16 
2 6 19 
2 17 2 
3 22 9 2 
3 5 30 2 
3 3 2 22 
2 22 14 
3 30 13 16 
4 17 29 8 26 

3 20 3 4 
3 3 4 18 
11 19 5 24 6 17 2 22 12 20 1 9 
12 28 14 2 15 7 11 10 1 8 5 6 17 
6 15 8 4 3 9 7 
4 4 19 3 10 
6 4 12 5 27 22 13 
3 4 23 5 
2 3 5 
7 11 14 6 25 4 18 13 
2 4 10 
2 7 3 
5 10 16 7 25 30 
3 4 24 10 
4 4 21 16 5 
5 13 15 21 26 23 
4 4 29 3 28 
2 10 2 
3 3 6 26 
2 1 3 
2 16 15 
2 3 7 
2 8 16 
2 14 3 
2 10 13 
2 16 19 
2 7 28 
3 27 17 4 
1 17 
1 13 

3 5 3 22 
12 4 6 25 9 27 3 24 8 30 16 14 5 
7 1 14 4 8 9 10 2 
7 19 12 2 3 6 7 15 
2 1 2 
6 17 4 2 7 23 11 
8 13 6 25 21 4 15 22 29 
3 2 3 12 
7 16 3 2 11 18 10 24 
2 3 9 
3 21 6 9 
5 8 17 4 19 13 
3 12 7 20 
3 18 2 3 
3 7 4 23 
2 2 9 
2 12 6 
2 9 14 
2 4 12 
1 13 
2 11 7 
2 1 7 
2 15 6 
4 30 27 9 2 
2 7 2 
0 
2 24 2 
1 29 
2 7 28 
2 24 2 

8 10 5 4 11 6 19 8 3 
13 18 15 24 3 29 13 14 6 4 9 5 10 22 
5 7 1 17 2 20 
2 1 2 
11 13 1 26 21 28 23 25 8 2 12 7 
4 2 14 16 1 
5 29 3 5 9 19 
5 5 1 22 25 20 
4 11 7 17 2 
4 2 1 12 16 
4 15 1 9 18 
2 5 10 
2 2 5 
4 2 24 27 6 
4 2 11 27 21 
2 10 6 
2 9 3 
2 11 2 
3 20 1 7 
3 8 3 19 
3 5 30 15 
3 8 2 29 
3 26 5 28 
2 14 2 
4 8 26 28 5 
4 23 5 27 25 
3 26 14 15 
3 25 23 5 
3 2 7 22 
1 21 

11 10 19 3 8 30 26 14 27 13 4 24 
6 17 7 30 9 5 3 
11 1 9 10 6 19 7 22 2 4 11 5 
5 3 8 1 6 11 
3 3 12 2 
4 15 25 4 3 
2 2 3 
3 1 18 4 
5 13 2 21 3 20 
5 18 16 1 12 3 
3 29 3 4 
7 14 24 10 23 5 16 21 
3 1 17 9 
4 15 1 20 12 
2 14 6 
4 10 27 23 12 
2 13 2 
3 23 8 10 
3 26 3 1 
2 9 14 
2 9 12 
1 3 
4 12 18 30 16 
2 12 1 
3 30 28 6 
2 1 19 
2 16 1 
1 25 
1 11 
4 23 25 2 1 

1 3 
14 10 23 14 4 3 21 13 9 8 30 7 17 5 6 
13 2 22 19 1 24 25 4 6 29 14 15 12 8 
7 2 7 11 5 3 16 13 
3 2 4 27 
4 3 2 18 10 
3 4 2 24 
4 9 11 2 3 
3 2 8 21 
6 22 28 2 20 16 6 
6 23 17 4 19 8 12 
4 18 26 11 3 
2 2 4 
3 15 3 2 
2 14 3 
2 10 4 
3 22 11 2 
4 12 28 6 29 
2 3 11 
2 10 26 
2 2 9 
5 17 28 10 3 25 
2 2 11 
2 7 3 
2 3 22 
2 12 20 
1 5 
3 10 22 18 
2 3 18 
1 2 

14 26 7 21 3 12 17 22 4 15 19 18 8 14 16 
1 3 
15 5 2 9 11 16 8 27 4 29 23 20 1 15 6 25 
6 12 3 1 10 5 11 
8 4 28 30 10 7 17 6 3 
6 9 13 26 25 3 5 
2 1 5 
3 23 1 3 
2 6 3 
3 4 5 13 
2 3 4 
2 4 1 
4 14 10 18 6 
2 1 13 
2 3 1 
2 3 1 
2 1 5 
3 20 13 1 
1 1 
6 30 3 27 25 29 18 
2 1 28 
1 1 
3 26 8 3 
0 
3 20 6 3 
3 23 1 6 
2 3 20 
2 5 21 
2 3 20 
2 20 5 

1 3 
8 4 3 8 11 5 21 19 20 
12 4 2 27 6 7 28 5 15 21 20 1 14 
5 2 10 19 13 3 
13 8 18 6 7 16 9 3 23 12 17 15 2 24 
2 5 3 
6 10 11 28 12 3 5 
6 23 5 30 2 26 9 
2 5 8 
4 4 25 7 14 
4 18 2 7 29 
5 29 13 5 7 22 
4 27 12 4 16 
2 3 10 
3 3 24 5 
4 24 13 27 5 
2 5 19 
4 22 28 11 5 
5 20 29 17 2 4 
4 19 21 2 3 
4 30 3 2 20 
2 18 12 
2 8 5 
3 15 16 5 
1 10 
1 8 
3 16 3 13 
3 7 3 18 
3 12 11 19 
2 21 8 

17 16 14 23 9 8 29 11 20 4 3 7 6 5 12 27 19 17 
7 16 5 24 3 4 12 6 
5 1 28 19 20 2 
12 14 26 2 22 28 10 11 8 30 7 1 13 
2 1 2 
4 2 18 1 30 
3 21 4 1 
6 17 13 9 1 4 10 
2 8 1 
2 4 8 
5 27 1 15 4 25 
3 1 2 18 
2 8 4 
5 26 4 17 1 25 
1 11 
3 24 2 1 
3 14 1 8 
2 6 12 
2 1 3 
2 3 1 
2 7 22 
2 21 4 
1 1 
2 2 16 
2 14 11 
2 14 4 
2 1 11 
2 4 3 
2 1 30 
3 4 29 6 

10 7 27 5 13 19 3 4 10 9 23 
2 3 11 
16 4 13 5 24 11 16 8 12 2 7 23 10 9 1 6 26 
6 14 22 6 28 1 3 
7 20 1 22 17 14 16 3 
4 3 15 4 12 
6 8 26 20 28 1 3 
5 25 18 3 7 29 
3 3 21 1 
4 1 29 30 3 
4 21 2 30 3 
2 3 6 
3 1 3 22 
4 23 4 5 15 
2 6 14 
3 26 3 5 
2 21 5 
3 25 8 29 
2 1 24 
2 5 7 
3 9 17 11 
3 5 4 13 
3 3 1 14 
2 3 19 
2 18 8 
3 16 7 3 
1 1 
2 7 4 
3 10 18 8 
2 10 11 

7 3 16 21 4 6 13 9 
4 14 12 29 3 
10 30 8 1 26 11 5 2 4 7 13 
4 1 5 21 3 
7 9 3 8 7 6 20 4 
4 20 5 11 1 
7 14 15 5 28 10 18 3 
8 28 10 22 18 3 25 5 15 
4 1 19 5 27 
2 8 7 
2 3 6 
2 15 2 
2 3 1 
2 2 7 
4 8 12 27 7 
3 18 17 1 
2 19 16 
4 8 7 24 16 
2 9 17 
2 5 6 
3 4 1 25 
1 8 
0 
1 18 
2 8 21 
1 3 
2 15 9 
2 7 8 
1 2 
1 3 

3 3 5 4 
13 20 13 9 8 11 3 6 14 19 18 4 23 28 
10 15 13 7 18 1 21 2 5 17 14 
12 1 21 19 30 12 15 10 6 2 26 24 27 
5 7 26 1 3 29 
8 22 10 20 2 8 12 4 9 
2 3 5 
3 11 6 2 
3 16 6 2 
2 6 4 
4 8 12 24 2 
3 6 4 11 
4 24 3 2 16 
3 3 2 23 
5 19 3 25 4 17 
6 9 13 27 29 17 23 
3 15 3 16 
3 26 2 3 
3 4 2 15 
3 6 22 2 
2 4 3 
2 20 6 
3 16 2 14 
3 4 13 11 
1 15 
3 4 18 5 
3 4 16 30 
1 2 
2 5 16 
2 27 4 

5 3 4 26 9 25 
4 28 24 14 3 
9 5 9 15 2 7 16 4 18 1 
15 1 16 6 8 3 10 20 26 13 22 11 23 7 5 12 
6 30 12 17 6 3 4 
6 5 15 10 17 8 4 
3 14 4 3 
4 6 11 4 27 
2 3 1 
4 6 24 4 28 
2 8 4 
5 27 4 16 5 29 
3 4 17 25 
2 2 7 
2 3 6 
3 4 3 12 
3 13 5 6 
1 3 
1 23 
2 4 25 
2 22 30 
2 4 21 
2 4 19 
2 2 10 
3 1 20 13 
2 1 4 
2 8 12 
2 10 2 
1 12 
2 5 21 

6 15 6 3 26 11 13 
8 30 6 11 23 4 26 3 24 
10 22 8 17 7 14 2 4 5 27 1 
11 16 2 12 5 9 3 18 29 15 19 28 
4 20 4 22 3 
6 7 2 28 1 10 8 
3 3 6 10 
2 3 6 
1 4 
2 6 7 
4 2 1 19 13 
2 30 4 
2 11 1 
3 29 3 21 
4 4 1 20 21 
3 23 4 18 
2 3 19 
3 29 4 16 
3 17 11 4 
3 5 15 22 
2 14 15 
5 28 20 3 25 5 
3 24 2 16 
2 23 2 
1 22 
3 2 27 1 
2 26 3 
3 6 4 22 
3 14 4 18 
2 2 12 

6 15 3 4 13 24 5 
3 3 8 9 
11 4 14 1 9 6 11 7 5 2 17 20 
2 1 3 
13 26 10 1 7 25 17 3 12 6 18 11 8 21 
3 5 13 3 
2 5 3 
6 16 5 17 13 2 9 
4 3 8 2 24 
4 14 5 25 18 
5 12 21 27 5 3 
3 5 25 11 
3 8 6 1 
3 10 3 20 
1 1 
3 8 21 30 
5 29 3 5 19 8 
2 10 5 
1 17 
3 14 3 23 
3 11 16 5 
0 
1 20 
2 1 9 
3 10 5 12 
1 5 
1 11 
0 
1 17 
1 16 

8 15 6 21 3 23 4 7 9 
10 8 25 13 11 5 26 4 6 3 7 
9 5 30 24 28 1 2 19 12 9 
7 18 23 24 13 16 2 1 
5 2 3 25 8 15 
2 2 1 
4 19 27 1 2 
6 2 5 10 16 29 12 
2 3 1 
2 25 8 
3 2 16 15 
5 3 19 8 22 14 
3 4 28 2 
1 12 
3 5 11 1 
5 4 11 29 18 8 
2 23 20 
2 4 16 
6 23 24 12 7 21 3 
2 22 17 
2 1 19 
3 12 20 28 
5 26 4 19 17 1 
3 3 19 4 
4 30 10 2 5 
3 27 2 23 
3 30 26 7 
3 3 22 13 
2 16 8 
3 25 27 3 

6 3 26 10 9 7 5 
13 16 23 6 4 25 9 18 21 13 27 20 3 17 
12 21 2 10 20 1 22 5 8 30 13 4 19 
4 2 6 3 12 
2 1 3 
3 4 12 2 
2 19 1 
6 27 3 29 14 20 10 
4 14 1 2 10 
8 3 11 18 1 17 8 9 22 
3 27 10 30 
3 4 20 6 
5 3 17 26 2 16 
2 9 8 
0 
2 2 13 
3 2 13 10 
3 21 10 2 
2 3 7 
6 2 22 28 12 8 3 
3 18 3 2 
3 20 10 3 
1 2 
0 
1 2 
2 13 1 
3 2 8 11 
2 29 20 
2 8 28 
2 3 11 

5 7 5 3 9 13 
2 4 3 
17 18 17 8 1 11 29 21 5 4 30 6 10 2 28 12 27 19 
2 2 3 
4 24 1 11 3 
6 7 17 27 25 28 3 
8 14 29 6 1 16 8 12 23 
4 3 11 7 26 
4 14 24 1 15 
1 3 
5 30 8 3 5 15 
2 7 3 
2 18 1 
3 9 19 7 
2 9 11 
1 7 
2 6 3 
3 29 3 13 
2 3 14 
0 
2 22 3 
2 21 28 
1 7 
2 9 5 
1 6 
1 8 
2 6 3 
3 3 6 22 
3 18 3 7 
2 11 3 

1 3 
8 18 3 7 22 4 14 26 10 
2 1 2 
10 14 7 20 6 15 2 23 19 11 10 
2 8 16 
4 22 18 24 4 
2 2 4 
5 9 5 26 13 17 
1 8 
7 21 2 26 28 4 16 25 
4 20 12 4 23 
1 11 
2 14 8 
4 13 4 2 15 
2 4 14 
2 5 10 
4 29 22 8 25 
2 2 6 
1 4 
4 11 27 30 4 
1 10 
3 6 2 17 
3 24 11 4 
2 23 6 
2 17 10 
3 2 10 8 
1 20 
1 10 
1 17 
1 20 

2 3 12 
0 
10 19 5 27 4 1 9 22 21 10 6 
6 28 30 3 9 5 15 
8 11 6 7 8 23 18 3 4 
3 3 5 8 
3 23 11 5 
9 28 19 13 5 6 20 16 29 12 
3 3 4 15 
2 3 17 
3 7 5 12 
7 1 25 26 11 13 8 30 
4 14 12 8 16 
3 13 25 21 
3 9 4 24 
5 29 20 8 17 13 
2 16 10 
2 27 5 
2 3 8 
2 8 16 
2 3 14 
2 3 24 
2 5 7 
2 22 15 
2 14 12 
1 12 
2 3 18 
2 8 4 
2 8 16 
2 4 12 

0 
7 4 5 17 16 7 3 19 
9 15 25 11 5 2 19 6 28 4 
11 3 8 10 9 2 22 30 18 23 21 15 
7 14 20 2 7 9 3 6 
2 5 3 
7 5 28 2 25 13 30 8 
5 7 4 10 11 24 
2 4 5 
7 12 8 18 4 21 27 16 
6 8 26 14 20 3 17 
3 29 13 10 
2 7 12 
2 11 5 
2 4 3 
3 2 22 10 
2 11 2 
2 4 10 
3 2 24 3 
2 11 5 
2 10 4 
3 16 23 4 
2 22 4 
2 19 8 
4 3 26 27 7 
3 11 29 25 
2 25 10 
2 3 7 
2 26 12 
2 7 4 

10 12 19 6 23 16 4 27 18 3 21 
7 3 25 28 20 13 11 5 
11 13 12 6 15 30 2 1 5 4 29 9 
5 11 3 18 1 8 
6 20 2 23 7 10 3 
6 7 9 3 15 1 17 
5 8 5 16 6 24 
3 4 7 10 
5 24 19 6 14 3 
3 8 5 14 
2 2 4 
3 3 1 17 
2 2 3 
4 10 22 9 26 
3 3 25 6 
4 1 21 7 28 
2 6 12 
4 1 26 22 4 
2 9 1 
4 30 27 2 5 
2 16 1 
2 14 18 
2 5 1 
2 9 7 
2 15 2 
3 14 18 29 
2 1 20 
2 2 16 
2 26 3 
2 3 20 

5 23 28 15 3 11 
11 19 24 5 4 3 10 17 13 8 22 25 
9 18 9 15 28 4 2 6 1 11 
7 26 5 9 3 21 6 2 
6 7 20 10 4 29 2 
7 3 22 8 7 16 4 12 
4 27 6 14 5 
4 2 21 6 16 
3 12 4 3 
3 2 5 18 
7 3 29 1 23 19 13 14 
2 6 9 
3 11 2 25 
2 11 7 
3 3 17 1 
2 8 6 
4 15 30 2 26 
4 27 10 3 20 
2 2 11 
2 18 5 
2 8 4 
3 6 24 2 
2 1 11 
2 22 2 
2 13 2 
2 4 17 
3 7 30 18 
2 3 1 
2 5 11 
2 27 17 

3 3 28 4 
2 3 4 
12 6 5 28 16 14 1 2 7 19 25 18 22 
16 12 1 23 21 10 19 20 9 16 6 13 11 5 8 2 7 
8 10 15 26 8 4 17 23 3 
5 4 12 3 21 9 
4 22 11 4 3 
3 4 27 5 
2 4 6 
3 5 4 30 
2 4 7 
6 24 25 13 6 14 4 
2 12 4 
4 3 20 15 12 
3 5 18 14 
3 17 3 4 
3 5 16 27 
4 15 24 3 29 
2 4 3 
2 4 14 
2 6 4 
2 3 7 
2 5 4 
2 18 12 
3 3 26 12 
3 25 5 29 
2 17 8 
2 1 3 
2 18 26 
1 10 

5 3 10 8 4 12 
5 22 25 27 3 6 
18 13 18 14 26 1 5 4 15 21 11 28 16 22 29 17 2 6 19 
7 20 13 7 3 9 5 1 
5 8 3 12 7 4 
4 3 2 9 10 
2 4 5 
3 5 1 17 
4 25 6 11 4 
4 30 6 20 1 
4 23 9 3 15 
2 5 1 
4 14 4 3 19 
3 13 16 3 
3 11 3 24 
2 3 14 
5 18 26 21 8 3 
3 3 29 17 
2 3 13 
4 4 30 23 10 
2 17 3 
2 3 2 
4 11 28 20 24 
2 15 23 
3 9 2 27 
2 17 3 
2 2 25 
2 23 3 
3 30 3 18 
3 29 20 10 

5 12 28 3 10 5 
3 3 4 6 
14 15 1 19 9 16 2 7 6 5 14 8 29 12 4 
4 7 3 2 14 
4 3 1 20 11 
13 18 9 23 2 17 22 8 3 19 11 16 10 13 
3 3 4 21 
2 6 3 
5 13 6 26 3 27 
7 26 1 6 25 28 23 24 
3 5 6 20 
3 1 3 15 
2 9 6 
5 30 3 24 18 4 
4 21 12 17 3 
3 6 3 22 
2 6 15 
2 14 6 
2 3 6 
3 5 25 11 
2 7 15 
2 6 16 
2 10 6 
2 10 14 
3 10 20 27 
3 9 29 10 
2 9 25 
2 1 10 
2 3 26 
1 14 

9 7 6 18 9 22 5 11 25 3 
7 3 4 13 17 27 10 25 
16 22 6 26 11 9 10 1 4 20 14 27 2 29 7 12 5 
3 26 2 3 
3 8 1 3 
6 29 19 3 8 1 14 
2 1 3 
3 16 5 6 
5 3 24 1 21 19 
4 3 2 12 15 
2 3 1 
10 28 30 21 13 3 10 15 18 16 20 
3 2 23 12 
2 6 3 
4 10 17 12 30 
2 12 8 
2 2 15 
2 1 12 
2 9 6 
2 12 3 
2 12 9 
4 23 24 3 1 
3 28 13 22 
2 22 9 
2 1 2 
2 4 3 
2 3 2 
3 23 12 30 
2 6 3 
3 12 28 15 

10 4 9 14 7 17 16 25 5 3 29 
4 3 6 4 13 
8 9 15 11 2 7 27 1 6 
6 24 12 5 2 8 1 
3 1 25 4 
5 8 2 28 3 10 
9 19 16 1 3 12 21 22 10 13 
4 6 27 4 11 
5 1 28 3 23 15 
3 6 17 7 
3 8 26 3 
5 19 7 14 20 4 
4 30 7 26 2 
5 12 22 20 18 1 
2 9 3 
2 1 7 
3 10 1 18 
3 17 14 23 
3 7 29 12 
3 12 21 14 
4 7 30 24 20 
2 7 14 
2 18 9 
2 21 4 
2 5 1 
2 13 11 
2 3 8 
2 9 6 
2 1 19 
2 21 13 

6 12 3 4 6 19 8 
4 8 3 17 24 
13 5 2 14 26 15 10 11 4 1 13 7 28 9 
9 1 25 5 3 9 7 11 12 10 
4 4 6 27 3 
2 1 5 
5 28 4 3 16 13 
2 2 1 
3 24 3 4 
2 3 4 
5 23 15 19 4 3 
3 14 1 4 
2 3 7 
2 12 3 
6 11 3 20 30 18 16 
7 21 30 17 15 26 7 29 
4 2 22 18 16 
7 21 23 15 22 17 29 20 
2 11 1 
2 18 15 
3 18 16 25 
2 18 17 
2 11 18 
2 2 9 
2 21 4 
2 16 3 
1 5 
2 7 3 
2 18 16 
2 15 16 

1 3 
10 30 19 6 8 3 5 9 17 4 15 
7 1 2 4 5 6 11 7 
4 2 3 25 7 
5 2 8 3 18 12 
10 10 17 14 9 2 3 22 13 16 23 
4 4 15 22 3 
7 20 11 5 12 2 10 21 
4 2 28 13 6 
2 8 6 
4 25 26 3 8 
5 26 5 14 21 8 
2 9 6 
4 12 6 20 16 
5 30 29 18 2 7 
3 14 28 6 
2 2 6 
3 15 5 19 
3 27 2 18 
4 24 14 23 8 
2 8 12 
3 24 6 7 
2 6 20 
2 20 22 
3 27 4 11 
2 11 12 
2 19 25 
2 16 9 
1 15 
2 15 2 

14 28 23 24 7 10 4 3 26 5 6 13 12 18 8 
1 3 
18 12 6 1 11 27 5 2 7 25 16 19 13 21 17 14 30 4 23 
5 16 1 21 14 3 
2 1 3 
10 27 1 8 15 20 22 3 9 25 10 
3 1 17 3 
5 1 6 11 9 19 
2 8 6 
2 6 1 
4 30 8 3 18 
2 3 1 
3 20 3 1 
4 4 3 29 15 
2 6 14 
3 3 22 4 
4 24 26 3 7 
3 29 11 1 
2 3 8 
3 28 6 13 
2 4 3 
2 16 6 
3 27 3 1 
2 1 17 
2 6 3 
2 17 1 
4 23 3 29 6 
2 1 20 
3 18 14 27 
2 11 3 

10 14 3 17 15 7 6 4 26 5 21 
1 3 
13 29 18 4 2 22 28 6 19 5 1 17 12 10 
5 1 3 16 8 23 
3 3 11 1 
11 30 13 27 10 28 3 11 9 1 8 7 
3 6 1 15 
3 9 4 6 
2 8 6 
2 6 3 
10 12 21 6 13 18 19 14 29 16 5 
3 24 11 3 
2 6 11 
4 11 22 23 1 
2 1 7 
3 11 20 4 
3 3 27 1 
2 3 11 
3 11 3 20 
3 24 16 19 
2 11 1 
2 3 14 
2 14 4 
2 20 12 
0 
1 1 
2 17 6 
2 3 6 
2 3 11 
1 6 

8 8 24 28 13 9 10 3 4 
13 5 3 4 12 16 9 18 7 19 17 14 15 22 
4 5 1 2 29 
6 22 16 2 8 6 1 
9 6 3 10 13 7 2 19 27 30 
4 23 5 4 14 
5 15 2 11 29 5 
3 4 1 20 
4 28 1 12 2 
7 20 17 11 1 24 5 18 
2 7 10 
2 9 2 
3 5 25 1 
3 21 6 2 
4 26 21 7 2 
2 4 2 
2 2 10 
2 2 10 
3 2 23 5 
2 8 10 
3 15 14 25 
2 4 2 
2 6 19 
4 10 25 26 1 
3 21 13 24 
3 30 15 24 
1 5 
2 1 9 
2 7 3 
2 5 26 

12 30 24 6 3 18 7 13 4 12 9 27 5 
6 19 20 3 28 4 11 
3 1 6 2 
8 1 5 26 13 9 11 15 2 
6 10 21 29 1 8 4 
11 12 17 30 14 19 18 16 1 7 3 8 
6 29 6 15 10 1 22 
4 23 6 5 25 
3 16 4 1 
4 27 5 14 7 
2 4 2 
2 1 6 
4 21 4 22 1 
4 17 10 6 23 
2 7 4 
3 9 28 6 
3 20 6 14 
2 1 6 
2 6 2 
4 27 17 26 2 
2 5 13 
2 13 7 
2 14 8 
2 25 1 
2 24 8 
2 20 4 
3 20 10 1 
2 2 16 
3 7 5 30 
3 6 29 1 

3 5 3 4 
4 3 27 10 14 
14 6 10 25 27 7 15 24 2 4 16 13 1 29 9 
6 23 5 3 1 28 7 
9 21 12 20 4 1 15 6 28 11 
4 5 8 3 20 
7 3 16 9 26 4 8 19 
6 12 17 6 11 18 7 
6 21 7 22 3 14 13 
2 3 2 
4 30 8 5 22 
2 8 5 
2 9 3 
2 9 2 
4 23 5 26 3 
6 7 18 19 17 3 29 
2 16 8 
2 16 8 
2 7 16 
2 5 6 
3 9 5 26 
2 11 9 
4 25 15 24 4 
2 23 3 
2 3 23 
3 7 21 15 
2 2 3 
2 5 4 
2 3 16 
1 11 

4 3 22 4 10 
14 5 12 17 6 7 23 15 13 21 3 16 27 20 11 
9 8 24 1 18 29 30 19 4 2 
6 29 5 12 3 1 18 
7 6 13 27 4 19 2 20 
5 9 8 5 2 7 
4 9 10 2 6 
5 6 26 15 11 3 
4 6 26 7 30 
2 7 1 
4 8 14 16 2 
3 4 2 23 
5 14 17 22 2 5 
4 21 11 24 13 
3 28 2 8 
2 2 11 
2 13 2 
3 30 3 4 
2 5 3 
2 5 2 
3 14 2 24 
2 13 1 
2 2 12 
4 25 14 3 21 
1 24 
2 8 9 
2 5 2 
1 15 
2 3 4 
3 9 3 18 

11 21 22 3 19 4 25 8 24 17 6 5 
2 3 13 
13 19 1 7 14 6 2 5 12 28 8 29 9 4 
4 18 9 3 1 
2 1 3 
8 27 12 15 3 1 7 16 11 
7 15 6 26 3 29 23 30 
4 10 21 1 3 
7 20 16 10 4 3 13 24 
3 8 9 11 
3 18 10 6 
4 3 17 6 14 
2 9 2 
5 20 22 12 27 3 
3 7 25 6 
2 6 9 
2 12 1 
3 11 25 4 
2 3 1 
3 9 25 14 
2 8 1 
2 1 14 
1 7 
2 9 1 
5 18 20 1 15 28 
1 7 
2 6 14 
2 25 3 
2 3 7 
1 7 

5 4 6 8 3 27 
3 3 14 22 
12 25 30 2 15 7 1 5 4 14 8 9 11 
10 15 6 5 24 1 17 18 3 9 16 
8 13 3 7 12 22 19 4 10 
3 13 1 4 
5 23 5 3 25 29 
5 11 3 10 12 1 
2 3 4 
5 30 20 5 16 8 
2 8 3 
2 5 8 
3 5 23 6 
2 2 3 
2 3 4 
4 4 10 30 23 
1 4 
1 4 
1 5 
1 10 
0 
2 2 5 
4 16 7 13 26 
2 28 4 
2 7 3 
1 23 
1 1 
1 24 
1 7 
3 10 16 3 

2 13 3 
7 19 9 12 4 15 5 3 
14 18 2 1 14 20 21 6 28 22 13 4 10 16 15 
8 2 11 6 5 25 8 7 3 
4 2 27 4 23 
9 4 27 7 24 8 18 3 20 11 
2 6 4 
9 23 10 6 4 17 9 26 22 12 
3 8 29 2 
5 29 3 8 16 24 
3 6 14 4 
3 8 2 30 
3 1 3 30 
2 3 11 
5 3 17 19 18 2 
5 29 21 3 10 24 
2 8 15 
5 3 6 21 15 28 
3 15 20 2 
4 3 19 26 6 
3 3 18 16 
2 3 8 
2 5 8 
4 6 26 10 16 
3 27 4 28 
3 8 24 20 
3 6 5 25 
3 18 25 3 
3 10 16 9 
2 12 13 

5 4 6 7 26 3 
11 29 7 8 11 3 4 10 9 27 22 13 
7 6 22 20 5 2 1 26 
5 25 24 2 5 1 
11 11 17 21 9 27 14 3 12 4 19 16 
5 10 1 12 3 8 
4 20 2 13 1 
3 6 16 2 
4 17 2 5 15 
3 23 2 6 
2 5 2 
3 24 5 6 
2 2 7 
2 5 19 
2 9 17 
2 8 5 
4 5 9 25 15 
1 26 
3 14 5 21 
2 3 7 
2 19 5 
2 3 2 
2 10 28 
2 12 4 
2 4 17 
3 18 1 3 
2 5 2 
1 23 
1 2 
0 

2 17 3 
9 5 6 26 4 11 15 3 12 21 
15 5 2 20 27 13 17 4 11 29 1 7 22 16 10 8 
10 8 2 20 14 6 10 18 23 3 7 
7 24 21 2 30 28 19 3 
3 4 9 2 
5 25 3 14 4 13 
8 18 15 12 25 16 9 4 3 
4 22 8 6 28 
3 19 4 3 
3 3 2 29 
2 8 2 
5 18 7 14 19 3 
6 4 23 13 15 29 7 
5 25 14 2 8 18 
3 21 3 8 
3 1 28 3 
4 13 4 15 8 
4 5 28 10 13 
2 4 3 
3 5 16 2 
2 9 3 
2 4 14 
1 5 
4 7 30 8 15 
1 2 
1 3 
4 19 17 9 5 
4 14 3 11 30 
3 29 5 25 

6 4 5 8 3 17 12 
7 8 29 3 24 23 10 22 
10 28 4 6 1 17 10 19 20 13 2 
11 5 6 21 7 18 19 11 1 9 3 25 
4 26 1 4 29 
4 27 3 7 4 
5 11 27 4 6 9 
3 1 2 14 
5 12 7 25 4 21 
3 3 14 2 
2 7 4 
2 9 1 
1 3 
4 23 10 8 26 
0 
0 
3 1 24 3 
2 4 30 
2 3 4 
1 3 
2 9 4 
1 2 
2 2 14 
2 2 17 
3 9 4 27 
2 14 5 
3 25 6 7 
1 3 
2 5 2 
1 18 

5 20 3 4 18 12 
11 25 28 27 22 15 3 11 10 7 5 6 
7 2 16 8 4 1 25 14 
11 9 6 1 13 19 3 16 5 10 24 7 
5 4 17 2 11 21 
7 30 13 8 15 2 24 4 
4 2 4 23 9 
5 6 3 21 20 23 
5 12 14 4 26 7 
2 2 4 
6 5 26 13 2 23 15 
4 1 20 18 9 
5 15 4 11 6 16 
5 24 16 9 28 3 
5 6 22 11 13 2 
4 14 4 13 3 
1 5 
3 30 12 1 
1 4 
3 1 8 12 
2 5 8 
2 15 2 
3 7 8 11 
3 6 14 4 
2 2 3 
2 11 9 
1 2 
3 2 30 14 
0 
3 18 28 6 

8 13 26 24 12 8 3 4 15 
5 4 3 14 28 6 
10 2 5 1 10 16 8 6 13 27 20 
3 5 2 1 
8 11 29 7 4 28 9 16 3 
6 7 17 11 3 10 2 
5 30 23 6 5 21 
3 3 9 1 
2 8 5 
4 29 6 3 22 
3 5 26 6 
2 1 29 
4 18 3 1 30 
1 2 
2 27 1 
4 5 19 17 3 
2 6 16 
1 13 
1 16 
2 3 28 
1 7 
1 10 
1 7 
1 1 
0 
2 1 11 
2 3 15 
3 20 5 2 
3 10 12 5 
2 13 7 

12 3 25 8 6 12 18 11 7 23 4 5 13 
3 7 15 3 
6 2 27 19 1 4 9 
11 5 25 16 17 14 12 3 24 9 1 6 
5 10 4 18 30 1 
4 4 10 13 1 
9 28 14 11 8 20 2 1 23 16 
2 1 7 
2 4 3 
10 19 15 18 22 6 5 12 14 27 25 
5 19 17 1 29 7 
3 10 1 4 
2 6 1 
7 24 4 21 18 7 10 25 
2 10 2 
5 7 4 20 23 22 
2 11 4 
4 5 14 1 10 
4 3 10 11 30 
2 7 16 
2 14 26 
2 10 16 
3 1 16 7 
2 14 4 
4 14 4 10 1 
1 21 
2 10 3 
1 7 
1 11 
2 5 19 

11 18 12 16 24 28 29 21 14 4 5 3 
2 3 19 
19 25 17 6 22 14 4 29 11 26 2 20 10 7 5 28 21 1 9 15 
6 19 13 1 3 11 7 
4 6 3 8 1 
3 3 27 5 
2 4 3 
2 5 21 
2 3 20 
4 26 3 27 21 
3 4 3 24 
2 15 1 
1 4 
2 1 3 
3 12 22 3 
2 1 17 
3 16 3 30 
4 19 22 26 1 
3 4 2 18 
2 3 9 
5 8 1 29 10 3 
4 28 3 15 18 
0 
3 11 1 29 
1 3 
3 3 10 18 
2 10 6 
3 22 1 3 
4 3 21 24 1 
1 17 

5 10 9 7 4 3 
12 14 25 28 8 12 27 4 3 13 5 15 17 
6 11 1 2 5 29 6 
6 30 18 2 6 1 22 
3 2 7 3 
2 3 4 
7 5 1 8 16 9 25 20 
4 2 12 7 10 
2 7 1 
2 1 8 
2 13 3 
3 2 8 17 
2 11 2 
3 2 15 22 
4 14 18 2 23 
2 30 7 
3 2 24 12 
2 4 15 
0 
1 7 
1 27 
3 23 14 4 
2 15 22 
1 17 
4 30 26 2 7 
1 25 
2 2 21 
1 2 
1 3 
3 4 25 16 

7 14 15 3 16 8 12 10 
3 20 3 4 
6 4 30 1 5 10 2 
10 5 13 11 28 6 7 3 2 26 18 
2 3 4 
3 20 27 4 
12 23 4 13 10 19 9 12 11 8 16 21 14 
3 19 1 7 
3 7 20 15 
4 1 3 24 7 
2 4 7 
6 16 26 7 21 1 23 
2 7 4 
6 18 26 1 17 7 29 
2 9 1 
3 1 12 7 
3 25 14 24 
2 4 14 
3 8 22 7 
3 9 6 2 
2 12 7 
1 19 
2 12 7 
2 10 17 
2 17 30 
4 28 4 14 12 
1 6 
2 4 26 
1 14 
2 3 25 

3 3 8 22 
8 8 18 4 30 10 3 15 16 
11 2 1 24 6 5 22 14 7 26 4 17 
2 3 2 
10 24 3 25 9 8 27 7 29 30 6 
6 20 9 21 3 5 22 
4 3 15 5 17 
5 17 16 5 1 2 
2 5 6 
3 2 27 11 
8 25 14 24 12 10 21 19 26 
2 11 13 
1 12 
3 11 3 28 
3 7 2 22 
3 18 2 8 
5 7 23 3 8 19 
2 16 2 
3 17 11 23 
1 6 
2 6 11 
4 6 3 15 1 
3 19 17 29 
3 11 3 5 
2 5 11 
2 11 3 
2 10 5 
1 14 
2 5 23 
2 5 2 

6 5 3 21 12 26 11 
8 9 7 3 4 14 13 28 22 
2 1 2 
9 9 5 2 12 25 6 24 7 10 
6 4 9 1 17 11 27 
1 4 
3 2 19 4 
3 15 29 14 
3 2 5 4 
8 4 13 11 20 30 19 16 21 
8 1 5 13 12 28 21 18 10 
3 4 1 11 
3 2 10 11 
4 8 23 26 2 
3 25 23 8 
1 10 
1 5 
2 11 27 
3 10 20 7 
2 19 10 
4 29 1 11 10 
1 2 
2 14 15 
2 28 4 
2 4 15 
2 14 1 
2 5 18 
3 24 11 2 
2 8 21 
1 10 

9 24 18 3 4 21 7 9 6 20 
0 
10 23 6 1 29 7 9 17 15 30 4 
5 1 18 8 3 5 
4 28 4 6 11 
4 15 1 5 3 
6 1 3 13 18 10 8 
8 4 16 24 29 7 10 12 14 
4 1 16 3 19 
5 7 8 24 25 17 
3 23 26 5 
3 19 8 20 
2 7 25 
3 21 20 8 
2 6 3 
2 8 9 
3 3 22 10 
3 7 4 1 
3 9 12 27 
4 12 1 14 27 
2 1 14 
1 17 
2 11 3 
3 10 8 1 
2 10 13 
1 11 
2 20 19 
1 5 
3 30 3 8 
2 29 3 

0 
1 3 
8 15 7 19 4 9 8 2 5 
11 16 21 5 10 6 30 8 3 18 29 19 
7 20 4 11 3 26 12 10 
1 4 
1 3 
4 4 22 3 28 
3 11 16 3 
10 14 13 30 17 22 5 4 25 12 24 
4 13 5 9 23 
3 10 14 5 
3 10 11 15 
4 23 12 10 17 
2 13 3 
4 26 9 27 4 
2 10 14 
1 4 
2 4 3 
1 5 
2 4 25 
2 8 10 
4 27 11 14 28 
1 10 
3 10 21 29 
2 16 5 
2 23 16 
2 23 8 
2 4 25 
2 10 4 

5 13 20 10 3 14 
6 9 8 3 17 5 4 
10 19 12 8 25 4 2 20 1 16 7 
15 2 7 11 15 27 9 26 29 3 6 30 25 10 24 5 
7 11 6 4 22 12 2 13 
2 4 5 
6 21 19 3 18 4 23 
4 2 3 15 23 
4 4 2 14 28 
2 1 4 
3 24 4 5 
2 3 5 
4 1 16 18 5 
4 27 30 1 9 
3 4 8 26 
3 13 3 17 
3 21 2 16 
2 7 13 
2 7 3 
3 3 22 1 
2 7 17 
3 29 20 5 
3 28 8 7 
2 11 4 
2 3 4 
2 4 15 
2 4 14 
2 23 9 
2 22 4 
2 4 14 

8 3 21 29 10 14 5 4 6 
1 3 
18 2 28 7 15 23 8 12 4 11 9 19 27 5 26 6 20 16 1 
7 7 18 9 3 1 20 27 
2 1 3 
7 8 29 1 13 19 3 10 
2 3 4 
4 3 22 6 14 
6 17 11 26 4 3 22 
6 17 6 18 12 1 23 
3 9 3 13 
4 3 16 21 10 
2 11 6 
4 1 30 8 15 
2 14 3 
2 12 3 
2 10 9 
2 4 10 
2 6 3 
2 4 3 
5 25 30 1 24 12 
5 24 25 9 8 28 
2 10 3 
2 22 21 
2 21 22 
2 9 3 
2 3 4 
2 3 22 
2 1 6 
2 21 14 

12 19 20 4 5 13 3 11 18 8 14 7 9 
5 3 4 29 26 14 
5 8 1 6 5 2 
6 11 10 16 1 6 2 
4 22 1 29 3 
7 3 17 7 4 13 15 27 
2 1 6 
5 12 1 18 3 9 
4 10 8 22 1 
4 9 12 26 4 
3 25 1 4 
3 8 23 10 
6 6 21 24 16 1 15 
2 1 2 
4 19 27 6 13 
5 13 4 17 25 20 
3 16 21 6 
4 24 28 1 8 
2 15 1 
3 30 16 1 
3 30 13 17 
4 23 28 9 5 
2 12 22 
2 18 13 
2 11 16 
2 10 2 
2 6 15 
2 18 22 
2 5 2 
2 21 20 

7 8 3 9 21 24 12 23 
2 4 3 
13 7 20 17 10 14 6 5 27 18 1 2 21 4 
15 3 13 16 30 29 8 11 2 6 23 5 12 10 18 25 
3 3 9 4 
5 3 7 4 14 20 
4 3 25 6 13 
3 1 27 4 
4 17 5 1 15 
5 11 19 4 15 3 
5 26 16 10 28 4 
2 4 1 
3 4 22 7 
3 6 28 3 
4 19 26 10 9 
3 4 11 22 
2 3 9 
2 4 3 
2 15 10 
2 6 3 
3 29 3 1 
2 16 13 
3 1 4 24 
3 23 1 30 
2 7 4 
2 11 15 
2 8 3 
2 11 14 
2 4 21 
2 24 4 

1 3 
2 3 4 
13 14 2 4 10 1 15 24 8 9 22 19 5 13 
8 19 6 5 24 3 15 2 7 
7 3 16 4 8 25 12 6 
8 12 11 28 10 7 17 4 5 
4 30 6 4 11 
3 5 3 9 
6 27 3 18 13 23 8 
3 6 3 20 
8 14 25 6 26 22 7 18 23 
3 16 6 5 
2 3 9 
2 3 11 
3 27 4 3 
4 5 17 21 12 
3 26 6 16 
3 9 11 20 
5 4 21 29 3 30 
2 10 18 
3 19 29 16 
2 11 3 
2 9 11 
3 4 3 28 
2 5 11 
2 11 17 
2 9 15 
2 24 6 
2 21 19 
2 19 7 

8 5 7 25 19 28 10 4 3 
1 3 
17 8 19 14 1 27 16 24 17 7 12 6 10 2 15 4 9 5 
9 29 18 13 1 30 8 3 11 12 
6 22 16 6 1 3 27 
11 9 21 24 13 3 14 11 18 29 20 5 
3 3 17 1 
2 4 3 
3 3 30 6 
2 1 3 
3 4 6 20 
5 23 26 3 4 25 
4 6 4 21 15 
2 6 3 
2 3 13 
3 5 3 23 
2 7 3 
4 26 4 6 22 
2 3 1 
2 11 6 
3 6 28 13 
2 5 18 
2 16 12 
2 6 3 
2 1 12 
2 18 12 
2 3 5 
2 1 21 
2 6 4 
2 9 4 

7 25 21 7 8 20 3 18 
4 4 3 21 22 
12 15 11 2 5 6 14 13 29 8 1 28 4 
14 30 2 10 20 9 17 26 6 7 5 27 12 3 19 
3 4 30 3 
2 3 4 
2 4 1 
12 14 9 18 27 15 1 10 12 23 11 3 19 
2 4 8 
3 8 4 16 
3 8 16 3 
6 8 28 29 4 24 13 
3 3 12 22 
5 23 17 25 3 8 
2 8 3 
2 10 11 
2 14 4 
2 8 1 
2 4 8 
3 24 4 1 
3 1 26 2 
2 13 2 
2 8 14 
2 12 20 
2 14 1 
2 21 4 
2 4 8 
2 12 3 
2 12 3 
2 5 4 

7 16 9 25 12 3 13 6 
4 10 3 5 4 
14 18 17 2 1 11 15 24 5 26 4 16 9 6 7 
2 2 3 
4 3 29 14 2 
9 3 15 1 11 20 8 25 7 29 
8 18 17 8 3 21 24 22 6 
7 20 13 30 7 23 6 14 
5 10 12 3 28 1 
3 27 2 9 
2 3 6 
2 9 1 
2 1 8 
6 30 27 19 23 5 8 
2 6 3 
3 3 1 22 
4 7 19 3 26 
3 3 7 21 
2 17 14 
2 8 6 
2 7 18 
2 16 7 
2 14 8 
2 3 7 
2 6 1 
2 17 3 
2 10 14 
1 9 
2 6 5 
2 8 14 

8 19 10 3 16 6 29 9 23 
9 19 8 21 11 3 10 12 4 5 
9 24 2 28 30 4 1 8 12 27 
8 2 15 26 17 5 24 7 3 
8 11 17 9 30 6 2 13 4 
5 7 5 23 1 15 
2 6 4 
5 29 14 3 2 22 
3 5 1 28 
5 1 18 2 20 13 
4 18 2 14 5 
2 2 3 
3 5 26 10 
3 25 8 11 
6 6 22 27 4 21 16 
4 1 20 15 25 
2 4 5 
2 11 10 
2 1 2 
2 10 16 
2 15 2 
2 8 15 
2 1 6 
2 4 3 
2 16 14 
2 4 13 
3 15 3 28 
3 9 27 3 
2 8 1 
2 5 3 

1 3 
5 27 4 22 3 12 
16 1 18 24 29 13 6 2 8 7 25 11 14 9 5 15 4 
10 2 7 3 23 6 29 5 13 8 10 
3 9 4 3 
10 11 22 4 3 17 16 27 19 10 14 
6 3 4 26 21 20 28 
4 30 4 18 3 
2 5 3 
2 4 6 
5 24 3 19 12 6 
2 11 2 
5 3 17 21 20 4 
4 15 6 3 26 
3 14 3 16 
2 15 6 
2 6 13 
2 8 3 
2 11 6 
4 7 13 25 30 
3 13 23 7 
2 2 6 
2 21 4 
2 3 11 
2 20 3 
2 14 7 
2 2 6 
1 7 
2 4 3 
2 8 20 

3 8 15 3 
7 7 4 13 5 16 3 23 
9 1 10 4 9 5 13 6 8 2 
11 2 11 7 10 15 3 14 6 9 12 19 
4 17 2 3 18 
2 4 3 
3 11 2 4 
6 20 17 29 1 3 26 
3 4 14 3 
4 3 12 4 20 
3 27 4 7 
3 4 10 24 
3 2 16 3 
4 25 4 28 9 
2 1 4 
5 18 13 26 21 2 
3 8 5 23 
5 22 19 16 24 5 
6 28 4 18 21 22 29 
4 27 8 25 10 
2 16 19 
2 19 18 
2 2 17 
2 18 12 
2 14 20 
3 8 16 28 
2 11 20 
3 26 19 14 
2 19 8 
0 

1 3 
7 15 3 4 5 17 11 7 
9 8 6 1 7 5 18 2 4 9 
5 6 8 30 3 2 
4 3 2 17 13 
10 12 11 15 13 3 22 10 16 28 4 
6 2 10 3 12 24 29 
5 9 14 23 3 4 
2 8 3 
6 21 7 20 6 16 26 
3 6 2 14 
9 7 29 26 27 6 18 20 19 25 
3 6 24 5 
3 22 11 8 
2 6 2 
5 23 19 21 6 10 
3 25 5 2 
2 3 12 
2 16 12 
2 12 10 
2 16 10 
2 14 6 
2 16 8 
2 13 7 
2 12 17 
2 12 10 
2 30 12 
1 6 
3 7 12 30 
3 4 27 29 

2 3 13 
6 14 3 9 7 12 4 
16 5 8 2 10 1 4 6 21 16 23 30 22 17 7 19 26 
9 2 8 5 3 29 6 28 9 12 
2 4 3 
5 4 22 15 3 16 
4 2 11 18 3 
3 4 11 3 
3 10 2 4 
3 15 3 9 
5 20 8 13 14 7 
3 25 4 2 
3 26 1 11 
2 2 11 
8 30 10 17 6 25 18 23 19 
5 28 29 20 6 3 
2 3 15 
3 7 24 15 
2 3 15 
2 11 16 
1 3 
2 3 6 
2 3 15 
3 27 18 28 
2 12 15 
2 3 13 
1 24 
3 16 24 4 
3 4 30 16 
3 29 15 3 

8 17 4 3 16 9 23 12 6 
9 4 5 3 13 23 8 28 7 6 
12 7 8 5 18 13 22 15 1 2 11 16 14 
3 21 1 2 
8 17 10 21 3 25 2 18 9 
3 1 2 27 
3 2 3 29 
8 19 12 15 3 11 2 25 20 
3 1 5 10 
3 9 19 5 
4 26 14 3 8 
2 1 8 
3 2 30 3 
3 11 20 3 
2 8 3 
2 3 1 
3 1 22 5 
2 5 3 
3 27 8 10 
3 8 14 21 
5 4 5 24 20 27 
2 3 17 
2 1 2 
1 21 
2 8 5 
1 11 
3 6 21 19 
1 2 
1 7 
1 13 

13 11 16 30 13 23 27 24 4 7 15 6 3 29 
8 10 26 7 6 9 13 4 3 
3 2 5 1 
5 1 2 14 5 18 
9 26 22 4 25 3 28 12 20 8 
3 2 1 9 
10 17 2 8 15 1 19 29 18 20 10 
4 14 22 5 7 
3 6 23 2 
7 2 7 28 11 19 21 12 
3 30 1 10 
2 5 10 
3 21 2 1 
3 8 4 16 
3 1 7 17 
3 1 27 14 
2 7 15 
3 4 7 29 
2 10 7 
2 7 5 
4 30 13 24 10 
5 24 28 5 26 8 
2 9 1 
3 22 1 21 
1 5 
4 22 2 5 27 
3 1 26 16 
3 5 10 22 
3 1 18 7 
3 11 1 21 

7 6 7 12 24 22 23 3 
4 6 3 10 4 
9 1 4 14 2 5 30 11 13 7 
10 8 19 16 13 2 3 14 15 5 9 
4 3 22 18 4 
2 1 2 
5 10 1 9 8 3 
4 24 7 4 11 
4 29 27 7 4 
2 7 2 
9 26 28 12 3 8 17 15 23 21 
2 1 11 
4 25 20 4 3 
7 4 19 21 3 29 16 17 
3 11 4 18 
2 14 4 
2 11 14 
3 24 5 15 
3 14 25 4 
1 13 
2 14 11 
2 5 1 
2 11 1 
3 8 18 1 
2 13 19 
1 11 
1 9 
1 11 
2 14 9 
1 3 

1 3 
15 8 13 5 9 24 4 22 19 30 18 3 15 28 6 27 
13 2 5 8 11 1 18 26 4 10 21 7 6 20 
4 25 2 3 7 
4 3 12 2 28 
9 13 3 10 2 11 9 19 16 25 
2 4 3 
5 2 12 15 14 3 
3 2 6 26 
4 3 6 29 23 
5 3 6 21 29 17 
5 23 5 20 16 8 
4 14 6 2 17 
2 13 8 
2 8 2 
2 12 6 
3 11 13 27 
3 3 26 2 
3 2 20 6 
3 19 3 12 
3 3 11 25 
1 2 
2 10 12 
2 28 2 
4 4 21 30 6 
3 9 18 3 
2 17 2 
3 5 2 24 
2 11 10 
2 25 2 

2 3 19 
10 9 15 13 22 12 14 4 3 11 6 
9 2 4 13 1 10 8 5 6 7 
9 2 21 9 8 5 14 18 16 3 
10 10 3 11 7 15 23 18 19 16 4 
5 27 3 12 2 17 
2 3 5 
2 3 4 
2 4 2 
3 5 3 20 
3 5 2 25 
3 24 2 6 
4 17 30 3 2 
2 2 4 
2 2 5 
2 5 4 
2 13 6 
2 4 5 
3 24 1 5 
2 10 22 
1 4 
3 2 20 30 
1 5 
3 19 12 27 
1 11 
0 
2 24 6 
0 
0 
2 22 13 

10 3 6 29 9 25 4 28 13 14 24 
2 3 23 
13 11 17 20 26 6 2 12 15 4 5 1 7 30 
7 3 8 13 1 18 5 7 
2 3 4 
10 16 9 1 3 8 10 20 22 25 12 
5 11 30 3 10 4 
5 19 4 21 16 6 
3 6 1 15 
3 27 6 7 
2 7 3 
2 3 6 
2 1 4 
2 27 1 
4 25 22 3 9 
2 8 6 
3 3 29 28 
3 21 20 4 
2 26 8 
5 26 29 6 18 3 
5 28 24 23 18 8 
2 6 15 
2 21 2 
3 1 21 30 
3 6 1 15 
3 3 20 19 
2 14 10 
3 1 17 21 
3 1 20 17 
3 3 24 7 

4 6 8 19 3 
5 6 4 3 5 23 
6 27 7 5 1 4 2 
6 2 3 14 19 18 8 
12 21 16 10 25 3 7 15 17 20 18 9 2 
7 9 23 1 2 27 30 28 
4 5 3 11 21 
2 1 4 
7 5 13 10 26 11 12 6 
5 12 29 9 5 16 
4 15 7 9 17 
2 10 9 
5 21 9 17 14 28 
2 13 4 
7 11 19 26 5 24 22 18 
2 5 10 
3 13 5 11 
4 27 5 4 15 
3 1 4 15 
1 5 
3 5 13 7 
2 15 23 
3 2 6 22 
1 15 
1 5 
2 15 9 
4 18 6 3 29 
2 13 6 
2 10 27 
1 6 

3 21 7 3 
13 13 29 17 15 25 8 26 3 14 9 4 18 24 
12 4 23 24 1 7 2 9 20 5 6 8 11 
5 2 30 5 19 3 
7 6 3 12 4 16 10 21 
5 12 3 5 15 25 
5 22 1 3 20 27 
4 10 2 17 3 
3 3 11 2 
3 8 14 5 
2 3 9 
4 6 13 14 5 
2 12 2 
5 2 24 12 10 20 
4 22 6 30 2 
2 5 22 
3 8 2 29 
1 2 
1 4 
3 14 7 3 
3 1 5 24 
3 16 15 7 
3 3 25 26 
4 14 21 2 3 
4 28 23 6 2 
2 23 2 
1 7 
1 25 
2 17 2 
2 4 15 

8 27 9 4 7 6 5 17 3 
4 3 23 15 11 
8 9 15 22 16 4 7 2 1 
13 19 8 13 3 16 12 5 22 14 1 6 25 26 
5 10 21 4 1 18 
5 1 30 4 10 13 
4 8 18 1 3 
5 7 30 28 4 14 
2 3 1 
2 6 5 
2 13 2 
2 28 4 
6 6 4 26 22 30 11 
4 28 8 19 4 
6 18 2 3 23 16 27 
3 4 3 15 
1 1 
3 5 7 15 
2 14 4 
0 
2 5 29 
3 13 3 4 
2 15 2 
0 
1 4 
2 4 13 
2 15 1 
3 8 12 14 
1 21 
3 6 13 8 

1 3 
7 12 3 4 6 15 9 8 
20 9 1 8 6 7 10 21 13 12 2 4 11 17 20 18 15 16 30 5 19 
7 28 23 25 18 5 3 2 
8 21 10 19 22 3 11 26 4 
6 20 2 27 14 3 7 
2 6 3 
3 3 22 2 
2 2 3 
4 3 11 20 5 
4 3 5 12 10 
3 2 3 11 
2 17 3 
1 6 
7 21 23 2 28 3 25 19 
3 27 24 3 
2 3 13 
2 3 4 
4 15 20 5 3 
4 19 3 6 10 
3 15 3 5 
5 29 8 26 5 24 
2 4 15 
2 22 16 
2 4 15 
2 22 5 
2 16 6 
3 15 4 29 
2 22 28 
1 3 

8 6 9 21 3 20 10 26 7 
3 3 5 4 
13 15 17 1 8 5 19 28 4 12 18 11 6 2 
7 13 28 2 3 25 30 26 
6 3 21 16 2 8 7 
7 13 3 1 29 11 9 14 
3 1 27 5 
2 5 3 
3 29 6 1 
4 13 1 26 14 
3 6 3 24 
2 27 3 
6 25 10 16 4 28 6 
2 6 10 
2 17 3 
3 29 5 13 
3 24 15 3 
1 3 
2 3 23 
1 1 
2 1 5 
0 
1 19 
3 17 30 11 
2 4 13 
3 4 1 10 
2 7 12 
3 4 3 13 
3 6 9 16 
2 24 4 

7 14 16 5 8 3 6 21 
4 3 24 4 13 
7 1 9 20 4 2 10 6 
11 17 9 8 18 2 14 11 3 12 5 20 
6 16 27 1 15 7 4 
11 3 7 22 17 21 30 19 12 11 26 1 
2 5 6 
4 14 29 4 1 
5 10 3 4 18 15 
7 16 24 3 23 9 12 19 
2 4 6 
4 6 10 27 4 
3 22 20 2 
3 4 8 1 
3 17 5 9 
4 5 10 1 24 
4 6 25 15 4 
3 9 22 4 
2 6 10 
4 13 3 4 23 
2 1 6 
3 6 18 13 
2 10 20 
3 16 2 10 
1 17 
1 6 
2 5 12 
1 30 
1 8 
2 6 28 

4 16 4 3 14 
6 8 3 15 21 9 4 
8 1 2 19 7 6 27 12 5 
16 22 1 11 2 13 17 8 23 5 20 18 6 25 10 26 15 
3 12 3 4 
2 4 3 
2 3 26 
4 13 4 2 28 
3 2 22 10 
3 19 9 4 
1 4 
2 5 3 
4 23 18 8 4 
2 1 15 
5 25 29 4 2 14 
2 24 1 
1 4 
3 28 13 4 
3 29 10 3 
2 30 4 
3 2 27 23 
2 4 9 
3 4 21 13 
2 25 16 
3 15 4 24 
2 4 7 
2 21 3 
2 18 8 
2 15 19 
1 20 

8 3 7 11 5 10 14 4 6 
8 26 14 3 12 6 24 20 5 
10 4 1 8 2 10 7 9 18 17 26 
6 23 1 28 9 18 3 
2 1 2 
5 2 9 7 1 10 
6 23 1 13 18 3 6 
1 3 
8 11 3 25 16 27 4 21 6 
6 3 1 24 6 28 14 
2 9 1 
2 2 24 
3 20 7 29 
4 1 10 28 2 
2 30 17 
1 9 
2 15 3 
4 4 3 19 7 
2 30 18 
4 22 29 13 2 
1 9 
1 20 
2 4 7 
3 10 2 12 
2 26 9 
3 25 3 2 
1 9 
3 14 4 10 
2 20 13 
2 19 15 

1 3 
8 3 5 24 20 8 4 26 22 
9 15 5 6 1 9 19 4 2 7 
2 3 2 
5 2 19 12 20 3 
4 16 19 3 8 
5 13 30 3 15 21 
5 15 6 2 17 13 
1 3 
1 11 
2 29 10 
1 5 
3 8 16 7 
3 23 22 30 
6 21 25 27 8 7 3 
2 6 13 
3 24 27 8 
0 
3 5 6 3 
3 2 25 5 
4 22 15 7 29 
3 14 21 2 
1 14 
3 2 28 17 
2 20 15 
1 2 
2 17 15 
1 24 
2 21 11 
2 7 14 

11 7 9 3 26 8 4 18 23 16 28 5 
2 6 3 
2 1 2 
6 28 7 10 12 1 11 
7 6 13 21 22 17 15 1 
13 5 13 8 2 21 14 16 29 28 11 24 23 20 
4 25 4 1 19 
6 1 6 17 18 9 10 
3 18 8 1 
3 4 8 12 
2 6 4 
3 4 10 16 
3 5 14 6 
3 13 6 29 
1 5 
3 12 6 1 
2 5 8 
4 1 25 9 8 
3 27 7 23 
1 6 
3 26 5 6 
1 5 
3 1 19 6 
1 6 
2 18 7 
4 1 30 21 27 
2 19 26 
3 1 6 4 
3 14 30 6 
2 29 26 

10 7 18 4 16 9 25 12 14 3 10 
0 
7 27 13 10 29 1 4 22 
9 11 12 23 3 25 1 5 6 17 
3 4 27 10 
4 17 4 21 7 
6 1 8 6 9 16 15 
3 20 26 7 
3 14 1 7 
12 5 14 3 25 13 11 28 22 18 12 15 1 
3 4 10 24 
4 10 1 30 4 
3 19 10 3 
4 10 1 21 9 
3 20 7 10 
4 1 30 24 7 
2 6 4 
4 10 1 29 19 
2 18 13 
2 15 8 
2 6 14 
2 10 3 
1 4 
2 11 16 
3 4 1 10 
1 8 
2 3 5 
1 10 
2 3 18 
2 12 16 

0 
8 11 17 22 3 8 6 15 5 
10 4 18 2 9 13 19 15 29 6 5 
1 3 
7 19 2 3 11 10 7 13 
4 3 2 21 12 
3 5 16 8 
2 7 2 
3 3 30 27 
2 5 20 
4 5 23 2 14 
4 21 28 17 6 
5 23 20 3 5 28 
1 11 
2 2 3 
1 7 
2 2 12 
3 24 25 3 
6 29 3 30 5 24 26 
2 13 10 
3 12 22 6 
3 2 21 26 
3 11 27 13 
2 18 19 
1 18 
2 19 22 
2 9 23 
2 12 13 
2 3 19 
2 9 19 

9 27 6 19 3 20 4 14 15 25 
1 3 
7 9 11 5 4 7 1 2 
8 5 3 6 26 22 14 1 18 
11 30 17 3 8 11 9 7 12 13 4 24 
7 10 8 4 1 12 15 29 
3 23 3 5 
4 22 6 10 5 
2 5 3 
4 6 25 24 8 
3 5 3 27 
7 5 20 6 28 16 13 21 
2 12 5 
5 30 18 16 1 4 
4 19 1 17 6 
2 12 14 
2 5 15 
4 4 26 29 14 
3 28 15 1 
3 12 1 21 
3 20 12 23 
2 8 4 
2 21 7 
2 10 5 
2 1 10 
2 4 18 
2 11 1 
2 12 19 
2 18 6 
2 5 14 

12 18 15 7 4 3 10 21 9 19 6 11 16 
4 3 17 11 5 
11 7 2 15 22 8 5 13 6 4 1 14 
5 9 19 3 1 25 
3 2 16 3 
6 1 12 3 26 8 17 
3 24 3 1 
4 12 3 6 10 
2 4 1 
4 8 14 1 13 
5 2 28 20 21 1 
4 23 6 30 8 
2 10 3 
2 3 10 
3 18 1 3 
3 1 22 5 
2 6 2 
5 27 1 15 26 20 
5 1 24 4 25 29 
2 18 11 
2 1 11 
4 16 3 27 23 
3 22 29 12 
2 19 7 
2 19 4 
2 6 18 
3 28 22 18 
2 11 27 
3 23 19 30 
2 12 29 

9 3 23 20 4 14 6 18 19 21 
6 23 13 15 4 5 3 
9 17 26 24 13 1 10 22 11 2 
12 19 1 16 5 26 2 15 14 22 29 7 28 
4 2 4 9 6 
7 8 1 10 7 30 11 5 
7 6 9 8 16 4 27 18 
3 30 7 6 
3 5 12 7 
2 6 3 
4 12 24 3 6 
3 21 9 11 
2 2 3 
3 20 1 4 
2 2 4 
5 28 29 17 7 4 
3 3 16 25 
2 7 1 
2 4 1 
2 14 1 
2 12 1 
2 4 3 
3 25 2 1 
3 27 11 3 
2 17 23 
2 3 4 
2 24 7 
2 16 4 
2 16 4 
2 6 8 

5 6 18 17 3 9 
8 10 13 14 19 4 3 27 23 
11 18 5 22 13 16 8 7 4 21 2 1 
7 3 6 15 29 2 7 5 
5 28 14 4 10 3 
4 9 1 27 4 
7 11 12 26 8 4 29 3 
4 3 7 25 22 
4 1 16 6 20 
5 2 15 11 30 5 
6 10 20 25 19 12 7 
4 28 11 7 30 
2 2 3 
2 5 2 
3 4 10 17 
3 3 9 21 
2 15 1 
2 1 3 
4 2 26 23 11 
2 11 9 
3 16 3 24 
3 8 24 3 
2 19 2 
2 21 22 
2 11 8 
2 19 7 
2 2 6 
2 12 5 
2 4 7 
2 10 12 

8 3 4 9 25 6 5 13 29 
5 20 23 3 12 30 
15 1 2 30 19 4 10 26 14 22 16 27 17 18 15 9 
8 3 1 7 29 19 5 27 8 
5 6 1 7 13 4 
6 21 5 8 1 12 24 
6 25 4 16 15 14 5 
3 6 4 11 
6 10 3 26 11 1 23 
3 9 3 20 
3 8 22 9 
2 6 2 
6 21 24 17 18 5 1 
2 7 3 
2 3 7 
2 7 3 
3 3 13 28 
2 3 13 
2 3 4 
2 2 10 
3 6 13 28 
2 11 3 
2 2 9 
2 6 13 
2 1 7 
2 9 3 
2 3 4 
2 21 17 
2 1 4 
2 2 3 

12 19 26 12 28 5 16 4 3 8 17 10 22 
8 10 3 15 6 7 24 4 14 
10 7 25 26 8 1 14 5 21 2 29 
6 1 9 11 13 16 2 
6 6 15 18 17 1 3 
8 12 2 5 13 19 27 11 9 
4 18 3 2 22 
3 1 3 30 
4 4 20 6 25 
2 1 2 
2 4 6 
3 6 1 21 
2 6 4 
3 3 29 2 
2 5 2 
4 1 4 27 23 
5 30 1 5 20 23 
2 7 5 
3 24 1 6 
2 9 17 
2 3 12 
2 7 1 
2 16 17 
2 2 19 
2 3 9 
2 3 1 
2 6 16 
1 1 
2 3 14 
2 8 17 

7 16 12 7 4 5 20 3 
8 3 18 13 29 8 22 11 6 
12 14 12 2 4 13 7 1 8 22 5 6 21 
6 30 23 3 9 1 28 
5 3 20 1 18 10 
4 17 3 2 14 
4 16 11 3 1 
6 24 9 2 3 10 28 
2 8 4 
3 8 5 15 
4 17 7 24 2 
3 3 1 15 
4 19 3 30 2 
4 25 3 6 26 
5 27 10 21 12 23 
3 1 7 19 
3 6 11 26 
2 5 2 
2 16 13 
2 5 1 
2 15 3 
3 25 2 3 
2 15 4 
2 11 8 
2 22 14 
3 17 14 28 
1 15 
3 8 26 4 
1 2 
2 4 13 

