23 44 27 28 4 49 29 13 30 34 15 8 24 9 5 22 20 6 25 11 38 10 43 18 
17 29 33 39 26 31 17 7 20 5 40 16 6 14 47 42 9 4 
1 4 
20 38 43 5 3 6 13 12 14 42 18 7 19 22 15 16 45 9 10 1 2 
17 4 27 50 35 31 7 46 2 30 23 24 1 11 8 14 12 13 
8 34 36 32 4 10 46 1 2 
11 32 8 40 23 18 2 21 37 5 4 19 
8 48 29 7 5 23 1 21 32 
9 11 33 12 39 15 2 4 49 1 
7 4 31 34 1 17 47 6 
6 9 33 17 1 5 45 
6 5 16 4 21 20 9 
5 4 5 30 1 19 
7 46 26 4 41 2 5 35 
6 48 9 36 1 22 4 
5 26 12 2 4 28 
6 45 2 11 41 10 27 
5 41 28 1 4 7 
4 25 7 4 13 
4 12 2 37 1 
5 24 35 12 8 7 
4 25 15 4 1 
3 5 8 7 
4 21 43 1 5 
3 1 19 22 
3 2 16 14 
3 1 5 17 
4 1 47 18 16 
5 1 8 39 2 36 
4 50 5 1 13 
3 10 5 2 
3 8 6 7 
6 38 2 9 11 44 40 
3 6 1 10 
4 37 14 5 21 
3 29 15 6 
4 42 20 7 35 
5 49 1 33 48 4 
5 2 9 44 29 50 
3 2 7 33 
3 14 17 18 
3 2 37 4 
3 1 24 4 
3 33 39 1 
3 4 17 11 
3 14 5 6 
3 10 2 28 
3 38 15 8 
3 1 38 9 
3 5 39 30 

6 24 38 23 37 4 28 
11 36 10 5 11 12 7 8 9 6 26 4 
11 29 5 19 31 12 17 35 13 4 14 6 
21 39 11 46 22 7 9 25 15 28 36 43 13 1 48 5 2 8 40 3 20 21 
12 35 8 4 44 2 34 16 3 6 7 38 46 
10 33 10 11 2 18 22 30 15 3 5 
11 32 17 33 13 4 18 34 2 5 22 19 
10 45 48 15 2 41 5 9 4 10 21 
11 29 17 14 2 4 8 25 47 41 19 16 
6 40 43 12 6 8 2 
6 2 49 6 4 14 36 
6 10 21 25 3 39 2 
15 45 26 31 50 24 46 18 38 41 7 32 4 37 3 27 
5 9 37 11 28 3 
7 30 16 42 20 8 4 6 
4 9 15 5 20 
4 9 7 48 3 
4 7 23 6 13 
7 27 44 9 3 47 26 7 
8 23 34 42 4 30 15 16 24 
4 8 12 35 4 
4 4 27 7 6 
6 32 31 1 20 18 29 
4 13 20 1 42 
4 40 12 9 4 
4 2 13 50 19 
4 22 19 43 13 
4 14 4 39 1 
3 9 3 23 
6 50 33 6 20 47 15 
3 13 23 3 
3 13 7 23 
4 49 30 7 6 
3 5 7 20 
4 44 3 5 21 
3 4 2 11 
3 14 1 13 
3 13 5 1 
3 4 12 28 
3 4 25 10 
3 9 13 8 
3 24 20 15 
4 10 49 4 27 
4 19 45 5 35 
3 44 8 13 
3 5 13 4 
3 30 9 19 
3 8 4 17 
3 33 11 43 
3 30 13 26 

9 4 5 13 8 40 45 7 15 46 
14 12 22 8 33 10 6 41 48 34 28 25 4 27 11 
11 8 5 19 17 7 12 32 48 4 50 6 
16 14 1 34 20 12 22 5 18 3 24 44 2 26 21 42 9 
20 6 21 13 36 7 14 1 20 9 26 32 11 27 3 4 17 25 33 16 44 
9 5 28 23 42 9 10 3 2 40 
7 5 3 25 1 49 43 36 
11 35 3 24 1 2 38 31 18 11 27 15 
11 29 10 33 19 4 30 31 18 5 6 23 
9 13 2 29 22 14 6 15 9 50 
3 5 2 8 
6 16 41 2 3 4 32 
4 10 28 1 5 
9 45 5 39 16 21 10 17 4 41 
5 1 46 8 10 19 
9 12 29 5 23 34 37 36 30 14 
4 14 46 3 5 
4 9 40 8 4 
4 20 15 3 9 
3 5 4 19 
7 4 38 14 26 43 5 24 
5 10 2 4 35 45 
5 9 16 44 6 50 
3 8 21 4 
7 47 5 37 2 7 39 49 
4 21 4 31 5 
6 48 30 42 5 2 8 
3 6 2 13 
3 10 9 16 
4 16 38 27 9 
4 8 9 39 26 
4 3 12 5 37 
4 2 5 35 9 
3 4 2 16 
3 22 33 8 
4 16 7 5 43 
3 16 32 25 
3 30 21 8 
3 25 31 14 
3 1 18 6 
3 2 12 14 
4 47 4 6 27 
3 36 21 7 
3 5 4 23 
4 47 1 14 22 
3 15 1 17 
4 25 42 49 45 
3 2 27 3 
3 25 7 47 
3 10 23 3 

8 5 9 34 49 40 47 11 4 
5 11 4 32 13 6 
10 5 4 23 43 15 8 27 50 37 39 
29 2 35 8 3 13 41 11 12 7 25 21 19 14 26 36 42 6 45 28 32 50 5 1 38 9 46 44 15 16 
12 12 7 1 3 48 8 4 42 6 16 31 22 
14 40 5 7 29 2 17 39 24 33 21 10 18 12 4 
9 4 26 28 10 19 17 6 37 5 
6 5 14 18 3 4 9 
7 20 1 45 8 30 4 10 
7 30 7 6 35 9 20 21 
7 16 2 4 1 18 25 45 
13 23 24 6 44 47 17 29 5 4 13 34 14 43 
7 4 49 31 15 12 38 2 
5 8 47 12 4 35 
8 29 27 4 23 3 13 20 49 
3 11 4 5 
6 7 6 33 22 12 31 
9 19 6 11 8 36 24 33 32 30 
6 41 18 7 4 34 43 
4 10 9 15 22 
5 10 6 37 4 27 
5 48 20 44 17 5 
5 42 26 3 12 15 
7 41 28 46 18 25 12 6 
3 4 11 24 
5 4 40 48 7 23 
3 21 15 3 
3 24 7 4 
3 12 15 6 
6 10 50 9 38 18 39 
4 5 13 17 36 
3 2 18 4 
3 6 18 17 
3 19 12 1 
3 4 14 10 
3 18 31 4 
3 21 3 7 
4 30 4 13 46 
3 6 3 30 
3 6 1 26 
3 4 24 19 
3 4 5 23 
3 12 19 3 
3 12 4 22 
3 4 9 11 
3 24 4 38 
3 1 14 12 
3 5 22 26 
3 13 15 1 
3 3 4 30 

6 10 5 17 19 9 4 
2 5 4 
3 4 8 6 
19 24 46 15 9 10 34 18 23 45 1 3 2 14 5 6 37 8 7 16 
12 7 37 2 8 33 15 11 36 1 14 6 4 
18 19 15 48 28 26 40 4 50 7 35 12 5 17 25 20 3 32 13 
14 24 4 29 6 32 9 18 11 40 5 14 10 22 21 
10 5 25 11 4 3 20 38 45 48 33 
11 38 12 42 31 7 1 13 16 4 22 40 
7 20 39 1 12 30 4 7 
10 13 5 16 17 41 47 38 7 8 29 
9 9 29 34 21 19 6 10 41 36 
8 11 33 23 21 30 9 6 31 
6 24 4 28 5 36 7 
4 37 5 4 6 
4 9 11 30 4 
6 28 1 46 18 6 11 
5 46 35 4 7 17 
4 1 27 6 12 
5 8 25 22 10 6 
6 13 12 7 23 34 26 
4 20 26 9 7 
6 44 13 27 21 4 49 
4 4 27 7 14 
3 6 8 20 
4 21 22 44 6 
7 24 31 47 19 45 23 35 
6 14 17 6 47 50 43 
5 42 7 12 11 39 
5 13 43 16 10 32 
3 9 27 13 
4 6 30 49 7 
3 13 5 8 
5 42 21 12 44 4 
4 6 18 48 27 
4 12 43 14 5 
5 4 41 15 5 39 
3 11 8 9 
3 10 29 37 
3 9 7 6 
4 37 12 50 11 
3 29 9 34 
3 28 30 36 
3 26 34 23 
3 27 4 8 
4 17 18 4 49 
3 28 27 11 
3 35 6 8 
3 32 46 23 
3 6 28 41 

7 11 22 41 15 14 4 5 
12 49 7 9 41 12 43 4 5 44 29 21 18 
11 8 30 10 48 25 14 22 23 4 6 21 
23 37 28 1 32 43 42 44 7 2 34 26 3 27 29 19 25 33 16 5 50 17 6 14 
6 2 7 1 50 6 4 
8 38 4 27 5 8 10 3 12 
13 9 18 11 5 38 15 21 31 4 8 2 37 22 
10 3 23 41 28 11 24 7 13 9 6 
8 46 2 8 10 7 33 13 15 
19 29 38 35 37 20 48 23 3 6 17 12 19 26 9 30 46 24 42 25 
7 34 13 7 16 18 8 1 
11 35 6 49 2 47 16 20 26 32 42 10 
4 11 9 8 19 
6 36 50 1 3 4 40 
3 7 9 1 
5 11 27 17 12 4 
8 10 4 33 49 39 24 20 16 
4 31 7 11 2 
4 10 13 30 4 
5 10 17 31 43 12 
3 7 2 3 
4 28 7 1 3 
3 3 8 10 
3 8 17 10 
3 3 4 10 
7 12 45 10 39 4 47 36 
3 4 16 6 
4 8 44 22 4 
4 35 2 10 4 
6 40 48 3 36 10 19 
5 20 47 32 18 7 
4 4 34 12 31 
3 17 9 4 
3 11 32 4 
3 29 12 10 
4 26 39 30 14 
3 7 10 4 
5 45 40 10 7 6 
4 36 45 26 17 
4 30 46 38 14 
3 8 1 2 
3 12 4 10 
3 20 4 2 
3 2 4 28 
3 26 38 39 
3 9 10 40 
3 31 26 12 
3 10 3 30 
3 17 2 12 
3 5 4 14 

5 31 17 4 5 15 
13 42 4 17 10 19 9 5 8 7 14 11 45 38 
7 40 19 4 6 46 45 10 
14 25 13 1 2 9 44 38 7 8 3 24 6 5 16 
12 26 43 12 4 6 46 2 7 1 14 9 8 
14 33 28 30 29 5 4 23 27 3 11 24 49 41 40 
7 33 5 20 2 39 48 4 
5 5 12 15 2 4 
10 10 41 18 5 13 14 2 22 4 28 
16 11 12 19 31 18 16 15 25 9 13 3 26 2 21 17 20 
5 6 10 21 2 32 
10 5 10 50 29 47 37 33 39 8 49 
7 4 25 34 9 10 37 24 
8 5 39 36 29 2 21 9 20 
11 41 42 10 35 22 23 27 8 31 1 16 
4 10 4 15 38 
8 2 18 50 37 30 1 10 22 
5 9 36 17 26 10 
3 10 3 2 
4 46 14 7 10 
4 28 10 11 14 
4 23 17 9 15 
7 22 27 35 44 6 15 45 
6 4 36 30 6 32 13 
3 4 13 10 
6 5 47 40 18 10 34 
4 23 15 34 6 
4 9 47 6 21 
4 6 14 12 50 
4 32 24 6 17 
3 10 15 1 
3 30 11 24 
3 7 12 6 
4 35 26 13 27 
3 34 23 15 
3 14 24 18 
8 49 17 12 42 13 43 48 44 
3 16 4 2 
5 48 12 43 14 7 
3 3 6 26 
3 15 6 9 
3 37 2 15 
3 5 37 39 
3 23 37 4 
3 2 3 23 
3 20 5 3 
3 26 12 28 
3 39 37 7 
3 12 37 6 
3 12 29 17 

15 16 9 4 41 10 34 35 19 6 31 28 37 30 5 15 
8 4 9 16 23 8 38 19 21 
2 5 4 
25 11 7 49 24 45 28 29 48 6 38 8 20 16 13 30 47 2 1 25 5 39 9 26 3 46 
16 4 29 41 6 20 31 17 7 30 8 12 1 18 43 11 3 
13 39 10 7 4 13 12 21 1 23 14 49 43 5 
6 14 5 20 6 4 18 
8 28 2 27 40 47 4 5 25 
15 17 22 27 2 1 13 15 12 10 23 11 4 36 32 50 
8 34 9 1 6 18 15 35 24 
3 5 4 9 
5 5 9 33 6 17 
5 6 9 14 45 4 
7 7 6 21 13 33 37 24 
6 9 1 50 27 10 25 
5 22 1 47 4 2 
5 12 19 5 29 9 
8 42 50 35 5 22 7 26 10 
6 1 41 2 26 17 34 
4 5 4 48 7 
5 14 6 2 37 36 
4 18 44 16 9 
5 42 9 2 6 46 
5 36 42 10 4 14 
4 4 49 15 8 
3 4 19 18 
6 15 8 48 31 32 9 
5 40 8 1 4 32 
3 5 4 17 
4 4 5 1 38 
5 40 27 33 5 1 
3 27 28 9 
5 44 45 31 12 14 
3 19 10 1 
4 10 43 1 18 
4 21 9 39 24 
3 1 14 21 
3 4 30 2 
4 36 44 4 6 
4 28 8 46 31 
3 1 5 19 
3 24 23 18 
3 35 5 6 
3 39 22 33 
3 13 4 33 
3 40 4 23 
3 8 16 4 
3 27 4 20 
3 4 6 25 
3 15 18 9 

13 15 25 32 5 8 33 43 38 16 36 6 29 4 
3 4 34 36 
7 9 4 6 38 5 14 16 
17 22 1 46 45 42 2 11 12 48 43 5 30 10 7 32 3 6 
22 26 12 23 7 18 31 29 22 1 10 9 3 13 21 41 17 11 4 40 8 16 47 
16 19 23 24 35 7 13 27 3 46 4 1 17 31 20 10 26 
18 5 46 30 44 8 11 9 24 15 12 6 4 27 23 40 37 45 32 
4 7 1 5 15 
6 5 38 7 3 21 33 
7 28 21 49 4 6 45 5 
9 14 18 37 39 5 4 13 7 34 
6 4 5 42 14 33 7 
4 19 11 5 6 
11 3 12 30 11 25 37 44 31 22 36 47 
5 48 8 17 1 7 
4 3 35 1 5 
9 20 6 5 18 35 39 15 19 25 
5 5 11 26 17 20 
6 17 13 24 6 39 49 
3 18 6 17 
4 5 9 28 10 
4 5 27 14 4 
5 5 7 50 6 47 
3 6 7 19 
5 28 1 14 17 29 
4 6 5 18 50 
3 6 7 22 
3 25 21 10 
5 25 48 5 1 42 
4 4 14 41 7 
4 14 41 6 5 
4 1 34 7 4 
3 9 1 12 
3 11 32 2 
4 16 6 17 40 
5 14 44 43 2 1 
3 7 11 14 
3 1 3 9 
3 17 19 11 
3 5 7 35 
5 31 30 5 50 49 
3 4 12 29 
3 36 4 1 
3 36 14 7 
3 7 4 10 
3 7 4 6 
3 23 14 5 
3 29 15 4 
3 10 19 41 
3 26 41 23 

8 4 5 16 49 26 17 25 33 
5 4 37 6 19 13 
12 29 46 11 20 9 16 4 5 8 45 7 6 
14 5 12 10 48 7 30 8 3 47 2 14 50 19 1 
13 31 6 3 1 32 4 24 14 46 27 22 37 12 
14 3 44 7 10 8 26 5 2 15 35 13 18 22 23 
13 36 9 50 13 12 3 11 6 4 25 15 21 27 
12 24 14 3 30 10 20 23 6 9 4 15 22 
7 49 8 7 11 3 50 28 
4 8 42 4 6 
9 33 17 3 21 7 29 9 31 16 
6 5 7 4 48 45 41 
9 7 6 38 43 36 24 30 29 2 
9 25 19 8 47 18 5 17 4 28 
5 6 47 34 8 7 
6 18 3 11 34 1 26 
8 21 28 40 11 36 41 1 14 
8 43 42 20 23 16 6 40 14 
4 39 4 2 14 
6 8 35 27 18 3 38 
6 17 7 31 11 32 37 
5 43 5 8 6 38 
4 6 18 49 8 
3 13 8 5 
4 1 14 7 33 
4 44 16 1 6 
4 7 35 20 5 
3 14 9 17 
4 13 3 32 11 
4 42 4 8 13 
4 41 5 21 11 
5 39 40 5 21 29 
7 34 39 45 1 25 44 11 
3 15 16 33 
3 27 20 6 
3 7 17 13 
3 21 5 2 
3 20 22 13 
3 33 19 32 
3 17 32 18 
5 48 31 17 12 46 
3 18 10 30 
3 22 18 13 
3 26 33 6 
3 12 3 33 
3 5 41 3 
3 14 4 15 
3 41 12 4 
3 1 23 9 
3 7 4 9 

13 8 5 47 4 6 18 46 26 14 29 12 38 17 
4 5 4 8 49 
8 23 34 7 50 16 4 20 42 
24 16 46 33 31 48 22 15 2 39 37 3 1 28 13 11 9 6 47 18 14 7 5 10 21 
12 43 14 37 4 6 24 2 45 8 11 9 1 
20 21 32 12 23 26 18 10 29 31 7 16 5 13 11 39 30 1 4 15 9 
10 24 4 13 6 22 19 27 3 20 28 
7 1 10 40 12 2 43 5 
7 49 40 34 33 5 4 6 
4 8 26 6 4 
7 6 4 39 36 5 21 50 
6 37 20 1 48 8 6 
10 38 6 35 15 36 7 25 23 4 48 
5 28 1 4 19 5 
5 6 4 17 13 32 
9 19 3 38 17 25 6 42 32 4 
6 42 16 50 36 15 1 
4 1 49 4 6 
10 25 16 14 7 22 44 24 45 31 27 
4 7 12 27 3 
3 4 11 6 
4 4 30 7 19 
5 41 13 3 29 6 
3 5 19 7 
6 35 19 16 13 41 40 
3 10 6 1 
5 30 35 7 19 20 
3 7 4 14 
4 6 1 23 34 
6 22 6 33 43 27 46 
3 6 4 19 
4 6 45 15 16 
3 9 4 30 
4 41 9 29 3 
3 27 13 25 
4 11 13 17 44 
3 5 4 12 
3 13 16 1 
3 6 11 4 
3 9 8 25 
3 25 34 23 
3 16 17 3 
3 30 8 5 
2 19 36 
3 19 32 5 
3 30 1 4 
2 4 1 
3 12 4 13 
3 18 9 2 
3 17 3 11 

11 39 11 5 29 15 4 7 30 43 6 19 
26 45 14 18 19 38 9 32 31 15 48 34 5 44 24 17 13 40 47 25 10 36 4 43 11 8 16 
2 33 4 
14 23 28 7 5 37 19 34 3 2 27 1 44 6 16 
13 2 9 4 24 10 6 22 50 21 20 7 13 1 
14 32 25 12 17 22 15 10 18 1 8 4 26 5 30 
8 9 44 8 4 14 5 1 28 
15 42 7 21 47 6 38 27 2 13 12 50 23 41 11 25 
7 31 16 5 7 12 2 21 
5 2 6 36 26 5 
5 2 29 8 23 1 
4 6 9 8 42 
9 18 20 14 37 8 30 42 5 2 
4 48 2 13 7 
5 1 6 22 2 17 
8 26 2 4 38 32 20 33 9 
4 2 24 6 15 
3 6 2 13 
5 50 40 4 2 1 
5 16 5 13 45 34 
4 28 8 9 5 
5 27 15 6 5 39 
6 41 11 35 8 4 33 
4 17 46 5 2 
3 2 6 8 
5 10 29 16 35 6 
3 22 8 4 
5 4 37 7 49 21 
6 26 40 31 36 11 1 
3 13 6 1 
5 2 29 41 45 9 
4 35 2 16 6 
5 43 23 3 47 16 
4 4 39 2 20 
3 32 23 26 
3 10 29 2 
4 49 13 28 4 
4 46 2 8 16 
4 48 34 1 22 
3 19 29 2 
4 31 8 23 47 
4 12 44 8 13 
3 1 2 33 
4 7 2 42 4 
3 31 2 20 
2 24 38 
4 33 41 8 2 
3 39 2 14 
2 28 37 
3 19 5 8 

13 28 38 10 45 20 48 5 25 6 36 9 13 4 
4 15 12 4 30 
20 46 42 26 43 37 29 16 44 8 19 30 13 4 6 5 7 40 48 32 17 
20 20 22 6 9 7 2 21 1 46 40 14 8 38 25 32 3 11 27 5 36 
18 3 4 43 33 8 35 40 15 9 28 30 11 1 39 18 29 7 44 
9 1 12 4 45 41 14 23 39 3 
10 22 34 36 18 5 37 14 3 24 4 
7 47 11 10 5 34 3 4 
8 5 50 13 12 1 18 10 4 
4 1 8 9 49 
9 4 5 8 17 21 39 15 50 16 
5 23 6 16 2 9 
7 19 41 26 1 3 9 20 
8 4 31 17 6 24 22 44 7 
3 11 2 5 
8 27 31 42 47 35 11 12 3 
4 3 14 50 11 
8 33 9 32 5 19 23 27 7 
8 13 18 49 21 47 29 3 43 
6 24 4 13 48 26 1 
5 19 35 4 11 28 
4 31 7 4 14 
3 18 12 6 
4 25 14 20 7 
4 42 1 24 4 
3 13 3 20 
3 18 4 16 
3 21 5 1 
5 3 19 38 5 33 
3 2 3 5 
3 22 16 14 
4 3 4 34 18 
3 18 29 5 
3 7 32 8 
4 16 41 21 5 
5 45 4 37 7 1 
3 3 7 36 
3 29 1 4 
3 5 6 11 
4 4 5 3 46 
4 13 6 35 49 
3 3 25 16 
3 3 19 5 
3 3 5 14 
3 36 6 1 
3 3 40 4 
3 19 16 8 
3 20 1 3 
3 19 41 10 
3 9 17 11 

6 4 9 43 48 30 21 
5 10 35 5 50 4 
11 4 27 45 33 20 19 10 6 44 5 34 
25 2 37 6 41 46 43 7 15 17 34 5 42 9 3 11 44 31 45 36 13 33 38 8 25 1 
22 6 33 36 14 2 47 22 32 42 3 10 4 26 16 41 12 9 7 20 49 37 31 
14 5 24 18 13 3 17 8 7 12 32 30 4 41 11 
7 8 6 11 4 5 40 14 
12 7 23 37 14 12 6 4 20 44 26 17 16 
6 19 1 4 38 5 23 
6 2 3 5 13 16 45 
4 7 27 4 6 
4 8 5 50 6 
9 4 10 6 29 34 39 42 15 22 
8 5 15 32 7 8 24 48 19 
6 13 23 4 21 14 18 
6 8 18 10 46 28 5 
8 25 6 39 49 8 27 4 24 
7 15 6 26 38 28 16 47 
4 3 29 14 9 
7 5 40 8 25 3 21 48 
5 22 20 1 36 15 
4 28 21 13 5 
4 8 15 9 43 
5 14 6 30 17 35 
3 20 17 4 
4 18 40 8 5 
5 11 3 17 29 31 
3 18 16 22 
3 19 27 13 
3 24 1 6 
3 5 27 4 
4 35 5 14 6 
3 3 5 4 
5 3 13 4 49 39 
3 32 24 2 
3 4 5 21 
5 5 8 50 4 46 
3 9 4 18 
4 13 17 46 34 
3 7 26 20 
3 6 4 5 
3 5 4 13 
3 1 23 4 
3 3 4 8 
3 4 10 3 
4 4 16 39 37 
3 49 18 5 
3 14 1 20 
4 17 5 47 34 
3 2 12 37 

13 22 5 6 15 4 50 28 8 9 12 13 36 25 
3 4 5 49 
7 41 10 30 42 4 47 50 
20 5 37 38 31 20 42 1 23 2 3 9 46 7 13 11 14 12 6 40 45 
13 4 1 8 13 14 6 22 11 7 41 26 2 19 
14 44 17 12 10 4 39 7 31 18 1 5 9 49 46 
11 18 5 8 15 4 6 34 11 43 26 16 
8 10 5 7 1 43 21 30 23 
9 6 20 38 19 17 32 35 1 4 
7 24 16 8 6 18 44 3 
7 4 15 27 7 5 16 19 
5 4 1 27 6 21 
8 35 14 4 21 47 5 1 38 
7 35 5 33 27 13 48 4 
3 7 1 11 
9 34 20 17 33 26 11 10 24 7 
5 16 9 22 28 6 
6 25 39 7 31 10 6 
11 33 46 24 9 28 48 23 11 25 34 5 
3 16 4 9 
5 8 39 13 12 29 
4 17 5 37 1 
4 19 8 37 4 
3 10 16 19 
6 18 32 29 19 30 1 
6 36 32 16 5 29 7 
6 50 43 12 14 47 11 
3 1 17 19 
4 26 21 25 36 
5 45 25 3 40 8 
3 18 6 4 
4 45 25 26 9 
3 19 14 16 
3 7 19 16 
4 40 13 14 9 
3 26 1 29 
3 4 22 23 
3 9 13 4 
3 21 18 6 
3 30 35 4 
2 3 5 
2 4 3 
3 7 8 27 
2 10 6 
4 32 47 4 30 
3 6 4 19 
4 3 27 45 13 
2 14 19 
2 6 2 
3 3 27 1 

12 12 43 49 10 45 4 17 22 7 26 6 11 
13 6 9 4 12 11 18 14 10 5 8 7 42 13 
10 37 19 30 11 4 24 5 10 40 28 
20 39 3 7 40 27 49 37 38 23 50 8 30 1 33 36 5 9 6 41 2 
9 28 13 9 44 15 4 36 2 3 
7 13 17 1 4 38 48 2 
13 22 1 12 39 45 27 26 20 30 21 4 2 8 
7 21 7 25 4 15 2 23 
6 4 5 20 46 21 2 
7 3 1 2 14 16 34 17 
4 3 2 1 18 
7 44 14 15 1 7 2 16 
4 2 5 28 6 
13 2 29 31 12 46 22 10 19 16 24 47 50 33 
9 8 20 34 12 31 24 46 25 5 
7 14 29 31 12 10 41 35 
10 32 34 23 6 26 19 18 1 36 10 
5 2 11 33 29 17 
5 17 41 3 27 14 
3 7 9 15 
6 9 32 35 7 25 8 
4 7 14 1 32 
3 8 4 17 
3 15 14 3 
4 44 15 8 21 
4 1 7 43 17 
4 4 19 7 38 
3 3 13 5 
4 18 16 37 14 
4 4 47 7 3 
4 15 16 35 14 
4 42 21 22 17 
4 14 18 4 43 
4 40 17 10 15 
3 16 21 31 
3 17 5 4 
5 4 3 44 29 41 
4 27 49 6 4 
2 4 7 
4 3 4 34 42 
4 4 19 37 16 
3 40 32 2 
4 33 1 26 48 
4 12 37 25 5 
2 1 7 
3 14 15 9 
2 14 30 
2 43 6 
3 4 38 1 
2 4 14 

4 40 43 29 4 
13 21 4 34 28 13 33 22 5 29 15 6 24 35 
13 42 4 25 6 44 11 8 10 7 12 32 5 41 
22 16 12 39 6 5 14 20 10 13 43 2 31 15 17 40 3 21 48 25 1 7 8 
12 26 2 37 19 10 8 28 23 7 9 4 3 
7 44 18 41 9 2 4 3 
9 12 19 3 5 11 4 17 24 9 
9 3 4 20 49 26 11 45 23 5 
8 6 42 7 27 30 47 5 28 
11 5 13 16 39 18 46 14 3 44 45 4 
7 19 3 7 20 32 8 50 
7 7 3 14 4 16 17 35 
6 48 4 2 24 10 22 
5 15 10 47 12 4 
5 2 4 14 33 18 
4 12 4 10 39 
8 35 30 42 40 7 12 31 4 
7 6 10 46 21 15 41 23 
5 7 36 5 37 11 
3 8 4 11 
5 2 22 50 18 4 
7 26 2 34 13 27 21 49 
6 30 38 18 8 5 25 
6 2 27 13 7 38 49 
6 3 4 34 29 23 32 
4 8 5 31 22 
4 45 24 9 22 
5 2 9 33 36 5 
4 50 25 1 2 
3 17 23 9 
3 26 17 4 
6 11 38 48 25 3 36 
3 15 2 28 
3 22 2 25 
3 2 12 17 
3 32 19 28 
4 39 48 5 19 
3 24 23 32 
6 42 50 10 4 37 16 
3 4 17 1 
4 45 18 6 3 
4 17 9 39 3 
4 47 1 48 4 
3 3 10 6 
5 41 10 27 49 8 
2 10 18 
3 43 9 14 
5 37 13 43 32 4 
4 22 24 45 8 
4 29 39 21 11 

18 49 8 27 20 24 25 41 34 46 5 47 4 11 38 9 17 30 12 
17 7 30 45 4 18 32 6 13 37 26 31 27 23 24 22 9 5 
7 26 4 42 6 22 20 16 
15 7 1 8 2 15 10 18 3 14 11 36 38 21 43 5 
11 48 17 13 4 29 41 6 1 20 39 2 
19 49 7 3 13 48 10 28 22 42 19 36 9 8 44 2 15 12 35 5 
8 21 10 18 32 15 4 2 6 
6 6 25 39 4 14 1 
8 1 2 11 12 34 21 6 33 
5 14 6 7 29 4 
5 9 29 4 27 1 
11 9 6 16 44 23 30 28 17 1 40 37 
7 37 36 2 16 6 5 46 
4 8 24 10 4 
5 4 44 6 50 7 
8 13 26 3 12 47 32 19 40 
6 5 46 50 12 1 19 
4 2 7 4 42 
3 16 6 17 
3 5 3 1 
5 7 35 9 4 23 
3 6 3 2 
4 2 21 33 12 
7 45 14 28 25 31 1 2 
5 24 8 33 35 1 
5 39 2 3 43 16 
5 49 50 11 1 2 
5 47 31 6 24 12 
5 5 41 34 11 10 
4 2 48 1 12 
4 2 38 24 28 
3 7 2 16 
4 25 43 23 9 
3 1 29 9 
4 25 37 21 6 
3 4 6 13 
4 35 13 2 12 
3 1 31 4 
3 8 5 26 
2 16 12 
5 43 5 47 29 1 
4 46 18 6 3 
4 4 41 33 26 
3 15 12 6 
2 24 2 
4 1 13 17 42 
4 16 41 1 28 
3 6 5 30 
3 6 27 1 
3 27 15 17 

14 8 19 43 12 40 35 7 41 50 5 6 4 28 13 
6 21 9 14 4 20 5 
9 25 13 4 10 23 41 31 16 33 
19 18 30 11 32 6 14 40 5 2 3 1 21 38 27 15 29 10 26 48 
21 16 13 1 32 43 4 44 22 9 10 38 6 11 8 21 26 19 2 31 27 7 
11 11 5 47 25 1 7 30 4 18 27 15 
5 5 39 6 1 8 
12 20 7 34 25 40 22 9 1 5 14 15 28 
8 8 36 12 16 5 17 42 2 
6 3 5 4 29 17 34 
4 12 5 6 4 
8 41 11 24 9 1 19 29 48 
5 45 1 5 37 3 
6 8 17 2 4 23 20 
4 4 6 35 8 
8 49 18 9 26 23 5 34 3 
8 45 24 10 14 47 46 9 30 
5 39 6 4 31 16 
3 1 12 5 
7 2 22 49 14 43 42 8 
6 24 33 4 48 5 2 
3 5 8 20 
5 16 50 44 3 14 
3 17 12 21 
4 6 3 8 33 
4 5 28 16 4 
6 36 39 35 5 6 4 
3 8 1 26 
4 37 12 4 10 
9 44 4 32 42 49 36 17 6 46 
3 5 3 18 
3 4 30 5 
3 3 21 25 
3 10 8 16 
3 1 15 27 
3 30 27 9 
2 29 13 
4 40 4 45 5 
3 27 18 7 
4 38 1 4 8 
3 1 3 12 
3 20 9 30 
3 1 20 5 
3 23 30 5 
3 38 13 17 
2 30 17 
2 17 6 
3 4 21 12 
3 16 30 20 
2 23 1 

17 13 32 7 35 6 20 19 14 10 8 9 4 28 11 15 23 46 
3 5 4 33 
14 10 42 22 7 18 17 31 30 41 32 5 37 4 21 
11 7 5 15 41 3 12 2 6 11 42 1 
21 17 10 6 35 23 13 2 15 49 40 44 26 21 8 14 45 9 16 3 22 4 
11 31 30 1 19 5 4 12 39 44 26 8 
12 40 19 3 41 1 28 24 18 17 4 37 12 
4 9 6 1 5 
10 5 24 1 13 34 18 14 26 8 43 
6 35 45 1 11 3 5 
3 10 4 1 
7 7 6 29 16 36 4 47 
5 20 5 38 9 1 
6 5 25 27 1 9 23 
10 25 4 27 5 1 21 24 43 16 37 
4 15 5 48 12 
5 22 3 5 42 7 
5 20 39 3 7 9 
9 32 33 7 38 6 28 1 31 45 
6 18 13 33 50 1 27 
4 25 15 3 5 
6 3 29 39 17 34 5 
7 38 1 14 48 29 5 30 
4 7 15 9 36 
3 21 15 14 
6 34 50 6 9 5 49 
4 50 15 14 20 
3 1 19 7 
4 22 36 12 23 
3 23 3 6 
4 3 6 19 47 
3 3 1 19 
4 19 2 50 20 
3 22 9 26 
4 5 1 38 10 
5 24 37 47 29 12 
4 36 7 3 15 
4 19 23 35 13 
3 22 6 18 
2 5 7 
4 7 3 4 45 
3 17 4 3 
2 9 15 
2 5 6 
5 10 5 41 46 19 
2 1 45 
3 31 12 36 
2 23 16 
2 5 26 
4 20 27 26 33 

