5 13 5 20 7 4 
11 17 10 11 7 12 22 20 5 39 4 26 
13 6 8 4 31 11 9 10 34 32 40 12 20 36 
16 15 7 8 33 11 18 13 12 2 3 6 25 5 38 9 1 
11 9 34 18 24 4 16 2 21 22 6 1 
11 4 5 30 16 21 23 17 35 29 3 22 
9 2 23 36 4 14 8 28 27 1 
5 7 3 33 10 4 
3 3 5 4 
6 8 37 2 17 3 19 
10 3 26 4 39 2 38 23 13 40 14 
4 4 3 15 2 
7 15 1 4 11 14 30 24 
8 11 7 13 29 18 30 27 16 
8 35 31 4 12 24 32 19 13 
3 6 5 14 
4 6 10 2 28 
7 4 25 21 19 5 36 14 
4 15 40 10 18 
3 1 3 2 
3 18 6 5 
3 6 5 2 
3 7 11 6 
7 13 36 40 39 25 15 5 
4 4 18 26 24 
5 2 11 40 32 25 
4 28 30 14 7 
4 34 27 7 17 
2 14 6 
4 14 13 6 27 
2 15 3 
3 3 26 15 
2 8 4 
3 3 28 5 
3 37 6 15 
4 3 18 7 24 
2 35 10 
2 11 4 
3 2 11 24 
5 3 24 26 19 11 

7 13 9 4 22 11 18 39 
8 10 12 5 36 34 7 4 15 
9 19 4 23 9 5 20 6 28 22 
14 9 3 6 13 10 19 1 5 26 29 11 16 7 2 
14 18 37 8 24 25 26 4 11 2 21 36 15 6 3 
13 8 12 10 25 3 21 31 7 14 4 13 5 17 
10 15 6 8 12 35 4 39 37 2 22 
5 17 14 6 7 5 
5 4 3 24 1 16 
6 2 23 33 6 4 14 
5 1 31 5 28 4 
7 23 7 18 6 40 2 27 
6 20 6 28 4 1 16 
5 8 19 10 6 26 
9 5 2 33 7 24 17 20 38 31 
7 9 25 39 35 13 29 4 
4 21 8 15 6 
3 12 5 1 
5 4 3 33 34 14 
3 13 3 15 
5 31 33 6 17 5 
6 27 1 26 3 39 7 
5 25 3 28 10 12 
4 5 32 15 9 
5 5 23 6 16 34 
6 5 22 29 37 14 4 
2 22 12 
5 23 13 3 35 11 
3 26 4 16 
1 37 
4 21 6 15 11 
1 24 
5 19 15 21 10 38 
3 2 25 19 
3 16 7 28 
2 2 5 
4 30 5 7 26 
2 15 33 
4 16 22 1 7 
1 12 

8 6 4 26 13 36 20 5 19 
13 14 11 9 7 4 10 20 5 23 32 36 30 21 
1 4 
14 30 7 8 5 29 6 22 1 38 17 13 3 2 21 
10 17 24 29 2 6 16 8 4 10 1 
18 26 1 7 12 8 24 4 5 19 18 25 15 14 10 13 40 29 9 
9 6 9 2 4 12 27 35 16 11 
3 6 5 4 
4 6 2 7 40 
11 36 11 25 16 15 12 21 6 5 2 33 
14 22 2 34 35 32 7 10 31 18 33 14 15 30 23 
4 37 7 10 6 
4 1 6 18 4 
8 31 6 39 17 2 11 20 23 
4 6 11 33 10 
5 39 5 7 10 40 
3 5 14 4 
8 25 11 13 19 27 38 22 6 
3 18 6 1 
5 1 27 2 32 14 
4 34 4 2 10 
5 4 18 11 38 30 
4 2 36 11 14 
5 30 6 5 29 27 
3 10 18 6 
4 38 6 32 1 
4 18 24 20 7 
0 
7 5 40 24 4 6 30 32 
6 22 29 11 24 2 4 
4 14 35 11 37 
5 26 29 11 20 2 
4 40 15 10 11 
2 21 11 
3 31 11 7 
4 10 1 23 2 
2 12 31 
4 18 26 22 4 
2 16 14 
5 6 16 9 29 33 

9 14 9 6 5 13 7 15 8 4 
12 15 30 9 28 4 13 11 31 26 12 10 5 
12 6 19 4 18 20 10 7 31 5 21 32 16 
9 2 1 26 10 3 22 23 36 32 
17 33 12 3 32 16 24 2 25 13 6 9 23 14 20 1 7 11 
10 36 3 17 1 31 27 5 8 11 19 
7 5 17 8 3 35 1 38 
10 35 6 22 34 20 29 7 1 17 24 
5 5 12 2 40 1 
9 25 23 37 3 18 4 26 2 24 
4 2 5 29 6 
5 2 5 9 16 30 
5 5 14 2 38 1 
10 5 13 29 28 37 19 15 30 1 21 
5 40 14 2 1 21 
4 5 27 12 3 
5 6 28 8 7 18 
3 10 17 3 
3 6 3 14 
4 28 5 3 8 
4 14 3 34 15 
3 27 8 4 
6 34 5 4 28 24 10 
6 10 23 5 31 26 8 
3 5 28 10 
4 10 24 2 4 
3 16 22 6 
10 37 23 20 17 14 32 2 35 25 38 
3 11 8 14 
3 14 2 12 
5 2 3 6 37 24 
4 5 28 3 4 
1 5 
3 21 8 23 
3 28 7 8 
2 4 6 
5 31 14 10 39 28 
3 7 28 13 
1 37 
2 9 15 

11 10 12 4 8 7 11 19 13 5 9 6 
8 7 4 36 24 34 5 37 39 
1 4 
21 36 17 16 3 7 12 21 8 27 15 32 2 13 5 22 6 34 33 1 9 28 
8 11 2 1 12 29 17 4 6 
14 27 20 37 8 26 35 9 5 1 16 15 33 4 10 
4 21 2 1 4 
6 15 11 1 4 32 6 
8 39 4 36 38 10 1 6 28 
8 23 26 39 34 18 6 9 1 
10 5 19 1 25 31 13 20 27 8 14 
13 18 28 5 14 31 32 1 20 22 4 29 30 16 
6 1 30 40 4 11 14 
9 38 12 37 11 13 23 25 26 21 
6 4 18 6 17 8 24 
6 30 4 6 33 19 12 
3 5 15 4 
5 10 12 39 36 15 
4 11 22 16 1 
3 11 12 6 
3 4 7 14 
3 19 4 12 
4 38 10 25 14 
2 15 2 
7 39 33 11 14 23 40 35 
4 27 10 14 6 
5 26 6 34 11 4 
3 9 4 12 
3 12 5 33 
4 34 12 13 16 
2 11 12 
3 4 8 12 
5 6 25 29 16 4 
5 2 10 4 27 30 
3 6 37 25 
5 18 9 4 2 39 
4 35 2 14 6 
3 23 14 9 
6 2 36 9 18 25 10 
2 25 13 

9 14 13 24 23 4 6 31 7 5 
4 4 21 6 5 
7 19 4 21 9 37 32 15 
21 10 12 7 28 5 33 24 23 1 6 14 26 3 32 37 9 18 2 30 8 16 
9 30 20 1 2 19 8 4 25 15 
16 10 22 2 20 8 11 17 4 38 15 31 19 9 36 7 1 
5 38 11 1 4 6 
8 10 26 5 28 6 4 13 12 
6 4 11 25 6 28 3 
7 8 27 6 36 4 13 14 
7 26 6 12 7 29 22 9 
11 18 11 34 35 33 39 16 31 8 4 17 
5 8 10 27 1 35 
8 16 29 35 4 10 18 17 1 
4 33 6 5 3 
3 14 4 12 
4 6 14 35 12 
5 25 4 14 12 29 
4 3 6 23 5 
3 24 5 6 
3 22 2 3 
4 6 21 40 11 
3 19 1 4 
3 20 4 1 
4 38 18 5 9 
3 8 11 4 
2 10 13 
4 9 4 8 31 
3 11 14 18 
2 4 5 
6 40 28 12 6 35 1 
2 3 4 
3 12 4 15 
1 12 
5 17 14 12 31 13 
2 10 6 
2 3 4 
3 6 25 7 
1 12 
2 22 31 

2 21 4 
12 15 21 5 10 28 7 4 9 18 23 6 34 
11 36 37 30 4 25 5 6 19 24 20 17 
22 31 18 5 15 38 9 32 33 10 12 20 2 30 22 8 3 11 1 6 13 28 7 
10 30 13 3 4 12 14 2 35 8 11 
10 4 8 24 19 27 2 11 3 7 29 
4 2 6 26 4 
10 21 37 6 17 12 9 16 5 4 19 
9 4 2 20 23 10 8 22 14 26 
7 2 26 32 35 4 9 34 
8 14 6 5 18 34 15 16 4 
5 13 38 4 5 8 
5 5 31 12 4 40 
7 11 28 16 27 22 5 9 
3 11 4 2 
3 11 14 8 
8 3 21 22 20 39 34 8 36 
4 4 11 29 2 
3 8 3 6 
7 4 9 3 25 24 17 27 
4 17 2 1 8 
7 4 23 37 9 38 17 14 
3 2 9 22 
7 3 40 39 32 30 6 20 
2 3 20 
3 9 7 10 
3 20 6 14 
3 4 14 2 
2 18 6 
4 5 24 4 3 
4 4 13 40 34 
3 10 4 24 
1 4 
5 31 2 11 17 10 
2 10 5 
2 17 3 
4 22 3 8 40 
3 12 4 22 
2 17 24 
4 13 24 31 37 

2 4 39 
5 8 34 5 4 14 
13 15 22 7 5 6 17 13 4 18 16 8 36 10 
12 24 36 37 2 28 5 3 29 6 22 7 1 
15 6 37 3 25 2 26 7 11 9 38 35 24 32 22 4 
13 3 39 29 31 4 23 9 5 8 40 12 18 11 
15 9 21 4 5 27 25 26 3 16 39 12 10 19 32 13 
7 3 17 21 2 6 35 15 
10 38 6 7 11 19 31 10 13 5 16 
10 7 17 3 33 18 27 30 14 12 9 
5 14 5 38 6 9 
5 10 6 7 24 20 
6 37 36 7 3 15 9 
3 10 2 11 
4 8 3 25 13 
8 17 7 9 40 3 33 39 31 
6 3 16 25 8 10 36 
4 6 3 40 10 
4 37 35 9 7 
1 12 
6 39 8 29 7 23 24 
4 32 3 4 5 
4 6 27 21 29 
5 5 36 12 21 4 
6 39 17 33 5 7 15 
3 5 7 38 
3 10 23 7 
1 4 
4 23 21 6 4 
1 10 
3 9 6 16 
3 5 22 7 
3 10 25 16 
1 2 
3 8 5 19 
5 24 4 3 17 13 
4 19 4 13 5 
4 11 5 9 26 
6 1 7 16 21 25 6 
3 18 16 6 

2 4 5 
15 31 17 25 14 8 9 5 19 34 7 4 6 16 35 22 
7 18 8 4 40 19 7 31 
19 15 16 12 20 23 27 8 26 22 39 21 2 1 40 38 5 37 6 3 
20 24 2 30 20 33 12 36 9 21 10 4 15 7 11 17 13 6 16 1 18 
7 10 13 5 27 17 2 4 
3 3 2 5 
15 29 24 10 9 12 32 15 25 14 23 4 28 2 3 35 
8 19 14 2 34 8 11 20 5 
5 8 11 36 5 6 
4 9 13 10 5 
4 29 4 5 8 
3 6 5 11 
3 2 9 8 
8 33 23 4 5 20 25 32 8 
6 4 26 5 20 2 21 
4 6 5 2 30 
3 19 3 5 
7 34 2 23 3 18 30 9 
6 16 9 4 15 28 5 
5 35 16 5 28 4 
2 2 4 
6 8 4 15 29 27 19 
2 5 8 
3 15 8 2 
2 16 4 
5 23 6 40 31 4 
3 20 21 8 
3 12 8 23 
3 17 19 5 
4 33 2 27 3 
3 8 40 15 
4 5 15 31 34 
4 19 33 2 9 
3 8 2 21 
2 10 5 
1 4 
1 4 
1 4 
4 3 32 27 4 

2 4 36 
3 7 4 5 
19 4 40 6 14 30 7 25 15 39 24 20 29 13 22 5 12 37 31 8 
12 15 1 2 17 24 3 23 8 6 5 9 10 
17 38 3 33 4 39 40 7 17 19 12 10 13 2 11 32 35 6 
12 33 5 16 8 3 32 25 10 9 4 21 11 
7 5 26 3 23 2 29 9 
7 3 4 12 6 35 16 15 
7 4 7 13 6 30 37 14 
12 6 28 32 5 27 14 20 24 18 11 33 4 
6 18 23 5 21 10 6 
3 3 8 5 
3 9 5 3 
5 10 9 23 3 22 
5 40 4 3 8 24 
4 6 25 8 39 
4 27 5 18 4 
4 10 11 17 37 
2 21 5 
4 3 26 32 10 
3 19 6 11 
2 3 14 
6 4 36 7 14 31 11 
7 15 4 34 10 3 26 28 
3 6 3 16 
3 24 7 20 
4 17 28 30 10 
5 29 24 10 30 27 
3 7 3 28 
5 9 27 38 3 28 
4 32 3 33 23 
7 20 5 39 33 31 6 10 
7 6 32 35 31 38 5 10 
2 37 24 
3 5 33 8 
2 23 1 
4 3 9 18 34 
3 5 30 33 
4 32 3 5 16 
3 5 15 3 

5 4 31 13 23 17 
15 4 22 15 24 39 5 26 7 6 11 8 29 38 10 37 
9 26 4 5 14 37 9 18 33 19 
18 29 2 13 14 23 25 7 8 11 5 3 1 16 6 34 20 33 17 
10 2 20 40 6 11 4 12 35 9 3 
16 2 9 5 8 22 27 7 40 37 19 16 30 12 28 4 10 
5 2 23 4 24 6 
5 6 12 2 4 21 
9 13 39 6 27 10 40 3 18 5 
5 6 2 17 9 15 
3 2 4 5 
6 5 28 19 16 6 8 
4 4 9 26 1 
5 3 4 22 21 17 
3 10 2 20 
7 4 25 6 12 28 18 37 
4 4 1 10 14 
5 16 9 34 19 3 
4 6 3 12 18 
3 15 4 5 
8 14 30 38 27 26 36 8 22 
6 21 6 2 27 14 31 
4 4 7 1 31 
4 7 34 36 2 
4 16 38 29 4 
6 35 39 3 13 21 2 
5 22 6 9 34 21 
3 12 16 6 
3 4 2 25 
2 6 21 
3 1 23 22 
0 
2 3 4 
4 27 24 18 4 
2 5 26 
3 24 21 40 
4 2 6 16 3 
3 25 2 21 
3 2 26 9 
4 6 5 9 36 

7 19 5 25 15 34 10 4 
17 12 31 7 9 6 18 39 4 34 11 22 37 21 8 20 28 10 
4 4 16 34 5 
13 1 8 7 14 2 6 40 5 30 22 9 3 13 
9 7 4 6 19 3 1 23 10 18 
16 11 5 4 33 28 18 2 24 23 17 27 9 15 25 26 39 
5 4 29 8 2 5 
9 35 2 20 24 33 4 31 29 7 
10 6 11 27 4 13 21 12 17 14 2 
3 1 5 2 
6 6 9 2 18 21 15 
10 21 14 2 38 36 35 16 30 22 9 
3 4 9 26 
4 12 9 4 19 
5 1 28 36 11 6 
2 12 3 
3 6 9 35 
9 39 38 2 25 20 5 34 11 6 
4 14 31 1 5 
4 8 2 18 31 
6 12 29 11 24 9 2 
3 12 4 2 
4 6 34 30 5 
7 25 6 21 27 8 32 33 
6 6 28 32 1 18 24 
2 6 13 
3 9 6 24 
5 25 6 2 32 15 
3 8 21 7 
4 4 23 12 36 
4 20 8 19 2 
3 24 28 25 
3 24 8 6 
5 1 3 18 2 23 
3 12 17 8 
3 12 30 15 
1 2 
2 18 12 
3 6 18 2 
1 4 

9 4 13 6 10 14 20 5 7 21 
10 5 13 11 28 34 31 4 12 9 10 
4 6 4 26 22 
8 5 1 6 23 7 31 2 3 
10 4 32 17 8 24 29 2 1 18 30 
12 1 3 4 7 11 10 13 8 16 9 15 18 
7 23 8 9 4 34 6 1 
6 7 37 35 22 5 6 
3 2 7 6 
6 15 2 6 1 19 32 
10 12 36 14 6 21 2 32 39 27 26 
4 2 13 11 26 
5 1 6 16 2 12 
5 16 11 1 40 29 
3 10 17 6 
4 13 6 14 23 
3 5 15 38 
4 20 22 6 5 
1 10 
5 36 18 37 1 30 
4 24 25 11 1 
4 18 3 36 8 
3 16 7 4 
2 21 5 
4 21 38 31 28 
6 3 12 11 30 35 33 
2 32 11 
2 2 25 
3 5 14 35 
3 5 26 20 
3 2 25 4 
7 5 11 38 37 40 10 27 
1 26 
2 2 7 
3 26 8 29 
3 11 22 20 
3 32 20 8 
3 32 25 17 
1 11 
2 14 32 

7 23 22 10 29 4 5 9 
2 4 32 
18 18 7 15 5 24 31 14 35 17 21 6 4 26 38 39 11 28 8 
13 1 7 3 20 2 17 9 6 15 5 10 13 8 
8 11 1 3 18 12 4 6 37 
15 9 7 3 32 25 24 5 21 27 16 8 28 33 4 14 
6 3 37 4 38 10 6 
3 3 4 6 
6 1 32 6 38 11 4 
7 19 4 1 27 25 7 12 
14 3 17 18 40 27 24 9 21 14 12 16 15 5 20 
6 31 5 15 26 11 10 
8 39 23 28 30 17 19 4 14 
7 30 13 11 6 29 19 3 
6 36 11 3 4 12 16 
5 6 15 40 22 11 
8 4 3 21 13 40 38 11 25 
12 27 5 35 3 26 20 39 36 11 25 24 38 
4 14 13 28 10 
3 4 18 11 
6 36 33 6 11 3 17 
5 1 32 34 16 35 
2 1 13 
4 18 11 6 3 
5 6 10 18 39 17 
3 3 12 18 
5 11 18 29 10 6 
5 33 6 3 13 19 
3 1 27 14 
2 14 13 
3 12 3 33 
4 6 22 9 2 
5 37 6 21 31 28 
1 22 
4 22 3 37 18 
3 18 21 15 
4 35 33 7 5 
5 18 3 17 9 7 
4 25 13 18 3 
3 16 17 11 

6 15 4 38 12 20 17 
3 4 5 6 
18 32 8 18 13 4 5 17 24 23 19 28 31 10 6 30 21 27 37 
16 30 12 23 27 33 1 2 7 6 40 36 5 9 25 8 3 
12 15 4 9 34 14 2 3 30 10 16 35 7 
7 8 2 10 7 4 31 3 
3 5 4 6 
12 24 18 11 4 3 20 6 19 15 30 12 16 
11 17 22 39 5 23 28 29 4 31 12 20 
6 6 3 16 5 19 13 
3 14 8 21 
7 4 25 8 9 26 13 1 
3 10 12 3 
4 34 26 5 11 
6 34 31 8 27 5 1 
6 5 30 10 8 38 19 
4 23 3 9 1 
3 8 39 3 
8 8 32 10 16 22 40 36 3 
3 9 8 1 
2 3 11 
3 9 19 33 
8 9 3 35 25 4 27 17 33 
3 8 3 36 
4 12 4 40 23 
2 14 12 
5 4 23 3 15 29 
3 9 30 3 
2 9 27 
6 5 28 16 3 4 8 
4 6 15 3 9 
4 19 3 35 34 
3 22 4 23 
4 5 15 32 14 
4 5 36 32 23 
6 24 19 40 35 4 37 
2 36 3 
2 1 16 
2 9 18 
4 4 36 25 19 

10 13 6 33 37 14 19 10 4 39 22 
6 31 5 9 22 29 4 
7 4 7 17 32 14 5 8 
20 39 34 5 2 25 6 1 16 33 32 23 3 14 9 21 8 27 10 29 7 
18 9 16 30 21 6 15 3 37 11 25 34 2 4 8 13 18 12 22 
3 5 1 4 
6 37 4 11 3 9 15 
11 28 4 40 29 32 38 14 3 22 26 5 
8 5 16 13 4 2 7 20 11 
6 13 39 11 4 1 18 
7 12 5 9 29 7 26 10 
8 21 11 35 16 33 14 5 20 
7 1 22 39 5 10 9 17 
8 27 3 4 8 25 12 1 26 
5 5 7 24 18 19 
11 32 19 28 5 4 9 33 12 24 22 21 
4 25 3 13 38 
3 10 5 15 
3 15 16 1 
2 12 9 
6 40 23 16 12 4 5 
6 8 13 16 1 2 5 
3 29 4 21 
2 15 16 
4 4 17 5 14 
5 8 14 11 34 35 
4 31 14 36 4 
2 16 8 
5 11 23 2 4 8 
2 39 5 
3 2 36 27 
5 4 16 3 8 34 
4 12 1 4 16 
4 26 4 32 5 
2 26 12 
3 37 31 27 
4 7 1 36 5 
2 8 17 
5 13 1 10 4 30 
2 21 8 

13 18 20 25 40 19 15 4 11 7 6 5 17 31 
11 19 14 5 4 35 12 8 11 30 18 22 
12 7 39 36 24 11 9 4 23 29 13 5 10 
13 3 12 30 16 36 2 6 25 1 10 34 28 8 
3 2 1 3 
12 1 36 23 19 17 10 11 30 28 4 25 7 
6 3 1 6 12 16 17 
7 30 11 4 35 24 26 2 
4 3 26 12 15 
6 31 3 32 13 6 4 
8 8 1 24 20 38 2 6 3 
10 23 24 9 21 35 2 4 40 15 7 
2 10 3 
3 2 37 18 
7 9 1 40 34 19 33 12 
5 4 7 18 36 27 
5 20 1 6 7 38 
6 36 20 1 14 16 2 
4 1 15 2 6 
5 17 27 1 18 11 
1 12 
2 2 38 
4 3 12 6 28 
5 12 8 3 28 11 
4 6 1 4 26 
4 25 8 9 40 
2 20 16 
5 4 23 6 29 24 
3 31 28 3 
5 8 2 6 4 35 
3 1 10 29 
2 10 39 
1 15 
2 15 4 
4 30 8 12 2 
5 6 18 4 3 16 
1 14 
3 11 22 17 
2 32 3 
4 15 26 12 1 

19 22 17 34 25 38 40 20 9 6 39 5 8 4 37 13 14 16 7 10 
8 28 8 11 12 5 4 18 14 
4 25 24 4 19 
3 1 2 3 
6 29 2 6 12 9 1 
17 5 8 30 35 16 39 15 10 1 33 37 20 40 7 17 21 26 
4 6 1 9 24 
5 13 2 15 6 1 
7 7 26 5 32 1 21 20 
7 22 16 14 31 1 17 6 
5 26 2 33 13 14 
4 5 39 2 28 
3 11 1 8 
6 1 2 23 18 11 10 
6 27 23 37 6 32 8 
4 1 10 6 19 
4 1 10 27 6 
8 2 38 35 27 37 36 14 21 
2 16 3 
5 6 1 25 9 22 
5 18 6 40 9 38 
3 20 1 10 
3 14 24 15 
4 23 7 3 28 
3 1 20 3 
3 6 11 9 
3 18 17 15 
5 24 12 2 29 34 
5 28 34 33 5 32 
2 6 31 
2 10 30 
3 15 29 9 
3 6 11 29 
3 29 1 28 
2 6 18 
1 18 
5 15 6 38 1 18 
4 18 1 21 37 
3 1 12 6 
3 1 6 21 

5 9 4 24 29 20 
13 39 24 4 36 15 38 12 6 19 30 5 7 17 
0 
12 7 5 11 8 17 9 2 6 37 30 26 1 
13 24 30 21 13 6 29 27 2 15 4 35 12 11 
10 27 4 32 7 15 9 2 12 10 5 
5 20 25 6 2 4 
3 4 29 10 
5 23 1 18 4 6 
12 39 22 14 19 24 6 13 32 17 16 8 20 
3 27 5 4 
11 2 28 16 38 6 23 22 5 15 31 33 
5 5 10 31 18 29 
2 10 19 
6 2 5 12 35 21 6 
2 12 10 
5 4 2 10 33 21 
2 13 9 
4 2 14 10 33 
3 10 1 7 
5 34 5 26 15 17 
7 26 12 28 23 36 30 10 
5 9 35 31 12 22 
5 10 1 36 5 2 
1 7 
4 22 32 4 21 
4 40 11 6 5 
3 37 22 12 
5 34 13 5 1 8 
4 5 2 4 22 
5 13 40 38 23 12 
3 26 6 10 
3 19 17 12 
3 29 36 21 
3 23 5 15 
4 2 22 34 24 
3 39 4 28 
3 2 12 31 
3 10 2 37 
2 27 31 

2 24 4 
0 
11 10 23 5 11 40 4 8 13 33 24 7 
20 17 22 9 3 5 36 6 16 32 31 7 14 1 30 40 12 27 8 23 20 
11 30 27 32 19 28 8 3 12 6 11 4 
6 39 10 23 5 4 33 
13 18 35 26 29 10 4 25 28 31 3 13 34 9 
6 4 3 5 11 18 16 
9 37 4 22 18 40 7 21 33 14 
8 38 15 17 20 7 13 3 6 
5 8 39 15 3 5 
6 36 37 25 5 21 4 
4 7 3 14 10 
5 21 4 13 9 16 
2 11 10 
5 26 37 4 14 8 
5 22 10 19 4 38 
3 8 9 7 
4 17 32 27 5 
5 25 35 10 4 26 
4 14 34 9 12 
3 9 4 17 
3 4 6 3 
2 3 1 
3 12 20 7 
5 16 31 7 20 29 
5 35 19 5 28 4 
3 27 5 7 
2 7 26 
2 5 4 
3 26 7 4 
4 19 5 34 4 
3 3 9 6 
3 21 7 32 
3 7 20 27 
2 4 12 
3 12 9 16 
2 17 10 
2 6 11 
3 4 3 9 

