6 12 11 7 8 4 47 
15 6 13 7 11 18 25 38 4 9 5 22 36 17 32 10 
12 6 4 17 7 29 20 16 5 19 10 8 9 
12 2 8 5 23 1 3 41 18 28 31 14 35 
11 16 24 6 2 10 4 9 43 3 26 44 
7 17 24 37 5 15 2 3 
8 2 36 19 3 1 38 35 44 
13 38 46 20 3 1 4 40 11 42 22 15 28 45 
10 14 24 2 16 5 26 15 27 20 3 
7 3 2 40 13 5 12 21 
7 12 8 1 45 22 18 2 
13 39 13 27 11 10 23 1 14 19 33 30 35 34 
4 34 10 2 12 
6 4 12 9 21 29 39 
4 8 25 9 6 
4 9 45 3 5 
6 25 6 31 2 48 3 
5 11 37 4 47 2 
6 12 34 28 7 3 32 
7 9 27 8 3 49 21 30 
7 44 14 20 36 23 46 10 
3 8 11 2 
3 4 12 21 
3 9 5 6 
4 17 15 2 28 
4 9 38 5 27 
6 45 44 12 26 9 20 
4 8 19 25 4 
3 14 41 3 
3 12 20 36 
2 4 17 
2 2 19 
1 12 
4 50 13 19 12 
3 7 4 12 
5 7 50 30 2 21 
3 18 46 6 
4 7 2 26 8 
3 12 49 14 
3 8 10 44 
3 29 4 47 
1 8 
1 5 
5 7 21 40 5 27 
5 11 27 8 16 48 
3 21 8 37 
3 1 41 18 
2 17 45 
2 20 39 
2 36 34 

6 4 45 20 15 6 8 
5 19 11 17 5 4 
11 4 6 9 14 5 40 19 44 26 7 34 
15 24 2 1 28 38 12 25 3 11 7 39 10 15 5 49 
22 10 47 35 26 18 17 8 29 2 32 50 6 3 37 14 9 43 40 4 7 11 21 
5 5 12 31 1 3 
17 8 24 31 41 17 13 4 9 12 14 45 10 5 27 30 3 39 
11 47 20 1 44 34 16 7 27 15 42 5 
6 5 7 3 32 50 13 
4 7 5 4 38 
5 5 2 4 13 30 
6 6 4 33 7 16 23 
9 30 22 19 11 16 9 47 7 24 
7 7 18 3 22 5 28 33 
6 41 1 8 4 28 25 
11 25 18 13 36 8 12 22 37 29 46 49 
4 7 5 2 21 
6 42 5 14 48 16 33 
6 23 2 49 20 13 3 
8 8 36 32 1 19 21 48 31 
3 20 5 17 
3 14 13 16 
5 19 12 48 33 29 
4 13 7 39 4 
6 41 33 16 26 4 15 
8 32 3 42 5 43 47 49 25 
3 7 8 31 
6 14 4 30 15 43 42 
4 5 50 16 23 
8 7 13 37 28 50 46 48 11 
5 6 49 7 20 27 
4 5 26 9 20 
6 18 23 41 12 25 14 
2 3 8 
1 5 
3 16 20 40 
3 30 16 5 
2 10 4 
4 7 24 50 4 
3 5 36 3 
4 33 15 7 25 
4 18 8 28 26 
3 26 28 5 
2 8 3 
2 7 1 
2 30 16 
4 5 8 13 26 
4 20 30 18 23 
5 31 19 4 26 16 
5 5 9 29 39 30 

7 15 4 10 5 9 48 6 
3 4 14 5 
4 29 17 13 4 
19 10 20 7 2 36 3 32 37 12 41 16 1 17 8 6 5 33 50 9 
22 28 32 17 16 14 11 1 18 4 6 7 29 2 15 21 10 19 22 31 9 8 26 
11 7 40 37 5 1 4 19 8 24 44 11 
14 5 20 4 12 39 42 18 13 36 11 6 23 47 28 
9 4 24 47 5 34 6 37 42 35 
10 49 15 20 30 5 1 12 41 4 32 
12 4 5 44 1 46 27 16 25 14 33 38 40 
3 6 7 5 
7 48 7 21 9 4 18 13 
5 3 43 45 12 7 
4 10 2 5 26 
5 1 27 34 5 9 
10 46 22 5 19 50 10 24 30 4 31 
7 36 23 38 3 4 5 25 
4 7 21 12 5 
10 46 23 25 48 5 38 6 16 40 43 
3 9 7 4 
5 18 23 12 5 39 
2 16 5 
7 41 7 17 45 19 21 26 
3 6 8 16 
4 17 10 46 19 
6 46 27 5 14 29 23 
6 26 43 50 35 10 15 
6 37 7 48 38 5 36 
5 26 5 34 35 3 
2 16 9 
2 5 16 
3 4 9 5 
2 10 4 
3 15 8 29 
3 8 29 27 
6 28 17 7 4 43 42 
5 6 8 40 4 28 
4 19 10 28 17 
2 21 7 
4 37 10 19 6 
3 23 4 9 
3 7 36 8 
5 27 19 44 13 36 
3 10 43 6 
2 23 13 
5 19 26 16 10 25 
2 7 8 
4 1 12 28 19 
1 9 
3 16 27 4 

14 18 24 14 17 5 33 16 8 6 7 20 4 47 36 
10 9 11 44 10 5 31 7 4 15 24 
10 31 8 38 10 4 21 26 28 20 34 
21 6 3 33 48 8 23 36 1 24 14 9 2 30 12 15 11 7 19 5 26 18 
8 1 2 4 9 6 40 46 37 
6 1 18 20 4 5 40 
8 14 4 31 10 2 13 1 25 
13 21 33 11 32 4 12 3 13 1 50 43 39 44 
8 13 12 27 43 5 2 19 4 
9 15 27 7 46 44 22 2 3 41 
5 16 2 32 4 8 
10 21 28 22 34 9 17 46 8 4 23 
4 36 8 9 7 
10 7 47 16 29 30 22 1 19 4 35 
5 23 17 4 2 10 
5 48 40 11 14 1 
4 30 12 1 15 
4 41 6 1 4 
3 14 9 4 
4 22 6 1 3 
5 28 43 12 3 8 
4 20 12 10 14 
4 15 27 4 12 
4 4 2 1 26 
2 30 7 
3 24 3 4 
7 10 29 23 9 41 39 42 
4 3 21 31 12 
5 47 14 34 45 27 
7 4 33 17 45 35 14 25 
4 28 7 3 2 
2 8 11 
4 30 1 4 8 
4 3 12 29 35 
4 34 39 30 14 
3 4 13 1 
1 5 
1 3 
4 35 44 8 27 
3 16 6 5 
3 18 10 27 
1 27 
3 21 9 8 
5 10 2 39 8 49 
3 29 30 50 
4 49 12 10 5 
3 1 14 29 
2 4 16 
2 46 44 
2 45 8 

15 5 19 26 42 13 10 28 24 4 6 48 7 29 20 8 
2 11 4 
4 4 44 8 5 
28 25 12 1 46 23 16 21 7 22 3 14 43 2 13 35 47 19 20 33 39 18 6 26 11 30 5 36 42 
17 40 37 21 18 16 6 19 1 17 14 26 4 7 10 33 3 42 
12 39 45 9 4 10 5 1 27 8 21 15 32 
17 9 15 14 1 41 23 34 38 16 5 12 43 44 36 4 29 27 
10 1 9 29 15 50 12 6 46 25 3 
6 8 7 20 6 30 11 
5 1 6 5 22 32 
10 25 9 24 2 50 22 4 13 45 37 
4 31 8 7 4 
11 35 43 18 24 38 4 17 1 45 11 37 
4 5 4 31 7 
4 7 6 17 8 
7 5 30 7 23 49 4 34 
5 27 15 39 13 5 
3 4 5 13 
6 28 1 4 39 5 38 
3 1 9 4 
5 6 49 5 26 4 
9 25 4 42 11 35 45 10 37 49 
3 7 16 4 
6 1 39 41 11 25 13 
6 11 4 24 8 29 22 
5 5 27 4 21 1 
6 7 6 17 49 35 26 
3 29 1 19 
7 1 7 32 25 8 28 38 
4 4 16 9 34 
2 14 12 
7 10 29 45 47 37 42 6 
4 5 43 50 4 
4 16 7 30 48 
4 27 4 22 13 
2 4 7 
5 22 13 32 5 11 
4 13 19 7 29 
5 4 17 6 19 24 
1 5 
5 42 7 50 24 45 
6 41 22 5 4 1 32 
4 13 4 33 7 
2 3 7 
6 6 41 32 11 13 22 
2 8 4 
2 32 4 
2 34 1 
4 16 22 21 27 
4 33 11 8 41 

13 41 4 37 11 18 15 9 6 13 21 34 24 5 
12 4 38 31 8 29 39 48 12 44 26 7 46 
15 6 19 4 25 22 49 5 15 44 7 10 30 24 43 48 
11 23 50 5 14 7 2 35 21 3 9 1 
11 6 8 47 11 19 1 12 4 14 15 3 
14 5 30 47 37 14 3 8 25 13 34 17 1 10 11 
7 12 3 44 9 4 50 2 
11 35 21 42 13 2 6 30 5 19 32 10 
9 1 27 45 28 4 16 49 26 7 
6 6 40 24 3 8 41 
11 16 18 5 20 23 22 43 27 31 1 6 
4 5 7 33 2 
8 29 20 43 8 16 6 1 28 
6 5 20 34 4 6 38 
4 5 17 1 3 
7 13 17 11 26 45 9 27 
3 15 16 6 
2 1 11 
3 3 5 8 
7 28 48 11 38 13 40 14 
4 8 4 33 1 
4 46 35 3 11 
2 11 4 
6 10 1 32 50 3 41 
2 3 6 
5 36 28 2 16 9 
4 11 31 9 16 
4 13 26 9 20 
3 2 13 34 
4 6 48 3 8 
3 27 11 2 
3 8 24 40 
3 21 41 12 
5 14 6 1 29 44 
3 4 22 8 
2 26 47 
2 1 6 
3 14 2 20 
1 2 
3 20 32 10 
5 47 1 24 10 33 
1 8 
4 11 3 49 13 
4 2 34 7 3 
2 9 16 
3 22 49 2 
4 5 41 36 6 
4 30 2 3 20 
4 43 9 3 46 
3 24 4 7 

19 42 5 19 36 13 32 4 24 30 40 26 31 8 17 14 49 47 10 7 
13 41 6 11 36 27 43 5 28 9 49 4 8 18 
1 4 
19 47 14 9 13 43 3 38 5 20 46 2 7 12 25 6 27 45 10 1 
13 29 11 6 39 2 1 34 8 16 7 19 4 18 
4 4 23 2 5 
15 10 20 37 1 5 16 28 14 23 4 15 12 21 24 33 
5 2 9 5 34 1 
8 24 50 17 41 8 11 2 4 
12 46 15 12 7 22 27 32 4 48 19 17 1 
5 2 49 42 5 9 
7 15 21 13 4 10 7 50 
8 21 25 28 44 1 16 4 12 
6 7 39 40 22 1 4 
7 22 10 12 20 35 7 37 
3 7 13 5 
6 18 32 10 40 1 9 
6 5 17 2 35 49 37 
4 33 5 1 10 
3 15 4 7 
5 7 12 13 39 22 
9 21 25 14 23 42 45 15 10 36 
3 7 22 6 
3 7 1 9 
5 29 13 32 4 22 
5 28 50 48 1 31 
4 2 36 4 10 
4 7 2 13 26 
4 25 41 36 5 
3 33 1 40 
2 1 26 
5 10 25 1 39 17 
3 7 19 30 
2 8 5 
2 15 18 
5 22 2 29 27 1 
4 38 18 15 7 
2 37 4 
5 32 46 21 14 5 
4 14 17 1 30 
4 2 9 42 29 
5 41 1 11 46 22 
2 2 4 
1 13 
2 22 4 
5 42 4 39 10 47 
3 4 46 1 
2 26 10 
4 11 1 18 2 
3 26 12 9 

16 49 24 26 30 10 29 6 5 40 23 9 4 36 8 18 12 
7 5 8 10 29 19 48 4 
8 4 6 9 45 37 17 7 35 
11 2 5 37 34 16 22 30 3 8 11 1 
17 7 16 11 6 2 25 17 1 21 15 4 13 9 43 14 36 34 
17 15 23 12 21 32 1 7 19 11 30 48 34 40 3 5 50 20 
16 31 3 12 27 18 14 42 5 21 20 28 6 10 16 13 37 
4 22 1 2 4 
6 1 23 20 5 17 3 
8 42 1 7 2 49 47 33 26 
11 27 4 6 5 13 28 25 46 29 19 31 
8 1 27 28 14 6 35 7 15 
3 5 7 11 
4 7 12 50 5 
3 12 6 5 
4 7 5 4 18 
7 32 5 23 9 33 38 3 
4 1 16 7 31 
4 45 2 6 11 
4 9 7 26 6 
4 6 7 5 42 
4 8 25 29 4 
5 1 6 17 44 9 
4 30 39 48 1 
4 26 5 22 11 
4 1 25 20 10 
8 12 30 36 33 34 35 7 11 
4 11 12 29 7 
6 22 31 28 1 2 11 
6 6 1 4 27 38 24 
5 18 44 29 11 7 
4 17 6 35 41 
3 17 10 27 
4 4 27 5 6 
6 37 27 3 45 12 32 
5 1 48 27 5 40 
5 47 4 7 3 35 
2 30 17 
1 24 
4 6 36 43 1 
1 32 
3 10 7 21 
2 40 5 
3 23 31 46 
4 35 50 19 3 
2 44 11 
2 37 10 
4 36 2 24 6 
2 10 1 
3 6 14 45 

8 28 6 7 26 34 4 5 14 
8 4 24 41 5 30 31 44 7 
7 44 22 19 20 37 15 4 
27 15 19 36 50 33 23 45 11 1 14 31 9 5 22 7 12 32 2 8 10 13 39 3 6 18 47 26 
10 10 49 1 6 16 2 4 17 28 8 
13 19 25 20 5 40 12 49 4 33 1 50 42 9 
6 2 8 22 1 11 4 
14 18 9 10 13 11 26 35 14 37 7 17 5 4 29 
7 21 6 29 16 38 4 8 
5 4 43 5 8 13 
5 12 4 49 8 7 
16 24 17 21 33 6 28 35 11 20 43 39 36 32 15 4 27 
6 46 10 4 23 8 24 
3 1 8 4 
3 3 12 4 
3 5 9 36 
4 5 8 12 18 
6 17 43 46 49 8 4 
7 4 41 32 6 24 22 3 
6 38 12 45 33 3 6 
2 12 9 
11 44 48 4 19 35 26 3 40 7 47 41 
4 24 31 4 13 
7 39 23 13 19 12 2 25 
3 6 24 39 
5 43 1 8 22 4 
1 12 
3 12 1 5 
4 8 38 33 9 
2 2 32 
5 44 4 23 2 42 
8 4 38 30 12 41 45 44 19 
5 12 4 20 6 29 
1 1 
5 8 22 39 12 47 
3 16 4 12 
2 8 3 
4 20 32 9 29 
5 35 4 24 25 12 
3 6 22 50 
4 32 2 22 19 
2 31 6 
5 46 26 12 10 18 
5 2 22 3 32 31 
3 32 20 4 
3 18 43 13 
3 4 22 35 
1 22 
4 6 11 18 5 
3 4 6 40 

10 9 21 8 28 23 4 29 20 5 27 
17 19 9 42 7 41 14 39 4 24 6 17 35 5 40 45 22 8 
3 7 10 4 
14 49 47 10 9 3 1 18 29 5 11 2 35 7 6 
9 1 2 6 46 4 21 12 38 43 
9 26 12 2 5 48 24 16 4 10 
14 27 4 14 2 11 40 8 19 16 50 3 34 24 23 
6 7 50 1 15 49 2 
20 38 15 14 41 33 11 2 1 21 26 17 42 20 23 31 16 13 12 4 22 
8 3 6 4 44 18 15 13 37 
9 37 9 4 31 13 17 34 30 7 
8 26 25 6 28 35 9 5 42 
3 9 10 11 
5 21 7 2 9 30 
4 16 9 10 8 
11 42 40 18 7 34 15 6 46 37 9 41 
7 2 29 45 25 11 47 9 
3 16 4 10 
4 2 7 23 31 
2 1 9 
7 38 43 14 5 25 1 9 
4 2 35 27 9 
6 7 36 19 1 27 9 
4 6 2 38 7 
3 12 17 21 
3 12 6 9 
4 1 7 22 23 
6 42 12 1 41 40 30 
5 1 32 17 48 4 
4 11 14 34 28 
4 19 47 9 11 
1 29 
1 9 
4 30 16 7 11 
4 22 12 4 2 
3 23 39 44 
4 11 16 48 10 
5 21 46 5 24 9 
2 2 36 
4 2 28 16 7 
5 28 9 2 48 16 
5 12 2 16 9 28 
3 45 5 21 
2 10 36 
3 2 43 17 
3 16 38 5 
3 31 17 4 
4 41 6 29 37 
3 50 8 4 
3 8 7 49 

6 4 6 16 43 17 18 
8 14 12 5 13 21 4 11 39 
9 8 9 10 5 15 13 32 34 4 
15 5 3 2 7 1 28 24 13 21 26 8 23 15 6 25 
23 3 21 4 29 46 34 33 6 8 7 36 19 12 27 45 24 10 22 37 41 9 2 17 
17 19 4 40 43 46 1 42 9 44 24 7 16 12 11 29 5 20 
3 4 5 6 
8 5 23 11 20 14 3 4 15 
5 6 28 5 10 3 
8 5 3 30 9 22 17 16 50 
6 8 47 2 28 14 6 
3 5 2 6 
3 3 2 4 
12 11 2 25 44 29 8 38 39 36 18 22 46 
7 4 37 33 34 3 36 8 
5 1 40 36 10 6 
5 19 48 1 5 10 
7 45 27 1 14 39 50 20 
3 17 5 6 
7 33 48 25 8 45 6 18 
9 44 2 5 28 32 41 4 31 30 
3 10 5 14 
3 8 32 4 
5 5 4 6 32 46 
3 4 14 20 
2 4 30 
2 5 18 
4 9 4 11 21 
4 5 6 14 47 
3 21 10 26 
1 21 
5 21 3 24 23 43 
3 15 20 5 
5 49 5 15 3 47 
0 
4 5 15 16 14 
2 15 5 
1 14 
3 2 14 18 
3 16 43 6 
2 5 21 
1 6 
4 1 40 32 6 
3 14 21 6 
3 20 18 5 
4 24 6 14 5 
3 11 29 34 
2 17 20 
1 34 
2 10 18 

4 21 11 20 4 
22 5 28 35 15 12 26 42 9 19 40 38 10 16 45 4 39 14 37 30 13 48 47 
21 37 4 14 50 13 25 6 44 18 41 7 47 17 12 8 45 36 30 5 23 11 
14 16 9 34 5 17 3 46 2 10 33 27 1 7 6 
12 6 18 3 21 26 7 4 2 16 8 23 29 
10 9 10 31 4 8 3 26 5 21 13 
5 4 22 3 20 5 
6 3 32 37 6 5 44 
5 31 6 43 4 2 
18 35 20 36 4 12 2 15 11 50 40 45 19 38 14 6 28 32 27 
3 10 1 3 
7 10 2 3 18 50 20 27 
8 3 6 2 33 35 22 49 46 
6 2 23 18 10 30 3 
5 38 32 10 49 2 
4 4 5 27 2 
6 19 25 41 3 40 4 
5 14 12 31 3 5 
5 17 10 2 37 31 
8 43 1 7 12 37 26 42 10 
9 5 44 26 39 25 31 30 1 6 
4 38 7 47 13 
3 5 14 3 
1 29 
4 48 17 21 3 
5 6 2 20 5 21 
6 41 16 38 10 12 4 
2 10 2 
2 5 24 
5 2 3 21 14 35 
11 21 39 35 9 34 32 42 19 6 18 36 
6 31 33 15 10 49 8 
3 13 32 4 
3 31 4 45 
6 36 31 10 2 30 13 
5 3 35 31 48 10 
6 2 20 3 19 44 8 
5 15 10 22 2 27 
4 40 21 31 2 
4 39 10 2 17 
3 17 3 27 
3 20 31 2 
3 45 20 9 
4 37 21 3 8 
6 2 3 10 43 48 34 
3 47 13 4 
4 46 3 22 2 
4 25 36 45 2 
4 32 15 13 50 
4 10 3 49 12 

11 7 5 36 15 49 40 4 6 37 20 13 
9 9 8 13 5 4 10 18 47 48 
4 10 4 8 6 
17 11 36 5 29 1 21 6 40 19 3 7 33 44 2 41 30 39 
14 13 2 29 1 11 23 21 8 9 37 26 36 48 4 
8 7 12 4 33 14 10 3 1 
7 4 1 6 12 25 11 47 
11 5 9 50 26 17 27 15 2 18 32 3 
6 2 8 19 44 22 5 
3 2 3 6 
6 23 4 5 7 25 24 
9 27 34 17 6 7 38 22 18 50 
7 25 5 15 1 28 49 2 
1 6 
3 13 8 1 
1 24 
5 32 12 44 8 19 
6 43 8 46 2 12 29 
7 4 9 17 22 40 34 41 
1 1 
4 5 39 4 47 
4 9 24 12 19 
3 11 5 49 
7 33 42 11 29 22 16 41 
6 7 43 13 35 11 42 
3 8 5 30 
3 12 49 8 
3 13 36 33 
6 48 24 4 18 31 5 
2 26 4 
1 29 
2 17 8 
4 24 4 28 6 
2 19 12 
3 48 46 25 
4 4 5 28 1 
2 5 1 
2 39 12 
3 21 38 4 
3 19 1 4 
3 4 19 24 
2 25 24 
2 25 18 
3 9 4 17 
0 
2 35 18 
3 21 7 2 
4 29 35 5 2 
4 1 27 13 23 
2 8 12 

18 17 22 8 11 5 7 12 38 13 9 41 44 25 37 10 4 24 20 
12 40 39 6 11 45 29 8 23 5 20 4 13 
5 30 4 31 22 27 
18 33 1 7 6 14 43 28 3 26 8 5 2 37 34 39 36 21 9 
18 30 32 41 46 14 2 39 4 27 1 6 21 12 44 15 36 22 47 
10 4 7 32 28 18 10 2 9 5 24 
4 6 42 4 1 
3 1 4 2 
3 1 6 4 
3 6 17 1 
13 2 50 32 21 23 29 16 15 22 38 31 12 1 
10 35 41 14 16 5 1 34 27 22 11 
8 14 1 20 24 2 28 43 42 
5 12 4 13 5 46 
9 43 18 16 38 5 48 24 44 11 
8 23 19 17 30 11 15 12 26 
9 27 39 45 24 1 16 10 38 25 
7 39 41 15 28 20 31 6 
1 16 
6 1 34 30 18 2 13 
7 33 45 11 5 31 4 46 
5 11 1 12 5 3 
6 40 25 11 2 49 16 
6 17 13 15 6 1 35 
6 1 35 32 43 17 23 
5 37 4 16 46 42 
7 5 17 3 45 47 12 28 
6 13 27 4 6 18 49 
2 11 2 
5 5 42 16 20 3 
5 3 18 21 11 34 
4 5 6 11 25 
2 21 4 
4 20 31 4 12 
3 25 12 24 
2 5 4 
3 1 4 26 
4 1 15 11 17 
5 17 5 2 18 4 
2 2 23 
4 18 5 1 12 
5 13 7 50 30 26 
4 4 13 15 25 
3 1 15 5 
4 27 21 2 17 
4 14 21 5 26 
2 27 5 
1 15 
2 28 23 
2 11 42 

7 5 47 27 12 4 8 7 
12 5 22 33 49 4 29 48 24 6 20 10 8 
10 26 4 47 40 9 37 8 31 14 16 
14 6 14 2 7 3 11 15 12 9 1 5 17 28 38 
14 1 31 44 29 22 11 4 45 7 2 41 46 6 10 
11 5 16 4 2 13 33 14 39 10 9 26 
8 45 1 13 11 16 4 5 23 
3 1 3 2 
8 11 4 18 10 3 17 6 29 
11 16 49 5 19 34 27 2 12 50 9 6 
8 5 9 38 23 7 17 47 4 
7 13 16 4 1 10 33 15 
11 26 42 28 14 6 7 40 21 12 23 15 
15 36 48 49 32 35 34 19 31 3 16 13 50 18 4 6 
3 4 13 12 
10 12 20 3 24 43 10 14 7 6 31 
4 4 11 9 38 
11 25 44 14 29 47 26 9 45 46 49 19 
4 25 18 10 14 
4 16 42 2 48 
1 13 
2 5 2 
3 13 7 11 
2 16 2 
3 30 18 19 
4 3 18 6 13 
2 10 1 
3 33 13 4 
4 2 9 5 18 
4 25 41 35 50 
6 37 14 3 5 16 35 
1 14 
4 28 2 6 12 
3 40 14 10 
5 45 31 48 30 14 
1 14 
2 31 3 
3 4 11 17 
1 6 
3 13 34 3 
2 30 5 
3 43 20 13 
2 42 16 
2 5 18 
5 7 5 35 18 46 
3 18 45 5 
4 1 11 18 3 
4 35 20 14 2 
4 14 18 10 2 
3 10 14 30 

3 4 9 17 
5 7 5 4 6 14 
14 37 9 42 5 31 15 41 6 45 33 47 16 40 4 
9 36 5 11 6 1 42 2 8 3 
12 17 26 3 4 11 47 8 2 23 29 7 10 
16 11 10 48 3 17 24 31 7 15 12 2 13 26 21 36 4 
3 2 6 5 
7 35 23 32 4 5 21 30 
3 1 13 3 
7 23 6 19 24 50 21 5 
13 12 29 43 5 44 4 6 17 40 26 42 24 36 
7 19 38 15 6 18 11 28 
5 6 19 18 9 35 
6 2 32 27 20 15 17 
5 6 25 12 14 3 
6 21 3 25 44 20 35 
11 27 18 22 34 39 1 14 6 41 5 11 
5 12 34 13 25 17 
5 45 10 12 42 13 
4 30 14 16 43 
6 6 16 28 38 10 8 
1 17 
3 8 5 10 
6 6 11 10 30 37 39 
3 18 16 15 
3 11 6 5 
2 14 17 
3 21 12 48 
8 46 32 49 41 34 47 11 5 
6 31 20 24 40 33 8 
4 30 3 6 36 
3 8 14 29 
3 30 3 36 
6 29 37 18 42 46 17 
3 8 13 16 
5 4 11 33 31 6 
4 24 34 49 3 
3 21 12 50 
3 24 17 43 
3 11 3 30 
3 3 29 17 
5 19 4 11 34 3 
3 11 20 39 
2 16 11 
4 19 50 3 48 
2 34 29 
3 29 5 3 
3 45 28 6 
2 29 37 
3 45 38 10 

12 12 6 17 25 30 15 43 38 36 4 5 19 
4 34 4 8 12 
24 19 9 11 8 22 12 34 10 7 16 40 32 46 4 28 17 33 39 6 5 43 26 14 21 
17 26 1 8 18 11 3 5 10 23 50 15 9 48 7 45 2 6 
10 4 3 24 33 47 7 49 13 23 1 
3 3 1 4 
20 22 19 39 36 16 49 44 5 12 29 8 25 41 40 15 28 3 9 4 24 
6 7 4 19 2 10 3 
18 14 25 27 7 28 18 34 12 50 13 35 24 38 20 4 16 3 30 
9 8 27 32 38 13 43 3 4 33 
4 30 3 4 38 
11 28 40 21 18 9 45 1 3 2 7 37 
10 20 37 46 9 5 30 14 22 10 35 
3 13 9 3 
6 1 7 4 50 42 20 
3 3 9 7 
5 22 21 1 18 3 
7 17 12 4 19 32 29 9 
7 18 44 3 1 7 45 8 
7 32 26 9 13 39 46 15 
5 12 17 3 23 43 
6 13 43 17 23 7 3 
5 4 5 21 25 22 
3 9 5 7 
5 9 23 7 27 1 
5 20 48 34 4 3 
4 10 9 25 39 
4 12 3 9 7 
4 18 50 31 7 
8 44 41 9 33 13 11 46 1 
1 29 
6 10 34 3 49 18 20 
4 3 5 30 10 
6 32 3 2 9 35 26 
3 13 9 34 
3 47 1 7 
2 12 13 
4 11 9 1 10 
5 3 20 7 48 27 
3 7 12 3 
2 7 30 
1 15 
5 10 22 21 1 3 
3 7 30 19 
3 19 4 12 
4 30 20 3 13 
3 49 36 5 
3 39 26 4 
4 7 32 47 5 
4 29 9 4 15 

16 4 42 21 9 20 48 10 19 6 28 7 27 22 5 18 43 
7 39 5 43 23 4 24 41 
7 21 6 36 4 7 32 40 
28 22 13 31 26 2 38 14 35 3 5 9 41 16 21 36 19 29 1 34 8 10 11 6 27 30 25 37 7 
3 2 4 1 
5 3 4 9 11 1 
8 4 15 3 48 20 1 27 31 
13 23 18 17 35 4 25 10 14 16 13 22 42 38 
8 37 22 6 42 1 27 4 47 
13 19 32 4 21 8 20 1 45 35 27 36 14 49 
9 50 43 41 6 4 24 13 32 35 
4 31 24 26 39 
3 4 11 8 
4 48 8 10 4 
6 31 7 49 16 20 18 
6 41 8 44 15 4 21 
2 8 41 
3 8 15 1 
3 10 1 4 
5 45 1 10 7 15 
6 3 4 25 10 1 16 
4 8 4 9 1 
3 29 8 2 
8 12 29 33 37 28 2 11 46 
4 8 4 28 21 
4 4 12 29 40 
7 1 10 30 7 40 4 9 
4 30 24 1 25 
4 24 23 26 4 
4 28 4 34 27 
4 7 12 4 15 
4 11 10 3 39 
3 24 37 38 
3 30 36 4 
4 8 10 4 11 
6 3 10 4 34 50 42 
4 33 9 24 4 
3 8 33 4 
4 2 44 32 12 
3 27 3 26 
5 16 2 11 17 4 
6 44 8 9 47 36 1 
3 11 1 2 
3 16 39 42 
3 10 46 20 
2 24 45 
2 9 42 
3 1 14 7 
2 10 15 
2 36 11 

3 8 4 5 
2 30 4 
20 15 14 10 24 5 40 18 22 12 32 35 9 37 50 6 29 11 4 19 7 
3 1 3 2 
7 17 22 1 3 8 38 13 
11 12 24 13 37 17 3 8 50 14 30 35 
7 26 48 23 9 20 3 32 
12 28 25 11 12 33 10 23 14 1 5 19 6 
3 3 44 7 
10 15 11 12 3 17 8 46 16 49 48 
9 30 18 15 3 16 8 47 34 10 
8 18 3 33 8 32 6 10 25 
5 5 15 6 20 46 
4 8 28 3 6 
5 13 45 11 3 10 
4 29 50 11 10 
5 24 40 6 10 5 
4 33 12 11 3 
5 26 43 3 8 41 
3 7 27 13 
1 39 
2 3 5 
4 36 50 8 7 
4 6 47 17 3 
2 8 12 
6 42 7 34 35 19 49 
2 20 31 
3 29 8 14 
7 44 37 16 3 28 31 47 
4 46 6 11 2 
3 42 27 29 
3 7 3 12 
5 12 18 40 45 8 
3 26 38 11 
4 3 39 6 26 
1 23 
3 6 3 29 
3 34 5 44 
2 35 21 
3 33 17 3 
1 19 
3 26 31 49 
1 19 
4 38 45 9 29 
3 44 15 33 
3 10 13 30 
3 11 29 24 
2 7 10 
3 42 10 26 
4 16 23 3 6 

7 7 16 11 6 27 4 8 
10 4 32 5 23 18 44 9 13 21 48 
0 
17 26 21 46 34 38 39 11 7 5 19 13 6 1 43 8 2 48 
13 12 17 4 49 13 36 21 18 6 8 2 46 28 
14 7 33 24 5 10 12 15 23 14 11 9 30 4 1 
4 6 9 4 1 
12 50 20 36 13 4 18 1 5 24 30 31 10 
3 2 7 6 
16 14 6 46 33 27 23 47 25 35 39 45 8 17 34 19 40 
7 4 27 6 1 41 16 26 
8 43 5 6 16 20 21 44 28 
7 2 42 8 15 4 41 5 
11 45 6 47 32 29 16 17 42 25 10 23 
5 20 49 13 6 22 
4 14 11 1 12 
4 5 47 14 10 
4 8 5 26 2 
5 4 10 28 33 48 
8 25 40 32 27 12 15 8 22 
4 5 12 2 4 
3 20 15 42 
5 6 10 14 31 2 
3 45 8 6 
3 14 10 20 
6 4 43 11 18 34 29 
8 41 20 39 10 11 37 50 1 
4 19 12 36 5 
2 26 14 
5 44 31 8 38 6 
5 8 30 35 23 38 
3 14 20 2 
4 6 37 10 19 
3 26 10 4 
2 10 31 
4 8 48 5 28 
2 33 27 
3 30 4 31 
3 10 27 4 
2 10 20 
3 27 13 11 
4 44 14 22 13 
4 26 12 49 4 
4 30 2 42 12 
3 10 24 14 
3 5 4 10 
3 17 10 14 
4 19 4 36 2 
3 15 5 43 
2 27 8 

