6 19 16 12 4 6 15 
9 14 8 38 4 20 26 7 5 10 
4 5 4 13 40 
19 1 9 10 19 18 38 23 37 16 29 11 6 5 24 3 22 34 39 2 
15 4 3 6 7 14 29 35 36 8 13 2 11 23 17 32 
14 21 5 7 12 23 1 4 35 9 27 17 22 11 24 
5 2 36 8 5 6 
16 12 7 25 28 10 5 30 33 2 20 9 15 35 27 18 16 
8 22 32 25 27 6 4 8 14 
7 2 20 38 25 19 4 8 
4 4 40 6 5 
7 8 1 6 15 26 13 18 
6 12 31 3 39 26 5 
5 5 2 33 9 17 
5 8 21 12 1 31 
3 1 4 8 
5 6 5 30 33 14 
3 4 12 8 
3 10 4 1 
8 29 21 34 10 31 28 8 2 
6 24 20 37 32 15 6 
5 34 4 9 36 6 
5 5 40 4 39 6 
3 21 4 6 
3 10 9 8 
5 12 28 2 13 37 
3 6 9 8 
4 8 20 30 26 
3 20 5 4 
3 28 8 17 
3 15 20 13 
3 5 9 21 
3 8 17 14 
3 20 4 22 
3 6 5 8 
3 5 7 22 
3 26 21 4 
3 10 4 2 
3 23 13 4 
3 11 23 3 

7 21 19 34 23 4 22 5 
10 28 8 7 5 17 32 9 21 26 4 
4 7 14 4 6 
16 28 2 8 1 29 16 38 40 12 17 3 5 20 6 14 10 
15 6 1 13 30 7 2 11 31 33 10 12 25 37 9 4 
5 12 3 5 4 27 
6 3 24 26 2 5 8 
8 23 2 4 10 7 18 15 9 
8 40 34 15 5 8 2 11 13 
11 26 8 16 14 11 18 38 5 20 4 19 
7 5 10 20 15 9 36 18 
7 22 13 6 4 23 5 16 
5 12 21 9 5 27 
6 36 3 32 10 4 27 
6 9 39 19 11 8 25 
7 24 17 12 4 29 22 10 
5 4 2 16 30 35 
3 10 11 8 
3 10 1 15 
8 37 10 25 11 4 32 34 33 
7 1 28 2 40 13 31 24 
3 12 1 16 
3 1 8 12 
4 38 16 7 21 
6 20 33 39 5 15 30 
4 10 2 29 7 
3 14 13 6 
3 21 4 2 
4 26 31 4 16 
4 25 17 35 5 
5 29 36 21 5 39 
3 20 14 2 
3 5 20 25 
4 20 1 35 9 
4 17 37 34 30 
3 14 31 11 
3 35 20 5 
3 4 24 10 
3 15 25 31 
3 4 21 9 

4 4 8 32 6 
15 17 18 7 26 5 37 13 35 33 6 10 11 4 29 16 
3 5 31 4 
14 25 14 2 9 27 11 1 12 19 34 29 13 3 5 
16 11 23 27 8 6 7 3 19 4 12 31 28 33 37 16 2 
5 1 7 5 18 2 
12 10 24 6 9 2 20 38 8 36 5 25 19 
13 40 20 9 7 5 15 25 38 1 18 10 29 17 
8 35 30 21 7 17 8 22 4 
6 8 15 38 12 2 7 
7 40 14 2 37 33 5 4 
5 4 13 10 5 14 
6 24 12 32 22 4 2 
6 30 15 21 12 11 4 
11 10 16 21 23 14 26 27 8 39 24 20 
4 15 5 23 2 
4 8 40 9 2 
5 22 6 2 39 8 
3 5 4 7 
4 15 7 39 8 
3 14 15 9 
3 9 13 18 
4 5 16 32 15 
4 13 36 7 15 
5 8 31 4 7 26 
5 25 34 15 28 2 
6 36 4 15 5 34 28 
3 26 5 27 
4 8 2 30 4 
3 9 29 14 
3 3 25 5 
3 23 13 1 
3 5 11 2 
4 26 27 4 35 
3 2 9 34 
3 7 24 27 
3 5 11 2 
3 10 7 8 
3 20 15 18 
3 11 17 8 

1 4 
15 21 4 10 22 13 19 35 14 15 7 29 18 5 8 9 
11 5 21 7 11 6 12 13 32 31 4 9 
15 25 1 6 14 16 10 7 3 26 31 5 30 11 2 23 
19 10 3 38 4 36 2 22 23 24 15 16 32 12 29 26 17 35 6 18 
14 15 11 21 4 8 27 30 36 18 24 9 5 3 25 
6 12 8 3 2 4 16 
3 7 6 2 
4 6 2 13 3 
7 2 34 39 23 4 17 5 
9 19 4 14 35 3 6 20 17 33 
5 3 37 7 5 28 
4 29 9 2 3 
7 11 2 22 25 20 4 28 
5 5 31 6 2 27 
3 5 7 4 
9 34 10 11 20 19 27 33 24 5 
3 5 6 2 
8 11 40 32 26 17 34 36 2 
5 11 14 33 28 17 
3 2 3 6 
4 5 2 38 14 
4 10 4 5 40 
3 17 5 6 
3 14 4 6 
4 4 37 19 5 
3 15 17 6 
4 20 37 14 12 
4 13 5 30 2 
3 4 6 29 
3 3 4 15 
3 5 19 3 
3 17 11 20 
4 10 17 19 39 
3 2 11 5 
6 39 40 5 38 19 6 
3 12 26 28 
3 36 22 5 
3 34 36 10 
3 36 19 23 

6 32 14 4 5 34 39 
5 6 23 37 7 4 
20 17 29 10 20 9 5 14 32 13 34 22 30 25 18 16 6 21 7 4 33 
18 2 35 5 20 27 9 29 8 26 12 19 11 7 23 17 1 32 3 
10 3 4 13 27 11 15 18 6 1 12 
7 38 26 8 5 3 10 2 
11 24 16 11 14 4 27 9 2 8 22 3 
6 35 6 7 33 30 4 
13 12 16 4 31 7 13 26 33 10 3 28 22 15 
4 3 6 9 18 
5 4 24 36 5 7 
6 4 31 15 5 9 28 
7 17 3 5 9 37 40 24 
5 1 25 3 7 19 
4 12 9 25 5 
6 7 3 31 19 23 9 
4 28 3 4 13 
8 5 29 21 3 35 10 39 20 
5 21 14 38 4 16 
4 38 18 3 4 
3 18 3 19 
3 3 9 7 
4 4 30 16 2 
4 13 39 11 7 
3 3 15 14 
3 4 9 6 
5 7 4 34 5 37 
5 40 17 9 12 36 
3 4 3 18 
3 8 23 3 
3 12 16 9 
3 4 1 3 
3 9 3 8 
4 27 1 3 40 
4 8 18 36 4 
3 11 35 28 
3 27 13 2 
3 19 20 6 
3 18 24 1 
3 28 34 13 

7 4 8 5 11 18 34 13 
5 18 4 5 10 7 
14 6 5 23 10 4 11 14 7 20 13 17 30 31 38 
16 7 16 1 40 6 20 9 28 31 27 15 35 37 2 19 3 
10 21 6 1 11 36 3 8 2 25 13 
13 35 30 8 18 4 5 32 39 24 3 36 9 27 
10 14 24 28 39 9 2 4 12 10 3 
7 1 5 26 17 6 22 15 
6 12 6 4 31 7 23 
7 29 24 26 2 7 3 16 
10 12 1 3 5 25 21 19 17 38 34 
4 28 11 7 9 
8 15 14 5 29 3 34 1 20 
5 7 33 3 32 13 
8 4 8 30 13 27 26 16 22 
6 22 37 23 10 15 4 
4 11 33 8 3 
7 19 21 1 2 6 32 40 
3 11 4 18 
4 4 13 3 25 
3 11 5 18 
4 16 39 15 8 
3 9 3 16 
3 6 10 7 
4 5 11 20 38 
4 29 10 8 15 
4 15 4 6 36 
3 4 7 12 
3 13 26 10 
3 3 15 6 
5 9 33 4 3 35 
3 14 18 6 
4 37 17 31 14 
3 13 11 1 
3 4 6 31 
3 27 6 5 
3 4 16 33 
3 11 3 25 
3 6 22 7 
2 4 18 

2 11 4 
4 36 6 5 4 
16 4 13 5 10 30 17 34 20 35 29 38 6 19 18 12 16 
25 33 26 7 17 14 11 16 8 15 20 34 1 13 25 2 6 22 10 9 3 12 36 19 5 29 
8 2 13 8 23 3 4 7 36 
12 18 25 7 9 28 26 27 4 2 11 3 31 
10 37 39 6 14 5 8 9 4 21 24 
9 10 38 15 4 20 5 16 7 14 
4 15 4 6 7 
8 31 18 4 22 12 3 8 39 
3 1 4 6 
4 10 3 4 17 
3 5 3 4 
8 7 35 29 4 40 32 8 24 
8 24 25 9 40 4 34 8 26 
5 21 3 8 4 32 
9 23 3 32 27 37 30 22 12 4 
4 19 10 6 3 
5 18 3 4 21 33 
6 28 4 27 23 8 3 
3 16 7 19 
4 4 17 38 10 
3 5 17 20 
4 15 37 14 7 
6 39 15 6 40 28 4 
4 4 15 6 30 
3 17 20 6 
4 6 33 25 20 
4 14 3 4 31 
3 3 26 17 
3 6 29 10 
3 17 16 14 
4 4 28 19 35 
3 15 4 3 
3 14 33 3 
4 4 2 40 5 
3 7 17 24 
3 22 8 3 
3 7 10 25 
4 25 36 15 14 

7 6 14 21 5 28 7 4 
11 13 19 5 27 24 11 8 4 20 39 14 
8 12 6 4 27 5 25 17 15 
12 32 1 16 2 6 24 38 11 3 9 19 15 
20 8 34 17 40 7 12 22 26 3 29 9 23 10 15 19 32 30 2 1 16 
9 8 7 37 13 4 1 3 27 29 
10 18 5 17 31 12 38 11 39 6 1 
11 28 9 35 33 5 6 10 2 16 34 22 
4 10 5 4 8 
6 5 28 13 24 8 9 
6 39 2 7 4 23 20 
6 18 7 14 3 36 5 
6 26 6 2 25 10 21 
5 12 2 18 1 37 
3 5 3 4 
6 25 5 31 8 4 35 
6 22 20 7 3 5 33 
6 30 21 12 14 37 7 
7 32 5 4 23 2 26 29 
3 17 2 11 
4 36 1 18 13 
4 5 8 35 17 
3 11 19 5 
4 31 2 4 10 
3 16 3 13 
3 5 19 13 
3 2 6 3 
4 33 10 8 1 
4 30 6 19 5 
3 29 18 5 
4 24 36 7 16 
4 4 40 19 5 
5 38 8 34 28 17 
3 33 5 8 
3 22 8 16 
3 31 21 12 
3 14 6 18 
3 33 7 4 
3 2 7 11 
2 5 32 

1 4 
13 21 39 4 26 20 13 32 9 6 17 5 7 28 
15 4 18 16 36 9 14 5 6 10 12 21 13 20 40 8 
13 27 3 2 10 29 7 23 35 33 6 1 5 11 
9 20 15 31 4 13 2 28 3 14 
9 2 19 7 22 17 8 3 12 4 
11 29 12 38 6 2 18 11 22 9 4 8 
13 3 19 16 24 7 22 23 34 11 10 6 15 21 
4 7 28 3 2 
9 25 18 24 40 15 19 3 8 4 
6 4 8 31 26 14 7 
8 27 38 34 7 3 26 17 6 
5 16 5 2 3 37 
6 11 32 3 29 31 5 
4 8 5 10 36 
5 8 33 37 3 13 
3 6 12 2 
4 3 7 10 39 
4 8 10 6 23 
3 5 3 2 
4 3 34 8 2 
6 8 25 24 6 7 30 
6 27 19 8 25 30 4 
4 22 40 10 8 
5 30 39 10 23 22 
3 2 12 11 
5 23 35 4 12 38 
4 2 9 33 5 
3 4 7 14 
5 37 35 25 23 22 
4 11 14 5 32 
3 2 31 14 
3 4 28 16 
3 12 21 8 
3 27 4 30 
2 3 15 
3 13 16 30 
3 27 7 12 
4 2 25 40 18 
4 39 10 3 24 

9 22 4 5 14 8 19 28 7 35 
14 8 19 23 34 12 14 27 5 11 9 7 4 25 6 
9 18 4 39 13 38 10 16 5 20 
8 30 6 2 8 9 1 10 3 
11 7 6 17 1 27 3 13 2 14 32 26 
5 16 2 33 4 5 
8 10 12 40 5 2 35 1 38 
12 21 4 39 11 9 26 33 23 2 1 22 12 
11 21 2 8 30 15 11 23 24 18 13 4 
8 3 20 32 7 4 33 26 29 
11 17 20 15 35 9 25 24 2 31 28 8 
3 8 2 7 
12 21 18 28 3 24 37 9 22 36 27 5 15 
6 2 16 5 1 34 30 
7 13 40 17 11 25 29 9 
4 14 3 29 6 
3 11 5 15 
5 19 3 9 13 37 
5 18 31 2 36 1 
4 31 3 10 11 
3 9 13 8 
3 1 13 8 
3 9 2 8 
4 40 11 13 9 
3 11 15 2 
4 10 5 8 38 
4 13 34 2 5 
3 11 1 13 
3 10 16 15 
4 4 9 32 14 
3 11 20 19 
3 30 5 10 
3 8 6 10 
3 27 2 14 
4 1 36 7 11 
3 35 13 19 
2 18 13 
3 7 3 26 
2 3 8 
3 24 15 7 

4 9 4 6 5 
22 8 36 38 5 6 20 10 14 15 4 32 9 7 27 12 22 35 37 16 13 40 29 
4 32 16 4 33 
11 30 5 1 39 2 7 31 24 11 3 17 
23 2 26 12 15 10 19 4 18 22 13 29 35 32 7 14 9 6 27 28 8 16 31 1 
6 23 2 5 1 27 34 
14 11 34 36 31 22 26 33 4 2 23 19 18 5 8 
6 5 10 21 24 7 2 
5 5 11 25 1 2 
4 2 8 5 17 
4 9 7 4 12 
8 11 29 15 2 21 26 13 5 
8 5 20 14 25 12 30 18 2 
4 17 2 13 5 
6 12 5 21 39 20 2 
5 2 37 5 38 3 
5 40 4 25 14 10 
8 33 13 23 7 19 39 24 5 
3 18 7 5 
3 15 13 2 
3 15 8 12 
4 34 2 7 5 
4 6 30 7 18 
5 8 18 4 28 40 
4 28 13 17 9 
3 7 5 12 
4 37 5 2 6 
3 25 24 5 
3 12 5 2 
4 38 23 4 13 
3 5 4 7 
4 39 5 2 3 
3 7 3 18 
4 7 22 6 36 
2 2 5 
4 34 37 7 2 
4 16 2 36 27 
3 16 30 2 
4 32 15 18 4 
3 2 24 17 

2 4 7 
10 20 29 4 9 5 15 6 12 8 19 
4 4 10 5 26 
18 5 18 38 39 22 30 12 36 6 24 16 3 34 1 2 9 33 7 
8 25 21 33 17 6 4 3 2 
11 26 2 4 9 17 13 7 8 11 5 38 
19 19 22 4 20 35 8 15 32 14 6 1 37 33 40 34 36 11 10 29 
6 2 6 12 30 7 34 
12 21 14 22 6 4 2 28 27 10 13 18 11 
9 23 7 14 3 16 9 31 19 15 
6 25 6 13 7 9 35 
3 8 4 2 
4 9 11 16 6 
7 20 9 10 18 23 7 21 
5 7 28 10 2 31 
6 28 10 4 13 27 17 
6 37 5 6 16 35 40 
3 9 4 14 
4 2 10 24 7 
6 31 23 39 7 14 2 
6 25 5 27 14 9 24 
5 37 9 4 7 26 
4 30 14 20 10 
3 4 21 19 
3 11 21 5 
3 6 3 22 
3 9 16 21 
7 29 15 9 16 36 39 38 
3 2 28 7 
3 23 4 8 
4 35 20 15 10 
2 36 7 
3 4 7 5 
3 7 8 4 
4 17 31 7 11 
4 28 7 4 32 
3 17 7 22 
3 6 28 4 
3 28 4 20 
2 7 17 

11 5 26 24 7 9 39 34 10 36 4 6 
5 33 4 9 15 38 
6 5 4 25 21 31 6 
26 20 15 8 37 1 18 10 2 24 35 19 25 27 40 9 14 13 5 16 12 17 29 7 3 11 30 
18 30 10 1 37 6 11 40 12 3 17 4 23 13 8 7 36 31 35 
8 1 3 30 5 28 34 8 15 
4 1 21 4 5 
4 4 6 18 5 
6 1 13 4 12 2 16 
8 20 14 19 1 4 33 5 11 
6 22 4 5 23 14 10 
5 5 40 32 4 9 
5 17 5 4 9 18 
5 38 4 10 37 11 
11 32 24 2 28 38 23 6 26 4 16 27 
6 22 15 20 9 4 25 
4 28 13 4 5 
7 8 21 31 13 4 19 27 
6 29 4 34 18 22 10 
5 10 29 4 16 32 
3 18 3 7 
3 19 11 16 
5 36 5 26 15 11 
3 15 4 1 
3 16 3 4 
4 15 33 1 23 
3 4 18 15 
3 17 15 6 
3 20 19 4 
4 32 6 5 4 
5 5 40 3 32 18 
5 12 20 30 15 31 
3 10 2 26 
3 19 1 6 
2 4 5 
3 1 5 23 
3 5 14 4 
3 15 14 2 
1 1 
4 12 31 5 4 

9 9 18 36 8 5 31 13 40 4 
10 7 31 15 11 4 35 5 6 22 26 
1 4 
22 1 19 14 6 5 23 22 39 3 30 8 10 11 21 20 24 7 28 29 25 17 2 
17 37 21 33 17 4 8 12 1 35 7 16 9 6 30 34 10 2 
10 14 12 16 4 2 26 13 32 5 25 
8 23 5 4 15 27 2 22 33 
5 4 9 5 10 1 
7 40 1 5 8 34 29 30 
12 8 13 5 28 40 32 12 25 20 38 11 4 
8 35 27 19 4 10 17 15 2 
4 18 5 6 10 
9 10 27 37 24 1 14 16 6 20 
4 4 32 6 13 
5 2 36 7 11 31 
5 5 13 18 29 6 
6 5 19 11 23 33 4 
4 12 1 16 39 
4 17 4 11 21 
3 4 10 13 
6 28 5 4 19 39 26 
5 4 38 7 24 2 
3 4 7 17 
4 4 37 13 22 
3 6 4 10 
3 21 6 2 
3 13 11 7 
3 4 21 10 
3 4 9 16 
3 5 4 9 
3 2 15 1 
4 14 6 10 39 
4 5 17 7 35 
3 9 5 39 
4 33 11 5 2 
2 1 15 
3 13 24 5 
2 10 22 
5 34 18 4 32 21 
3 9 10 1 

9 38 29 35 4 18 24 6 14 10 
6 8 16 9 26 5 4 
7 37 7 4 36 38 22 5 
15 13 11 20 16 6 15 1 12 8 27 24 35 3 5 2 
10 14 7 2 6 16 37 39 3 18 4 
10 4 25 11 5 7 20 1 39 19 10 
10 17 5 9 8 21 11 13 3 6 34 
8 21 9 7 39 2 4 12 10 
4 2 8 7 18 
11 37 23 17 1 34 31 29 27 6 12 8 
10 7 22 4 15 26 13 31 33 6 29 
8 15 8 4 36 30 10 21 14 
8 25 4 26 28 11 30 27 7 
8 12 1 17 24 5 23 20 32 
7 33 19 22 4 12 11 23 
3 2 4 5 
7 40 14 34 10 32 7 19 
3 1 5 9 
3 17 6 15 
7 14 30 40 4 35 28 6 
4 8 28 7 12 
4 25 11 3 15 
4 10 14 38 15 
4 1 14 4 36 
4 22 33 13 6 
3 11 2 13 
3 13 4 10 
4 21 34 20 13 
3 11 10 1 
3 20 12 13 
2 10 11 
3 14 36 17 
3 15 25 11 
5 7 28 17 38 10 
3 1 20 4 
4 3 12 32 24 
3 3 10 5 
4 34 3 1 23 
3 5 8 6 
2 20 17 

14 9 25 6 7 4 28 11 8 17 22 16 21 5 38 
4 6 4 19 5 
4 18 34 36 4 
18 11 8 3 18 6 40 7 26 5 32 30 23 20 2 24 16 13 1 
9 9 1 28 4 10 7 2 33 17 
9 1 35 12 21 4 11 2 14 37 
19 12 37 18 5 4 13 15 22 33 8 1 39 20 23 27 10 19 9 35 
10 12 32 15 33 1 26 7 10 14 4 
5 7 1 13 5 22 
6 27 23 8 16 5 7 
5 4 14 21 1 6 
5 7 6 29 15 8 
6 25 28 9 4 31 7 
6 11 31 17 6 19 8 
4 7 12 40 8 
6 4 25 1 29 36 10 
3 14 5 1 
6 30 24 3 4 37 7 
7 32 2 34 27 7 20 14 
5 7 19 38 26 4 
4 1 36 11 6 
5 7 9 1 24 35 
4 30 7 4 10 
3 4 22 18 
3 16 13 1 
3 8 20 4 
5 31 19 10 7 32 
3 1 5 13 
2 16 12 
3 23 18 4 
3 27 14 13 
4 19 4 27 8 
3 8 7 5 
2 3 19 
3 6 22 7 
4 3 21 16 40 
3 6 18 7 
2 1 20 
1 7 
3 15 36 4 

3 23 10 4 
8 24 26 11 5 20 7 31 4 
9 7 6 36 24 21 8 5 23 4 
16 6 5 16 9 11 39 3 7 12 2 22 21 24 14 8 1 
15 9 2 13 33 22 3 40 8 30 38 12 21 4 6 23 
13 16 13 3 36 4 34 19 9 28 37 29 5 26 
14 33 29 3 19 40 27 35 2 11 10 14 4 13 38 
7 17 15 3 27 5 4 31 
8 5 6 12 35 36 4 10 18 
5 7 1 22 20 9 
7 4 14 18 25 7 26 2 
10 27 15 38 17 29 30 20 5 4 9 
7 35 6 15 18 5 19 7 
9 7 17 16 11 33 32 34 40 4 
3 13 8 12 
4 30 4 6 14 
5 39 14 8 25 12 
3 13 9 11 
4 7 6 13 31 
4 2 25 10 12 
3 5 4 3 
4 4 10 37 5 
3 3 1 5 
5 3 34 28 2 4 
3 20 11 17 
3 11 6 2 
5 12 31 8 7 34 
6 39 40 38 24 29 6 
4 28 12 7 6 
3 12 16 5 
4 19 27 8 2 
1 14 
4 39 7 5 14 
4 14 27 24 6 
3 9 13 7 
3 9 6 3 
2 6 22 
4 7 28 12 5 
4 4 33 28 17 
4 5 14 28 7 

3 7 33 4 
7 7 18 38 4 22 5 24 
10 25 13 8 4 9 5 10 22 6 28 
15 24 2 5 1 8 6 35 3 11 30 15 13 23 12 18 
5 2 3 8 6 4 
6 20 5 7 3 34 4 
14 2 30 28 14 11 36 21 1 10 12 9 29 19 6 
17 15 5 19 25 38 17 39 31 12 13 3 22 21 9 10 16 4 
6 7 3 31 8 20 37 
7 3 30 8 7 18 11 14 
8 10 24 39 26 4 7 16 36 
8 27 14 25 35 20 7 4 8 
7 26 17 8 4 3 27 32 
8 7 19 15 40 34 21 10 12 
7 16 4 29 8 14 17 33 
3 15 8 11 
5 31 15 13 8 28 
4 4 2 10 23 
6 23 26 39 7 8 14 
3 6 12 9 
3 8 7 14 
3 2 8 3 
4 19 4 18 36 
3 2 11 4 
6 32 39 28 12 8 3 
3 11 13 19 
4 37 12 32 13 
4 25 3 7 17 
2 15 7 
3 4 10 7 
3 17 9 8 
3 25 13 27 
2 1 15 
2 6 14 
2 4 12 
3 11 23 7 
2 27 9 
2 8 2 
4 25 19 8 11 
1 14 

7 19 11 20 6 5 17 4 
11 5 12 4 26 34 6 16 36 9 15 22 
3 4 10 7 
15 16 8 34 9 13 5 15 24 36 28 3 1 14 2 33 
21 1 9 17 14 40 27 28 31 12 6 15 36 7 4 2 18 37 10 22 11 25 
10 23 2 28 13 5 21 30 8 1 7 
8 18 3 11 8 20 23 6 5 
8 6 12 18 24 4 39 7 21 
7 40 10 2 5 19 33 4 
8 3 30 9 5 32 22 17 29 
8 13 35 37 5 1 39 7 26 
5 30 8 5 19 2 
8 25 11 21 6 32 35 4 14 
4 13 4 38 5 
6 4 16 27 2 29 5 
7 2 33 15 29 23 37 4 
3 1 5 10 
6 20 8 25 7 5 31 
4 24 1 12 9 
3 7 1 18 
5 13 35 8 6 32 
3 10 2 5 
3 6 16 7 
3 4 19 8 
6 27 32 29 13 5 18 
2 11 2 
4 40 15 25 5 
4 5 4 34 6 
5 33 16 10 25 15 
4 10 6 12 32 
3 18 35 5 
5 25 10 13 21 30 
5 16 9 37 29 4 
3 2 4 28 
5 40 21 13 11 31 
5 38 37 5 2 4 
5 33 5 11 16 36 
2 14 36 
2 8 11 
4 5 27 9 35 

9 30 20 7 5 13 16 4 10 12 
5 14 12 11 4 39 
15 31 16 5 35 40 9 10 11 23 15 7 34 4 17 6 
15 6 1 18 35 9 5 38 24 21 3 2 23 15 33 8 
12 4 32 36 13 18 20 27 3 29 6 17 1 
12 24 4 13 19 7 5 3 16 33 27 18 8 
8 8 1 9 6 11 10 3 25 
6 7 19 20 6 4 36 
8 3 7 29 24 31 4 22 30 
8 3 12 15 14 26 7 1 28 
7 39 19 38 37 7 2 3 
6 1 10 22 25 31 2 
6 5 22 14 6 1 21 
5 13 26 2 10 34 
3 10 4 3 
5 17 33 1 6 3 
6 16 38 3 35 23 5 
5 21 5 32 4 6 
4 8 6 11 29 
4 28 1 8 5 
5 4 18 27 37 13 
3 13 9 12 
5 38 27 3 17 4 
3 4 6 9 
5 12 39 31 26 7 
3 14 25 10 
4 23 5 21 6 
3 34 20 10 
3 5 19 9 
2 9 1 
4 3 12 25 9 
3 18 38 5 
4 16 6 40 4 
3 14 28 3 
3 17 4 3 
2 5 8 
2 21 11 
5 11 4 17 23 32 
3 2 25 11 
2 33 3 

5 13 5 20 7 4 
11 17 10 11 7 12 22 20 5 39 4 26 
13 6 8 4 31 11 9 10 34 32 40 12 20 36 
16 15 7 8 33 11 18 13 12 2 3 6 25 5 38 9 1 
11 9 34 18 24 4 16 2 21 22 6 1 
11 4 5 30 16 21 23 17 35 29 3 22 
9 2 23 36 4 14 8 28 27 1 
5 7 3 33 10 4 
3 3 5 4 
6 8 37 2 17 3 19 
10 3 26 4 39 2 38 23 13 40 14 
4 4 3 15 2 
7 15 1 4 11 14 30 24 
8 11 7 13 29 18 30 27 16 
8 35 31 4 12 24 32 19 13 
3 6 5 14 
4 6 10 2 28 
7 4 25 21 19 5 36 14 
4 15 40 10 18 
3 1 3 2 
3 18 6 5 
3 6 5 2 
3 7 11 6 
7 13 36 40 39 25 15 5 
4 4 18 26 24 
5 2 11 40 32 25 
4 28 30 14 7 
4 34 27 7 17 
2 14 6 
4 14 13 6 27 
2 15 3 
3 3 26 15 
2 8 4 
3 3 28 5 
3 37 6 15 
4 3 18 7 24 
2 35 10 
2 11 4 
3 2 11 24 
5 3 24 26 19 11 

7 13 9 4 22 11 18 39 
8 10 12 5 36 34 7 4 15 
9 19 4 23 9 5 20 6 28 22 
14 9 3 6 13 10 19 1 5 26 29 11 16 7 2 
14 18 37 8 24 25 26 4 11 2 21 36 15 6 3 
13 8 12 10 25 3 21 31 7 14 4 13 5 17 
10 15 6 8 12 35 4 39 37 2 22 
5 17 14 6 7 5 
5 4 3 24 1 16 
6 2 23 33 6 4 14 
5 1 31 5 28 4 
7 23 7 18 6 40 2 27 
6 20 6 28 4 1 16 
5 8 19 10 6 26 
9 5 2 33 7 24 17 20 38 31 
7 9 25 39 35 13 29 4 
4 21 8 15 6 
3 12 5 1 
5 4 3 33 34 14 
3 13 3 15 
5 31 33 6 17 5 
6 27 1 26 3 39 7 
5 25 3 28 10 12 
4 5 32 15 9 
5 5 23 6 16 34 
6 5 22 29 37 14 4 
2 22 12 
5 23 13 3 35 11 
3 26 4 16 
1 37 
4 21 6 15 11 
1 24 
5 19 15 21 10 38 
3 2 25 19 
3 16 7 28 
2 2 5 
4 30 5 7 26 
2 15 33 
4 16 22 1 7 
1 12 

8 6 4 26 13 36 20 5 19 
13 14 11 9 7 4 10 20 5 23 32 36 30 21 
1 4 
14 30 7 8 5 29 6 22 1 38 17 13 3 2 21 
10 17 24 29 2 6 16 8 4 10 1 
18 26 1 7 12 8 24 4 5 19 18 25 15 14 10 13 40 29 9 
9 6 9 2 4 12 27 35 16 11 
3 6 5 4 
4 6 2 7 40 
11 36 11 25 16 15 12 21 6 5 2 33 
14 22 2 34 35 32 7 10 31 18 33 14 15 30 23 
4 37 7 10 6 
4 1 6 18 4 
8 31 6 39 17 2 11 20 23 
4 6 11 33 10 
5 39 5 7 10 40 
3 5 14 4 
8 25 11 13 19 27 38 22 6 
3 18 6 1 
5 1 27 2 32 14 
4 34 4 2 10 
5 4 18 11 38 30 
4 2 36 11 14 
5 30 6 5 29 27 
3 10 18 6 
4 38 6 32 1 
4 18 24 20 7 
0 
7 5 40 24 4 6 30 32 
6 22 29 11 24 2 4 
4 14 35 11 37 
5 26 29 11 20 2 
4 40 15 10 11 
2 21 11 
3 31 11 7 
4 10 1 23 2 
2 12 31 
4 18 26 22 4 
2 16 14 
5 6 16 9 29 33 

9 14 9 6 5 13 7 15 8 4 
12 15 30 9 28 4 13 11 31 26 12 10 5 
12 6 19 4 18 20 10 7 31 5 21 32 16 
9 2 1 26 10 3 22 23 36 32 
17 33 12 3 32 16 24 2 25 13 6 9 23 14 20 1 7 11 
10 36 3 17 1 31 27 5 8 11 19 
7 5 17 8 3 35 1 38 
10 35 6 22 34 20 29 7 1 17 24 
5 5 12 2 40 1 
9 25 23 37 3 18 4 26 2 24 
4 2 5 29 6 
5 2 5 9 16 30 
5 5 14 2 38 1 
10 5 13 29 28 37 19 15 30 1 21 
5 40 14 2 1 21 
4 5 27 12 3 
5 6 28 8 7 18 
3 10 17 3 
3 6 3 14 
4 28 5 3 8 
4 14 3 34 15 
3 27 8 4 
6 34 5 4 28 24 10 
6 10 23 5 31 26 8 
3 5 28 10 
4 10 24 2 4 
3 16 22 6 
10 37 23 20 17 14 32 2 35 25 38 
3 11 8 14 
3 14 2 12 
5 2 3 6 37 24 
4 5 28 3 4 
1 5 
3 21 8 23 
3 28 7 8 
2 4 6 
5 31 14 10 39 28 
3 7 28 13 
1 37 
2 9 15 

11 10 12 4 8 7 11 19 13 5 9 6 
8 7 4 36 24 34 5 37 39 
1 4 
21 36 17 16 3 7 12 21 8 27 15 32 2 13 5 22 6 34 33 1 9 28 
8 11 2 1 12 29 17 4 6 
14 27 20 37 8 26 35 9 5 1 16 15 33 4 10 
4 21 2 1 4 
6 15 11 1 4 32 6 
8 39 4 36 38 10 1 6 28 
8 23 26 39 34 18 6 9 1 
10 5 19 1 25 31 13 20 27 8 14 
13 18 28 5 14 31 32 1 20 22 4 29 30 16 
6 1 30 40 4 11 14 
9 38 12 37 11 13 23 25 26 21 
6 4 18 6 17 8 24 
6 30 4 6 33 19 12 
3 5 15 4 
5 10 12 39 36 15 
4 11 22 16 1 
3 11 12 6 
3 4 7 14 
3 19 4 12 
4 38 10 25 14 
2 15 2 
7 39 33 11 14 23 40 35 
4 27 10 14 6 
5 26 6 34 11 4 
3 9 4 12 
3 12 5 33 
4 34 12 13 16 
2 11 12 
3 4 8 12 
5 6 25 29 16 4 
5 2 10 4 27 30 
3 6 37 25 
5 18 9 4 2 39 
4 35 2 14 6 
3 23 14 9 
6 2 36 9 18 25 10 
2 25 13 

9 14 13 24 23 4 6 31 7 5 
4 4 21 6 5 
7 19 4 21 9 37 32 15 
21 10 12 7 28 5 33 24 23 1 6 14 26 3 32 37 9 18 2 30 8 16 
9 30 20 1 2 19 8 4 25 15 
16 10 22 2 20 8 11 17 4 38 15 31 19 9 36 7 1 
5 38 11 1 4 6 
8 10 26 5 28 6 4 13 12 
6 4 11 25 6 28 3 
7 8 27 6 36 4 13 14 
7 26 6 12 7 29 22 9 
11 18 11 34 35 33 39 16 31 8 4 17 
5 8 10 27 1 35 
8 16 29 35 4 10 18 17 1 
4 33 6 5 3 
3 14 4 12 
4 6 14 35 12 
5 25 4 14 12 29 
4 3 6 23 5 
3 24 5 6 
3 22 2 3 
4 6 21 40 11 
3 19 1 4 
3 20 4 1 
4 38 18 5 9 
3 8 11 4 
2 10 13 
4 9 4 8 31 
3 11 14 18 
2 4 5 
6 40 28 12 6 35 1 
2 3 4 
3 12 4 15 
1 12 
5 17 14 12 31 13 
2 10 6 
2 3 4 
3 6 25 7 
1 12 
2 22 31 

2 21 4 
12 15 21 5 10 28 7 4 9 18 23 6 34 
11 36 37 30 4 25 5 6 19 24 20 17 
22 31 18 5 15 38 9 32 33 10 12 20 2 30 22 8 3 11 1 6 13 28 7 
10 30 13 3 4 12 14 2 35 8 11 
10 4 8 24 19 27 2 11 3 7 29 
4 2 6 26 4 
10 21 37 6 17 12 9 16 5 4 19 
9 4 2 20 23 10 8 22 14 26 
7 2 26 32 35 4 9 34 
8 14 6 5 18 34 15 16 4 
5 13 38 4 5 8 
5 5 31 12 4 40 
7 11 28 16 27 22 5 9 
3 11 4 2 
3 11 14 8 
8 3 21 22 20 39 34 8 36 
4 4 11 29 2 
3 8 3 6 
7 4 9 3 25 24 17 27 
4 17 2 1 8 
7 4 23 37 9 38 17 14 
3 2 9 22 
7 3 40 39 32 30 6 20 
2 3 20 
3 9 7 10 
3 20 6 14 
3 4 14 2 
2 18 6 
4 5 24 4 3 
4 4 13 40 34 
3 10 4 24 
1 4 
5 31 2 11 17 10 
2 10 5 
2 17 3 
4 22 3 8 40 
3 12 4 22 
2 17 24 
4 13 24 31 37 

2 4 39 
5 8 34 5 4 14 
13 15 22 7 5 6 17 13 4 18 16 8 36 10 
12 24 36 37 2 28 5 3 29 6 22 7 1 
15 6 37 3 25 2 26 7 11 9 38 35 24 32 22 4 
13 3 39 29 31 4 23 9 5 8 40 12 18 11 
15 9 21 4 5 27 25 26 3 16 39 12 10 19 32 13 
7 3 17 21 2 6 35 15 
10 38 6 7 11 19 31 10 13 5 16 
10 7 17 3 33 18 27 30 14 12 9 
5 14 5 38 6 9 
5 10 6 7 24 20 
6 37 36 7 3 15 9 
3 10 2 11 
4 8 3 25 13 
8 17 7 9 40 3 33 39 31 
6 3 16 25 8 10 36 
4 6 3 40 10 
4 37 35 9 7 
1 12 
6 39 8 29 7 23 24 
4 32 3 4 5 
4 6 27 21 29 
5 5 36 12 21 4 
6 39 17 33 5 7 15 
3 5 7 38 
3 10 23 7 
1 4 
4 23 21 6 4 
1 10 
3 9 6 16 
3 5 22 7 
3 10 25 16 
1 2 
3 8 5 19 
5 24 4 3 17 13 
4 19 4 13 5 
4 11 5 9 26 
6 1 7 16 21 25 6 
3 18 16 6 

2 4 5 
15 31 17 25 14 8 9 5 19 34 7 4 6 16 35 22 
7 18 8 4 40 19 7 31 
19 15 16 12 20 23 27 8 26 22 39 21 2 1 40 38 5 37 6 3 
20 24 2 30 20 33 12 36 9 21 10 4 15 7 11 17 13 6 16 1 18 
7 10 13 5 27 17 2 4 
3 3 2 5 
15 29 24 10 9 12 32 15 25 14 23 4 28 2 3 35 
8 19 14 2 34 8 11 20 5 
5 8 11 36 5 6 
4 9 13 10 5 
4 29 4 5 8 
3 6 5 11 
3 2 9 8 
8 33 23 4 5 20 25 32 8 
6 4 26 5 20 2 21 
4 6 5 2 30 
3 19 3 5 
7 34 2 23 3 18 30 9 
6 16 9 4 15 28 5 
5 35 16 5 28 4 
2 2 4 
6 8 4 15 29 27 19 
2 5 8 
3 15 8 2 
2 16 4 
5 23 6 40 31 4 
3 20 21 8 
3 12 8 23 
3 17 19 5 
4 33 2 27 3 
3 8 40 15 
4 5 15 31 34 
4 19 33 2 9 
3 8 2 21 
2 10 5 
1 4 
1 4 
1 4 
4 3 32 27 4 

2 4 36 
3 7 4 5 
19 4 40 6 14 30 7 25 15 39 24 20 29 13 22 5 12 37 31 8 
12 15 1 2 17 24 3 23 8 6 5 9 10 
17 38 3 33 4 39 40 7 17 19 12 10 13 2 11 32 35 6 
12 33 5 16 8 3 32 25 10 9 4 21 11 
7 5 26 3 23 2 29 9 
7 3 4 12 6 35 16 15 
7 4 7 13 6 30 37 14 
12 6 28 32 5 27 14 20 24 18 11 33 4 
6 18 23 5 21 10 6 
3 3 8 5 
3 9 5 3 
5 10 9 23 3 22 
5 40 4 3 8 24 
4 6 25 8 39 
4 27 5 18 4 
4 10 11 17 37 
2 21 5 
4 3 26 32 10 
3 19 6 11 
2 3 14 
6 4 36 7 14 31 11 
7 15 4 34 10 3 26 28 
3 6 3 16 
3 24 7 20 
4 17 28 30 10 
5 29 24 10 30 27 
3 7 3 28 
5 9 27 38 3 28 
4 32 3 33 23 
7 20 5 39 33 31 6 10 
7 6 32 35 31 38 5 10 
2 37 24 
3 5 33 8 
2 23 1 
4 3 9 18 34 
3 5 30 33 
4 32 3 5 16 
3 5 15 3 

5 4 31 13 23 17 
15 4 22 15 24 39 5 26 7 6 11 8 29 38 10 37 
9 26 4 5 14 37 9 18 33 19 
18 29 2 13 14 23 25 7 8 11 5 3 1 16 6 34 20 33 17 
10 2 20 40 6 11 4 12 35 9 3 
16 2 9 5 8 22 27 7 40 37 19 16 30 12 28 4 10 
5 2 23 4 24 6 
5 6 12 2 4 21 
9 13 39 6 27 10 40 3 18 5 
5 6 2 17 9 15 
3 2 4 5 
6 5 28 19 16 6 8 
4 4 9 26 1 
5 3 4 22 21 17 
3 10 2 20 
7 4 25 6 12 28 18 37 
4 4 1 10 14 
5 16 9 34 19 3 
4 6 3 12 18 
3 15 4 5 
8 14 30 38 27 26 36 8 22 
6 21 6 2 27 14 31 
4 4 7 1 31 
4 7 34 36 2 
4 16 38 29 4 
6 35 39 3 13 21 2 
5 22 6 9 34 21 
3 12 16 6 
3 4 2 25 
2 6 21 
3 1 23 22 
0 
2 3 4 
4 27 24 18 4 
2 5 26 
3 24 21 40 
4 2 6 16 3 
3 25 2 21 
3 2 26 9 
4 6 5 9 36 

7 19 5 25 15 34 10 4 
17 12 31 7 9 6 18 39 4 34 11 22 37 21 8 20 28 10 
4 4 16 34 5 
13 1 8 7 14 2 6 40 5 30 22 9 3 13 
9 7 4 6 19 3 1 23 10 18 
16 11 5 4 33 28 18 2 24 23 17 27 9 15 25 26 39 
5 4 29 8 2 5 
9 35 2 20 24 33 4 31 29 7 
10 6 11 27 4 13 21 12 17 14 2 
3 1 5 2 
6 6 9 2 18 21 15 
10 21 14 2 38 36 35 16 30 22 9 
3 4 9 26 
4 12 9 4 19 
5 1 28 36 11 6 
2 12 3 
3 6 9 35 
9 39 38 2 25 20 5 34 11 6 
4 14 31 1 5 
4 8 2 18 31 
6 12 29 11 24 9 2 
3 12 4 2 
4 6 34 30 5 
7 25 6 21 27 8 32 33 
6 6 28 32 1 18 24 
2 6 13 
3 9 6 24 
5 25 6 2 32 15 
3 8 21 7 
4 4 23 12 36 
4 20 8 19 2 
3 24 28 25 
3 24 8 6 
5 1 3 18 2 23 
3 12 17 8 
3 12 30 15 
1 2 
2 18 12 
3 6 18 2 
1 4 

9 4 13 6 10 14 20 5 7 21 
10 5 13 11 28 34 31 4 12 9 10 
4 6 4 26 22 
8 5 1 6 23 7 31 2 3 
10 4 32 17 8 24 29 2 1 18 30 
12 1 3 4 7 11 10 13 8 16 9 15 18 
7 23 8 9 4 34 6 1 
6 7 37 35 22 5 6 
3 2 7 6 
6 15 2 6 1 19 32 
10 12 36 14 6 21 2 32 39 27 26 
4 2 13 11 26 
5 1 6 16 2 12 
5 16 11 1 40 29 
3 10 17 6 
4 13 6 14 23 
3 5 15 38 
4 20 22 6 5 
1 10 
5 36 18 37 1 30 
4 24 25 11 1 
4 18 3 36 8 
3 16 7 4 
2 21 5 
4 21 38 31 28 
6 3 12 11 30 35 33 
2 32 11 
2 2 25 
3 5 14 35 
3 5 26 20 
3 2 25 4 
7 5 11 38 37 40 10 27 
1 26 
2 2 7 
3 26 8 29 
3 11 22 20 
3 32 20 8 
3 32 25 17 
1 11 
2 14 32 

7 23 22 10 29 4 5 9 
2 4 32 
18 18 7 15 5 24 31 14 35 17 21 6 4 26 38 39 11 28 8 
13 1 7 3 20 2 17 9 6 15 5 10 13 8 
8 11 1 3 18 12 4 6 37 
15 9 7 3 32 25 24 5 21 27 16 8 28 33 4 14 
6 3 37 4 38 10 6 
3 3 4 6 
6 1 32 6 38 11 4 
7 19 4 1 27 25 7 12 
14 3 17 18 40 27 24 9 21 14 12 16 15 5 20 
6 31 5 15 26 11 10 
8 39 23 28 30 17 19 4 14 
7 30 13 11 6 29 19 3 
6 36 11 3 4 12 16 
5 6 15 40 22 11 
8 4 3 21 13 40 38 11 25 
12 27 5 35 3 26 20 39 36 11 25 24 38 
4 14 13 28 10 
3 4 18 11 
6 36 33 6 11 3 17 
5 1 32 34 16 35 
2 1 13 
4 18 11 6 3 
5 6 10 18 39 17 
3 3 12 18 
5 11 18 29 10 6 
5 33 6 3 13 19 
3 1 27 14 
2 14 13 
3 12 3 33 
4 6 22 9 2 
5 37 6 21 31 28 
1 22 
4 22 3 37 18 
3 18 21 15 
4 35 33 7 5 
5 18 3 17 9 7 
4 25 13 18 3 
3 16 17 11 

6 15 4 38 12 20 17 
3 4 5 6 
18 32 8 18 13 4 5 17 24 23 19 28 31 10 6 30 21 27 37 
16 30 12 23 27 33 1 2 7 6 40 36 5 9 25 8 3 
12 15 4 9 34 14 2 3 30 10 16 35 7 
7 8 2 10 7 4 31 3 
3 5 4 6 
12 24 18 11 4 3 20 6 19 15 30 12 16 
11 17 22 39 5 23 28 29 4 31 12 20 
6 6 3 16 5 19 13 
3 14 8 21 
7 4 25 8 9 26 13 1 
3 10 12 3 
4 34 26 5 11 
6 34 31 8 27 5 1 
6 5 30 10 8 38 19 
4 23 3 9 1 
3 8 39 3 
8 8 32 10 16 22 40 36 3 
3 9 8 1 
2 3 11 
3 9 19 33 
8 9 3 35 25 4 27 17 33 
3 8 3 36 
4 12 4 40 23 
2 14 12 
5 4 23 3 15 29 
3 9 30 3 
2 9 27 
6 5 28 16 3 4 8 
4 6 15 3 9 
4 19 3 35 34 
3 22 4 23 
4 5 15 32 14 
4 5 36 32 23 
6 24 19 40 35 4 37 
2 36 3 
2 1 16 
2 9 18 
4 4 36 25 19 

10 13 6 33 37 14 19 10 4 39 22 
6 31 5 9 22 29 4 
7 4 7 17 32 14 5 8 
20 39 34 5 2 25 6 1 16 33 32 23 3 14 9 21 8 27 10 29 7 
18 9 16 30 21 6 15 3 37 11 25 34 2 4 8 13 18 12 22 
3 5 1 4 
6 37 4 11 3 9 15 
11 28 4 40 29 32 38 14 3 22 26 5 
8 5 16 13 4 2 7 20 11 
6 13 39 11 4 1 18 
7 12 5 9 29 7 26 10 
8 21 11 35 16 33 14 5 20 
7 1 22 39 5 10 9 17 
8 27 3 4 8 25 12 1 26 
5 5 7 24 18 19 
11 32 19 28 5 4 9 33 12 24 22 21 
4 25 3 13 38 
3 10 5 15 
3 15 16 1 
2 12 9 
6 40 23 16 12 4 5 
6 8 13 16 1 2 5 
3 29 4 21 
2 15 16 
4 4 17 5 14 
5 8 14 11 34 35 
4 31 14 36 4 
2 16 8 
5 11 23 2 4 8 
2 39 5 
3 2 36 27 
5 4 16 3 8 34 
4 12 1 4 16 
4 26 4 32 5 
2 26 12 
3 37 31 27 
4 7 1 36 5 
2 8 17 
5 13 1 10 4 30 
2 21 8 

13 18 20 25 40 19 15 4 11 7 6 5 17 31 
11 19 14 5 4 35 12 8 11 30 18 22 
12 7 39 36 24 11 9 4 23 29 13 5 10 
13 3 12 30 16 36 2 6 25 1 10 34 28 8 
3 2 1 3 
12 1 36 23 19 17 10 11 30 28 4 25 7 
6 3 1 6 12 16 17 
7 30 11 4 35 24 26 2 
4 3 26 12 15 
6 31 3 32 13 6 4 
8 8 1 24 20 38 2 6 3 
10 23 24 9 21 35 2 4 40 15 7 
2 10 3 
3 2 37 18 
7 9 1 40 34 19 33 12 
5 4 7 18 36 27 
5 20 1 6 7 38 
6 36 20 1 14 16 2 
4 1 15 2 6 
5 17 27 1 18 11 
1 12 
2 2 38 
4 3 12 6 28 
5 12 8 3 28 11 
4 6 1 4 26 
4 25 8 9 40 
2 20 16 
5 4 23 6 29 24 
3 31 28 3 
5 8 2 6 4 35 
3 1 10 29 
2 10 39 
1 15 
2 15 4 
4 30 8 12 2 
5 6 18 4 3 16 
1 14 
3 11 22 17 
2 32 3 
4 15 26 12 1 

19 22 17 34 25 38 40 20 9 6 39 5 8 4 37 13 14 16 7 10 
8 28 8 11 12 5 4 18 14 
4 25 24 4 19 
3 1 2 3 
6 29 2 6 12 9 1 
17 5 8 30 35 16 39 15 10 1 33 37 20 40 7 17 21 26 
4 6 1 9 24 
5 13 2 15 6 1 
7 7 26 5 32 1 21 20 
7 22 16 14 31 1 17 6 
5 26 2 33 13 14 
4 5 39 2 28 
3 11 1 8 
6 1 2 23 18 11 10 
6 27 23 37 6 32 8 
4 1 10 6 19 
4 1 10 27 6 
8 2 38 35 27 37 36 14 21 
2 16 3 
5 6 1 25 9 22 
5 18 6 40 9 38 
3 20 1 10 
3 14 24 15 
4 23 7 3 28 
3 1 20 3 
3 6 11 9 
3 18 17 15 
5 24 12 2 29 34 
5 28 34 33 5 32 
2 6 31 
2 10 30 
3 15 29 9 
3 6 11 29 
3 29 1 28 
2 6 18 
1 18 
5 15 6 38 1 18 
4 18 1 21 37 
3 1 12 6 
3 1 6 21 

5 9 4 24 29 20 
13 39 24 4 36 15 38 12 6 19 30 5 7 17 
0 
12 7 5 11 8 17 9 2 6 37 30 26 1 
13 24 30 21 13 6 29 27 2 15 4 35 12 11 
10 27 4 32 7 15 9 2 12 10 5 
5 20 25 6 2 4 
3 4 29 10 
5 23 1 18 4 6 
12 39 22 14 19 24 6 13 32 17 16 8 20 
3 27 5 4 
11 2 28 16 38 6 23 22 5 15 31 33 
5 5 10 31 18 29 
2 10 19 
6 2 5 12 35 21 6 
2 12 10 
5 4 2 10 33 21 
2 13 9 
4 2 14 10 33 
3 10 1 7 
5 34 5 26 15 17 
7 26 12 28 23 36 30 10 
5 9 35 31 12 22 
5 10 1 36 5 2 
1 7 
4 22 32 4 21 
4 40 11 6 5 
3 37 22 12 
5 34 13 5 1 8 
4 5 2 4 22 
5 13 40 38 23 12 
3 26 6 10 
3 19 17 12 
3 29 36 21 
3 23 5 15 
4 2 22 34 24 
3 39 4 28 
3 2 12 31 
3 10 2 37 
2 27 31 

2 24 4 
0 
11 10 23 5 11 40 4 8 13 33 24 7 
20 17 22 9 3 5 36 6 16 32 31 7 14 1 30 40 12 27 8 23 20 
11 30 27 32 19 28 8 3 12 6 11 4 
6 39 10 23 5 4 33 
13 18 35 26 29 10 4 25 28 31 3 13 34 9 
6 4 3 5 11 18 16 
9 37 4 22 18 40 7 21 33 14 
8 38 15 17 20 7 13 3 6 
5 8 39 15 3 5 
6 36 37 25 5 21 4 
4 7 3 14 10 
5 21 4 13 9 16 
2 11 10 
5 26 37 4 14 8 
5 22 10 19 4 38 
3 8 9 7 
4 17 32 27 5 
5 25 35 10 4 26 
4 14 34 9 12 
3 9 4 17 
3 4 6 3 
2 3 1 
3 12 20 7 
5 16 31 7 20 29 
5 35 19 5 28 4 
3 27 5 7 
2 7 26 
2 5 4 
3 26 7 4 
4 19 5 34 4 
3 3 9 6 
3 21 7 32 
3 7 20 27 
2 4 12 
3 12 9 16 
2 17 10 
2 6 11 
3 4 3 9 

0 
11 25 6 4 18 21 5 16 28 9 33 8 
7 5 40 13 31 37 10 4 
15 7 2 9 10 15 13 6 8 19 5 3 27 11 33 16 
18 7 3 29 14 24 2 25 38 18 8 11 4 19 10 9 6 28 20 
15 4 13 11 2 35 7 22 21 17 27 39 18 34 5 12 
4 6 17 4 5 
6 5 35 24 2 19 4 
10 2 5 23 16 14 15 30 12 4 31 
7 3 22 12 33 23 5 4 
7 29 5 37 36 6 4 14 
3 10 6 9 
4 3 6 4 21 
5 5 11 17 15 9 
5 9 25 38 4 14 
7 2 32 9 26 38 4 36 
5 20 30 7 6 14 
5 23 22 6 2 5 
8 20 8 39 4 40 5 32 26 
3 17 5 19 
5 27 2 13 6 26 
4 18 31 6 10 
4 10 9 18 34 
2 8 5 
4 28 15 2 5 
8 37 16 34 19 29 21 36 40 
3 6 4 21 
3 25 5 2 
4 26 30 11 5 
4 9 29 17 32 
3 22 3 9 
4 19 35 16 30 
3 2 4 10 
3 6 23 26 
3 6 8 32 
3 16 26 11 
3 11 26 3 
4 15 5 16 39 
3 38 19 6 
3 19 26 3 

7 5 4 24 27 37 40 15 
7 9 6 5 11 4 26 10 
1 4 
17 23 7 11 5 34 22 19 28 6 3 10 31 1 14 8 12 2 
24 24 18 1 28 37 8 23 19 31 11 7 6 32 15 25 9 38 30 16 2 36 12 13 4 
13 14 20 22 2 4 17 12 8 29 5 7 16 35 
14 6 9 4 33 13 24 10 34 5 15 16 29 39 37 
7 5 6 26 20 23 25 4 
10 17 14 27 21 38 29 35 7 5 2 
6 4 38 7 2 34 13 
4 2 5 4 27 
6 6 5 4 19 28 20 
6 10 21 5 30 7 40 
6 33 17 4 9 6 22 
3 5 7 1 
5 6 7 21 5 18 
5 40 9 6 18 14 
6 5 26 25 17 36 16 
4 4 12 5 39 
3 12 8 6 
4 16 9 35 13 
3 4 6 14 
5 39 30 5 4 8 
3 5 1 7 
4 5 8 18 32 
4 33 18 8 2 
3 9 1 11 
3 5 4 12 
4 7 6 31 9 
4 5 36 13 23 
4 29 32 5 4 
3 5 31 25 
3 26 14 7 
3 4 10 7 
3 21 9 6 
3 30 18 5 
3 1 5 7 
3 9 5 10 
3 19 23 7 
3 1 13 17 

10 11 38 9 8 7 22 4 12 5 6 
8 14 24 21 5 4 20 7 13 
1 4 
22 31 21 40 24 3 1 5 9 14 39 16 25 15 2 6 7 12 8 34 29 19 23 
11 32 19 10 13 9 1 11 6 4 2 37 
15 27 8 4 23 30 28 25 15 26 20 10 36 1 22 5 
8 4 30 17 33 12 11 2 1 
10 13 33 24 38 39 4 16 6 29 1 
14 31 1 17 14 18 28 5 26 27 19 10 4 20 32 
4 36 5 6 9 
5 25 5 1 7 16 
4 7 4 17 1 
4 8 5 2 40 
7 22 40 9 2 15 35 4 
7 4 6 26 35 36 14 18 
4 8 4 32 11 
8 9 31 21 29 7 28 18 12 
4 30 15 17 9 
4 9 4 37 5 
4 9 2 23 6 
4 4 2 27 17 
4 38 6 14 1 
4 39 20 6 4 
4 8 2 37 4 
3 11 6 4 
3 6 9 15 
3 21 6 9 
4 9 6 17 34 
5 8 17 34 33 4 
3 7 6 18 
3 17 9 4 
3 5 16 9 
3 8 7 29 
4 28 29 35 4 
3 34 15 14 
3 10 15 6 
3 5 24 19 
3 22 8 1 
3 23 4 8 
3 4 14 13 

9 10 5 17 21 14 36 8 6 4 
3 4 7 30 
3 9 5 4 
20 17 9 6 11 20 8 13 2 19 23 22 34 3 29 33 1 14 5 16 18 
11 18 6 7 31 1 4 24 3 10 8 39 
11 18 1 7 21 29 38 4 13 39 5 9 
7 26 12 6 2 11 23 5 
9 5 22 13 1 12 16 15 28 4 
13 35 6 4 26 12 15 10 11 3 28 25 32 27 
9 1 5 14 9 17 25 31 26 19 
11 9 25 38 34 23 37 28 4 20 15 7 
4 8 9 32 7 
6 4 27 35 8 6 21 
3 1 10 4 
4 16 8 9 11 
5 37 4 15 19 8 
3 10 1 4 
4 6 4 38 5 
5 10 16 4 36 20 
5 24 19 27 11 4 
6 1 29 24 13 22 6 
3 21 8 4 
4 4 7 11 30 
4 35 21 20 5 
4 11 9 10 32 
3 9 10 7 
6 33 36 9 13 30 20 
5 11 9 8 33 34 
4 21 6 4 31 
3 23 2 27 
4 10 29 40 5 
4 9 39 12 25 
3 28 4 27 
4 28 11 40 4 
4 9 37 13 24 
3 1 27 19 
3 16 35 11 
4 18 40 11 6 
3 6 32 5 
3 31 38 34 

2 15 4 
13 6 5 4 10 20 34 8 31 11 16 12 38 18 
2 4 5 
14 35 6 28 3 26 1 12 2 17 5 16 21 40 7 
20 10 8 18 40 23 21 33 35 20 4 28 17 11 2 22 7 3 6 14 9 
17 34 8 4 13 7 19 27 31 30 29 25 32 5 33 2 9 10 
4 4 15 6 5 
6 2 22 5 9 16 6 
7 11 6 5 8 30 15 12 
12 19 14 32 37 13 39 6 5 34 25 18 2 
5 2 5 23 9 14 
6 29 9 13 2 24 4 
4 39 10 12 6 
7 11 24 10 26 29 5 31 
8 7 17 1 9 25 28 19 20 
4 2 8 4 21 
4 23 4 15 5 
3 10 5 2 
4 10 15 6 27 
6 33 5 22 2 15 35 
3 16 5 4 
3 20 5 8 
5 24 11 26 17 5 
4 36 12 14 23 
5 6 10 15 30 38 
4 23 4 27 14 
5 19 37 26 6 36 
4 32 15 4 5 
3 6 14 12 
4 9 25 6 38 
3 2 6 14 
3 6 10 28 
5 5 39 37 20 6 
3 2 10 6 
4 4 20 36 5 
4 35 40 27 24 
3 10 27 33 
3 2 30 25 
3 13 33 10 
3 5 4 36 

7 8 4 14 6 27 5 23 
14 7 5 22 15 8 4 17 18 34 23 10 9 29 30 
10 13 21 15 26 39 27 11 4 31 5 
15 8 19 11 27 6 20 2 1 3 10 21 9 12 13 14 
10 37 7 20 9 1 3 18 6 12 2 
10 16 11 12 4 1 7 26 40 32 5 
7 25 2 31 18 5 6 19 
4 10 2 4 1 
6 4 13 5 32 38 2 
5 8 2 4 29 16 
14 3 15 33 36 4 28 17 40 26 6 22 24 31 16 
7 23 6 4 14 5 24 32 
7 40 17 20 9 3 21 4 
9 25 4 12 33 29 34 1 37 38 
7 3 34 33 36 11 2 19 
5 39 6 10 11 22 
5 28 2 13 11 24 
3 2 7 5 
4 25 7 15 4 
3 5 4 13 
3 3 13 4 
4 36 2 11 16 
5 2 12 1 28 30 
4 17 12 30 11 
5 35 14 37 19 7 
3 3 6 11 
3 1 4 3 
3 11 17 23 
3 14 2 10 
3 23 2 24 
3 7 3 11 
5 39 9 35 12 6 
4 11 14 38 15 
4 2 14 15 35 
3 25 34 32 
3 22 11 15 
3 25 5 14 
3 9 33 14 
3 16 3 32 
3 13 6 11 

10 5 34 6 15 26 39 35 4 19 24 
3 17 20 4 
9 33 10 5 37 8 7 4 6 36 
22 19 24 22 18 7 29 2 40 25 20 21 31 14 32 17 28 12 10 11 3 1 5 
11 7 8 4 19 27 9 18 1 3 6 13 
18 16 12 15 3 8 18 10 22 14 17 1 34 23 21 5 24 9 29 
4 3 9 4 5 
11 5 36 16 11 3 13 15 6 21 26 12 
5 5 6 7 27 32 
5 3 4 6 32 11 
4 10 8 4 14 
7 13 20 40 8 6 33 4 
7 25 26 12 22 28 8 5 
6 30 4 16 6 25 11 
4 6 1 23 8 
4 27 14 6 8 
6 36 4 38 6 2 35 
4 29 4 5 6 
4 1 38 5 4 
3 4 2 12 
3 4 6 8 
5 28 6 23 13 4 
4 33 15 6 22 
4 30 1 4 6 
4 13 14 4 35 
5 1 38 30 8 13 
5 9 16 40 39 5 
4 22 13 31 4 
3 4 18 6 
5 31 24 37 14 26 
3 4 28 30 
6 10 9 37 4 39 34 
3 3 12 23 
3 32 1 6 
3 25 17 1 
3 8 3 17 
3 32 3 30 
3 17 26 19 
3 1 32 27 
3 27 4 12 

14 17 16 27 38 11 19 12 9 6 4 13 5 8 28 
15 34 4 18 8 6 9 21 5 31 7 15 12 11 10 38 
3 11 31 4 
10 5 1 3 13 20 7 2 14 30 36 
21 37 33 15 25 14 29 24 1 10 8 26 6 30 2 21 13 23 17 4 32 28 
12 27 12 7 23 20 14 5 40 1 31 2 19 
8 2 15 35 4 38 6 10 40 
5 5 2 23 9 1 
7 8 2 16 1 17 37 22 
3 7 2 5 
6 2 18 29 1 25 3 
5 6 2 22 24 1 
4 5 1 19 4 
7 6 5 30 33 18 4 26 
7 22 7 5 16 34 33 2 
6 9 15 40 1 20 35 
3 5 9 1 
4 14 11 34 2 
8 21 32 36 13 24 6 1 25 
3 6 16 4 
6 36 19 2 5 35 28 
5 9 12 26 15 39 
3 6 5 8 
4 19 5 39 12 
6 11 19 32 5 29 27 
3 5 22 14 
3 25 1 6 
3 5 21 1 
3 25 5 11 
4 14 39 4 5 
3 6 2 3 
3 5 19 25 
3 15 5 14 
3 2 15 18 
3 21 7 16 
3 21 19 4 
2 9 5 
3 7 1 2 
3 22 24 30 
3 6 16 7 

4 5 26 6 4 
10 4 34 21 5 29 7 12 18 28 16 
7 4 8 14 5 15 39 40 
16 11 14 13 1 19 3 9 8 7 18 2 32 15 38 10 6 
12 17 29 2 3 9 10 6 1 27 13 7 33 
13 18 1 4 24 37 12 5 27 15 20 9 22 21 
7 4 36 5 8 33 2 23 
9 20 25 3 7 4 16 26 27 17 
10 25 11 6 13 5 4 10 19 12 23 
10 9 14 5 31 11 23 4 30 20 32 
5 36 28 4 9 10 
4 9 2 6 30 
6 25 16 9 4 26 5 
6 31 3 4 21 35 10 
5 4 22 6 17 3 
3 13 2 8 
6 30 5 15 24 8 19 
8 38 32 24 22 6 29 2 4 
3 4 17 9 
6 10 6 31 33 28 8 
5 39 2 35 6 14 
3 6 18 15 
5 10 9 37 35 7 
3 17 18 6 
3 13 8 9 
3 8 13 1 
3 5 8 6 
3 20 11 2 
6 34 40 5 2 38 18 
3 10 12 17 
3 10 14 20 
7 4 10 34 36 40 18 39 
4 37 7 20 5 
3 29 32 2 
4 37 21 23 14 
3 11 32 7 
4 23 35 33 6 
3 18 29 4 
3 21 3 32 
3 32 3 29 

7 10 34 4 11 7 5 16 
13 27 16 21 15 12 10 5 8 23 7 6 18 4 
4 14 9 4 22 
11 5 2 8 3 13 7 17 1 9 6 14 
15 21 17 6 4 36 15 27 16 32 38 39 23 2 13 1 
15 31 32 20 5 13 19 37 8 4 25 33 29 11 2 21 
6 2 20 17 32 4 1 
9 18 4 15 12 9 2 19 6 36 
9 35 26 11 8 28 3 23 10 4 
5 12 1 9 34 2 
10 25 6 1 9 22 26 39 24 37 31 
4 2 8 20 10 
6 5 39 4 14 36 6 
4 13 4 3 25 
3 8 5 2 
11 2 19 18 22 37 26 5 35 1 24 30 
4 7 33 5 4 
3 8 16 2 
8 29 40 8 6 31 38 16 28 
4 24 7 12 6 
5 27 2 29 5 6 
5 34 16 3 11 33 
4 30 5 2 9 
4 16 11 38 20 
3 11 6 14 
4 28 9 16 11 
4 21 5 30 2 
3 19 9 26 
4 40 6 21 19 
3 27 23 16 
3 19 6 11 
3 6 7 5 
3 6 22 17 
3 10 22 1 
2 16 9 
3 13 5 8 
3 16 6 11 
3 19 24 5 
3 5 11 13 
2 29 19 

3 4 20 29 
10 6 14 7 13 33 4 16 11 5 8 
5 4 15 8 14 5 
19 8 13 19 11 27 7 26 34 9 10 2 29 6 17 24 1 3 12 5 
23 34 38 12 3 19 7 6 9 29 32 30 17 15 39 23 16 10 13 25 4 27 18 2 
3 2 5 4 
9 2 22 23 9 10 4 19 5 39 
7 17 15 3 4 12 18 2 
3 7 5 4 
13 11 16 7 5 30 40 37 35 21 22 20 36 4 
9 36 2 20 18 25 27 4 14 10 
3 5 4 8 
5 5 4 2 40 33 
5 3 26 35 11 2 
5 32 3 5 21 8 
3 2 10 5 
5 33 8 24 5 4 
6 11 8 5 22 31 38 
5 4 31 7 24 5 
8 10 25 1 28 11 21 30 34 
6 20 40 28 26 15 10 
5 37 18 10 7 23 
4 22 7 35 5 
3 19 4 17 
5 20 11 32 5 28 
5 38 14 4 21 36 
4 31 4 5 11 
3 25 20 21 
3 5 1 4 
3 10 20 5 
3 18 27 19 
3 25 5 15 
4 35 2 13 17 
3 5 20 4 
4 23 33 14 10 
4 40 11 10 26 
2 22 10 
3 26 5 18 
2 7 5 
4 13 36 21 10 

14 29 9 35 37 23 4 5 8 24 6 31 12 7 30 
4 5 8 4 18 
6 28 10 6 14 27 4 
21 16 7 38 21 25 3 37 39 40 35 9 18 23 10 1 24 27 2 5 22 6 
15 2 7 13 32 26 10 39 9 16 20 18 1 36 12 4 
7 11 17 3 1 32 8 4 
8 13 14 1 40 4 28 5 11 
7 2 11 30 6 1 15 25 
7 1 16 39 19 4 31 5 
9 5 29 17 3 12 24 21 4 15 
9 6 8 25 22 26 13 17 23 7 
9 28 10 14 19 27 26 20 5 1 
5 5 20 11 7 21 
5 34 15 7 12 3 
4 8 31 14 10 
5 5 19 9 35 4 
4 36 11 6 10 
4 5 4 30 2 
5 9 16 32 29 12 
4 38 5 13 12 
4 10 4 22 13 
3 21 11 4 
4 11 1 4 36 
3 1 4 10 
3 8 11 4 
3 5 12 11 
5 34 33 12 3 4 
3 7 12 3 
6 37 38 34 19 10 1 
3 1 8 18 
3 15 1 9 
4 6 19 5 37 
2 39 27 
3 14 29 27 
3 1 16 4 
3 17 5 23 
4 29 32 1 4 
3 4 29 20 
4 9 4 33 5 
2 7 4 

8 6 17 29 31 8 7 4 5 
6 37 36 5 6 4 20 
1 4 
14 27 38 5 8 1 9 18 3 39 17 2 19 7 21 
13 7 14 34 1 22 11 6 16 32 2 4 10 12 
13 37 9 8 2 1 5 10 39 20 11 13 33 26 
13 25 23 40 13 38 22 1 24 4 35 9 5 16 
7 31 6 12 14 10 4 1 
10 4 6 19 14 21 29 7 11 30 17 
7 12 5 6 15 36 8 24 
7 9 6 15 26 36 13 5 
10 20 22 18 10 30 5 33 8 24 15 
5 6 11 23 32 7 
6 9 34 5 25 8 16 
6 39 12 19 28 10 11 
5 30 5 14 27 7 
6 9 4 1 33 18 28 
7 25 32 12 17 26 4 38 
3 15 9 4 
5 12 6 27 2 21 
6 31 29 4 28 9 20 
5 23 5 40 12 7 
3 13 7 22 
3 10 12 7 
4 18 7 14 35 
3 11 6 18 
3 16 20 4 
4 17 21 34 15 
3 1 21 9 
3 9 12 16 
4 1 8 33 21 
4 33 5 13 18 
5 6 17 31 12 32 
3 5 28 14 
2 25 7 
3 11 10 2 
2 6 2 
4 7 4 18 40 
3 4 6 15 
3 38 22 7 

3 17 4 23 
4 5 14 4 18 
11 6 11 5 4 34 8 22 10 21 7 25 
18 1 36 16 6 15 12 31 24 34 37 13 10 20 5 21 3 33 2 
14 4 2 3 21 16 30 22 9 6 14 7 31 12 10 
17 8 9 14 18 20 11 4 13 7 40 5 15 28 3 25 12 35 
17 40 19 8 6 17 5 9 26 24 29 25 27 22 23 15 31 3 
3 3 6 7 
7 5 27 11 6 39 7 16 
4 3 5 32 4 
8 3 6 32 33 13 18 9 38 
5 37 28 5 6 4 
7 34 6 38 11 19 35 4 
4 37 2 5 6 
6 4 17 7 24 6 19 
5 4 38 5 26 9 
6 35 1 29 27 15 7 
4 20 2 6 11 
4 15 23 7 13 
4 33 4 18 6 
5 5 4 3 36 40 
8 39 29 7 26 28 3 5 30 
3 1 19 7 
3 15 4 7 
4 7 30 6 3 
4 22 16 32 7 
3 9 7 17 
4 12 6 22 36 
3 7 17 22 
3 22 25 5 
3 4 7 5 
4 10 11 26 35 
4 40 20 4 11 
3 3 4 13 
4 32 13 6 17 
4 37 4 21 28 
4 4 14 12 36 
3 16 13 11 
2 9 22 
4 6 21 33 7 

12 13 10 8 9 6 17 14 30 20 28 4 5 
12 23 5 4 12 13 32 8 40 7 9 18 14 
1 4 
16 6 2 7 12 39 29 40 11 34 3 1 15 5 33 28 23 
9 4 7 6 26 31 27 39 1 2 
12 21 25 4 30 14 10 1 31 34 15 19 5 
13 35 10 24 28 9 18 5 2 16 8 25 4 12 
5 2 1 7 11 35 
9 2 1 7 26 17 23 16 34 21 
5 1 7 29 6 11 
9 10 19 20 17 8 36 4 22 26 
5 2 7 4 22 13 
6 12 16 1 18 2 15 
7 6 20 32 2 38 1 37 
4 19 4 13 6 
8 37 9 30 13 22 27 21 7 
5 9 24 35 11 1 
4 24 13 7 2 
5 29 6 38 11 15 
4 11 1 14 25 
4 16 36 6 9 
3 16 12 11 
3 9 4 2 
3 7 17 18 
6 20 36 7 27 6 31 
3 9 11 5 
4 16 5 32 25 
3 4 1 7 
3 10 19 4 
3 1 16 6 
3 5 6 25 
3 27 14 2 
1 4 
3 4 6 9 
3 17 8 7 
3 21 25 11 
3 14 39 16 
2 14 19 
3 37 5 4 
2 4 2 

10 32 8 13 29 5 24 4 6 21 15 
10 6 22 12 5 35 14 20 23 9 4 
1 4 
15 16 22 10 7 2 13 19 3 9 11 5 27 15 1 30 
15 7 6 12 4 24 28 1 19 8 20 2 26 25 40 27 
10 1 13 8 25 18 11 2 12 5 7 
4 6 4 5 10 
14 34 38 29 15 6 35 16 21 1 19 33 9 5 31 
9 4 17 33 34 28 8 36 10 2 
8 4 11 14 18 7 9 16 32 
7 4 30 14 17 6 23 10 
12 5 22 37 6 17 33 39 2 38 36 18 27 
11 6 1 35 24 29 23 31 30 20 26 4 
5 39 11 2 10 28 
3 4 8 1 
4 4 21 10 8 
3 11 12 9 
3 10 6 12 
5 5 4 25 8 32 
3 5 13 2 
3 8 1 16 
4 36 2 4 12 
5 37 31 2 11 13 
4 1 39 13 5 
5 34 26 5 19 6 
3 25 13 5 
3 4 12 5 
3 14 5 9 
4 8 13 1 38 
4 13 33 4 11 
4 33 23 13 8 
4 19 10 39 1 
5 30 12 9 31 8 
3 25 9 8 
5 40 37 8 2 13 
3 9 22 12 
3 12 23 35 
3 8 12 29 
4 24 32 12 14 
2 5 35 

7 20 4 34 11 5 24 6 
4 18 6 19 4 
10 18 23 5 25 6 17 15 4 30 37 
18 25 9 35 3 2 7 16 5 8 29 19 39 33 1 14 12 37 10 
11 1 22 7 26 34 4 10 11 9 3 30 
17 33 29 14 21 1 23 8 2 3 15 20 7 16 22 10 13 17 
9 4 29 11 22 23 6 35 8 5 
7 4 12 13 9 7 18 6 
7 21 39 4 19 5 8 15 
14 27 12 5 26 32 14 30 36 20 6 13 38 4 24 
4 7 1 21 5 
5 17 10 8 4 35 
6 10 16 26 8 31 6 
3 6 4 10 
4 3 6 9 38 
5 40 4 28 6 13 
5 12 24 3 33 6 
6 40 31 8 36 3 2 
6 32 4 2 36 27 9 
5 6 38 25 1 10 
3 9 11 6 
5 5 7 27 28 6 
3 6 7 3 
3 1 10 17 
5 3 20 4 28 34 
3 10 13 5 
3 22 10 19 
3 25 16 22 
4 6 7 40 4 
4 3 10 5 40 
4 13 37 18 38 
2 10 19 
3 4 17 6 
3 25 1 5 
3 12 4 7 
3 19 10 18 
3 4 31 3 
4 20 15 31 10 
2 4 9 
4 18 16 30 29 

13 18 21 19 27 8 15 10 37 32 4 6 7 12 
19 17 11 4 20 24 6 34 5 7 31 29 19 30 23 18 8 12 15 39 
4 5 7 40 4 
12 2 3 14 21 20 5 27 1 19 9 12 6 
9 3 30 2 28 16 4 25 13 21 
14 2 27 4 16 32 33 1 22 8 38 39 10 11 31 
5 30 1 9 2 3 
10 6 9 25 24 1 2 37 10 11 14 
6 7 8 22 4 25 13 
7 28 35 13 1 6 32 8 
8 8 2 18 6 29 16 14 34 
4 2 4 1 22 
9 20 15 9 5 38 23 10 26 17 
4 17 8 4 11 
4 13 1 2 24 
4 36 6 5 11 
6 13 31 14 26 2 29 
6 23 1 33 11 35 2 
3 4 2 1 
3 2 4 13 
3 1 5 4 
3 12 9 6 
8 28 40 2 13 36 35 18 26 
3 2 15 8 
3 5 9 8 
3 13 23 17 
3 6 1 4 
3 5 23 10 
3 17 11 2 
5 5 32 31 7 2 
5 6 37 30 17 2 
4 30 6 10 1 
2 18 6 
2 2 11 
3 23 10 18 
3 23 39 16 
3 8 1 31 
3 13 6 40 
3 36 6 2 
3 23 38 3 

1 4 
7 4 6 24 15 5 32 33 
13 17 7 5 24 8 9 29 10 34 14 38 13 4 
8 2 12 1 22 26 5 3 6 
16 17 14 9 2 29 6 18 7 3 32 4 10 8 36 12 13 
17 33 11 7 37 5 16 4 36 25 21 23 18 2 8 15 35 19 
10 3 9 5 25 26 11 20 6 16 18 
7 6 5 20 12 3 30 22 
17 13 39 31 40 7 34 14 26 28 19 3 27 10 37 21 5 33 
8 38 15 5 9 30 11 19 3 
7 7 25 6 17 31 10 21 
4 4 8 40 5 
9 16 29 9 5 31 32 3 22 27 
7 24 20 3 5 9 40 39 
4 10 2 6 28 
4 6 7 27 13 
3 5 3 11 
5 39 5 6 7 23 
3 9 6 10 
3 7 14 8 
4 11 9 6 23 
3 13 4 8 
4 18 6 21 37 
3 2 14 3 
4 7 39 6 11 
3 7 9 4 
6 40 13 33 16 9 37 
2 9 15 
3 5 3 13 
2 10 8 
4 9 11 13 34 
3 13 5 2 
5 9 27 2 6 36 
4 3 38 31 9 
1 6 
3 33 6 5 
4 27 6 23 9 
3 3 34 10 
4 25 18 9 14 
4 14 27 12 9 

1 4 
8 10 4 14 30 5 7 27 6 
11 18 36 13 8 15 5 20 4 9 6 28 
19 33 5 32 24 10 21 35 23 29 11 16 2 20 9 6 37 3 14 1 
17 11 31 15 2 12 26 40 9 3 7 30 32 8 14 27 4 19 
7 27 4 2 7 3 32 13 
6 5 39 28 6 8 2 
10 5 21 26 7 39 3 34 38 13 29 
11 25 4 15 17 18 11 3 40 10 5 12 
5 16 26 9 4 2 
4 9 4 12 5 
13 5 34 21 24 19 28 40 37 9 38 36 23 11 
4 6 25 3 8 
9 17 18 36 2 5 4 16 35 22 
6 20 3 17 22 5 9 
7 31 4 24 14 19 22 10 
3 14 15 9 
5 9 25 14 3 31 
4 23 16 5 12 
5 4 39 3 15 33 
3 4 8 12 
4 15 29 14 16 
3 19 4 12 
5 12 38 16 4 36 
3 13 18 9 
4 28 10 5 8 
5 2 35 30 6 5 
4 26 12 7 3 
4 22 8 4 34 
3 27 5 2 
4 16 5 35 18 
3 6 5 4 
2 4 20 
3 12 8 29 
4 27 4 14 31 
4 12 24 3 14 
2 4 12 
3 24 8 12 
3 8 7 20 
3 5 12 9 

5 38 11 4 6 39 
5 32 33 4 19 5 
10 8 17 6 7 11 13 37 5 4 32 
17 35 3 21 22 37 17 7 1 24 33 5 16 34 10 6 2 9 
8 4 17 14 9 8 11 3 2 
15 1 8 12 24 3 13 26 23 9 21 27 37 4 7 18 
12 27 31 6 12 4 19 3 10 25 30 20 21 
12 13 39 29 6 20 14 10 12 15 3 16 5 
8 18 15 5 14 4 24 35 6 
7 29 8 7 4 25 16 26 
9 18 1 30 5 27 22 3 15 19 
5 23 6 36 7 8 
4 8 6 3 40 
5 26 9 8 5 28 
4 9 11 8 40 
6 22 20 4 10 34 8 
3 4 3 5 
4 11 6 34 9 
5 31 11 25 7 2 
4 31 8 16 7 
4 6 32 7 4 
3 11 4 16 
3 30 12 6 
3 6 4 9 
3 10 7 19 
3 14 10 6 
4 33 7 11 6 
1 14 
3 8 10 37 
4 23 11 35 7 
3 20 19 7 
4 3 34 21 2 
3 2 27 4 
4 4 16 18 32 
3 30 4 9 
1 12 
5 38 6 4 29 3 
2 37 1 
2 1 8 
2 13 15 

3 18 5 4 
13 7 6 28 40 4 8 32 30 10 19 5 36 22 
8 30 22 9 4 7 25 5 14 
10 19 2 17 38 34 13 1 6 28 3 
11 29 17 39 1 2 3 10 16 11 34 6 
15 11 23 13 9 18 16 10 29 7 5 4 8 27 2 39 
12 21 26 23 11 2 14 3 12 22 8 6 35 
8 27 15 6 7 19 21 2 9 
11 27 13 32 6 14 33 35 3 8 31 20 
9 36 24 12 37 16 20 6 2 5 
12 37 15 32 30 28 5 6 7 25 40 12 29 
3 10 7 11 
3 6 4 9 
6 7 15 18 37 3 9 
4 26 8 11 14 
5 39 5 17 6 10 
3 16 4 5 
8 33 25 40 6 20 1 14 26 
6 4 8 31 2 24 38 
6 24 21 10 18 23 9 
3 7 8 20 
6 2 7 28 23 3 38 
5 20 30 22 6 7 
3 19 20 10 
4 36 11 18 3 
3 7 18 15 
5 29 28 9 8 6 
7 2 4 11 22 33 40 27 
6 39 5 11 27 36 6 
4 23 11 3 2 
2 19 9 
3 2 9 11 
4 35 9 28 18 
2 4 5 
4 9 33 7 38 
4 25 2 10 29 
3 11 14 10 
4 4 35 22 19 
4 5 29 6 16 
4 11 2 28 18 

9 15 8 7 19 4 17 22 5 28 
15 9 38 14 34 25 12 30 4 10 6 5 11 40 17 21 
5 15 27 4 10 9 
13 22 19 2 3 13 21 1 12 7 11 6 33 5 
12 14 13 1 24 16 2 37 4 26 32 7 6 
15 11 22 4 8 28 17 12 5 37 18 2 26 34 39 31 
10 5 4 15 9 30 33 8 10 1 19 
5 7 1 24 13 6 
3 3 2 7 
4 3 2 7 23 
6 20 4 18 25 6 2 
8 26 38 16 40 6 23 2 4 
8 21 36 14 8 4 5 39 29 
8 2 5 20 32 38 13 23 36 
6 1 31 30 7 16 3 
4 15 27 5 12 
5 20 6 18 1 2 
5 17 11 28 24 6 
4 7 32 1 4 
3 11 14 17 
3 2 4 13 
5 4 6 1 33 38 
4 10 14 12 36 
3 8 18 5 
2 11 2 
3 12 5 6 
4 35 16 3 31 
3 6 18 1 
2 34 13 
3 15 2 7 
3 27 6 15 
3 5 14 19 
3 4 7 22 
3 2 6 29 
1 27 
3 23 14 13 
2 6 5 
4 12 14 22 2 
2 13 6 
2 2 12 

8 29 5 12 39 33 4 15 9 
5 28 6 19 10 4 
4 16 4 32 5 
16 18 8 19 2 5 15 11 3 34 13 36 6 35 7 1 21 
13 26 16 4 3 34 15 7 13 8 24 11 1 6 
13 5 37 23 12 14 27 10 2 7 4 21 9 17 
10 20 4 14 9 28 30 5 6 18 8 
8 7 22 32 12 37 4 11 5 
8 34 10 1 7 6 13 25 33 
5 6 2 21 9 25 
11 14 4 8 30 16 5 31 18 17 40 33 
5 24 1 8 39 6 
6 37 40 5 9 4 39 
4 7 6 11 20 
5 5 4 1 32 26 
11 19 30 3 20 11 17 36 22 26 5 29 
5 11 23 16 6 27 
4 11 4 31 7 
3 4 2 16 
4 14 16 34 7 
5 6 4 27 10 25 
2 8 16 
4 6 31 36 17 
3 35 5 12 
4 9 29 21 10 
5 5 16 15 29 39 
3 6 17 21 
3 2 35 7 
8 37 40 35 16 26 1 33 25 
3 16 7 11 
3 11 23 18 
3 8 3 15 
4 11 1 29 9 
4 4 20 9 5 
4 28 29 4 24 
3 23 4 16 
4 6 8 13 29 
0 
4 26 13 1 12 
3 11 13 29 

10 15 30 36 5 12 9 4 19 21 8 
6 14 12 9 7 4 26 
9 37 16 6 17 20 11 5 33 4 
19 6 36 34 38 3 20 14 9 40 35 5 8 7 1 16 29 2 33 22 
16 11 4 16 24 8 19 3 13 10 14 1 23 34 6 25 7 
10 5 25 21 3 33 4 18 13 38 28 
12 12 36 19 10 13 4 5 17 27 2 11 15 
8 21 27 5 24 40 28 4 1 
4 1 2 4 10 
4 7 35 9 5 
5 5 3 7 31 29 
5 2 7 30 1 40 
4 5 20 6 7 
7 32 5 4 31 2 22 15 
5 1 7 18 14 22 
6 4 39 17 3 5 18 
6 3 25 7 23 26 16 
3 15 16 6 
5 5 36 1 29 7 
5 4 3 22 13 23 
6 24 8 1 6 35 25 
4 15 14 4 20 
4 27 5 17 20 
4 8 5 21 35 
6 5 31 6 17 38 21 
2 2 17 
5 23 28 7 38 8 
3 27 8 6 
3 4 11 19 
2 12 1 
4 40 25 14 11 
2 38 14 
3 4 6 3 
2 5 4 
4 24 10 21 4 
4 7 19 4 1 
1 3 
5 27 6 4 32 25 
1 16 
4 31 4 12 8 

4 4 5 22 15 
16 4 13 8 9 27 7 5 29 24 34 28 6 37 10 20 26 
6 32 12 6 4 11 19 
15 8 3 14 39 2 22 6 9 26 16 7 13 1 5 23 
10 2 14 1 17 32 36 12 4 27 8 
11 7 2 3 19 10 21 38 4 24 13 11 
10 10 31 16 28 33 4 40 6 12 2 
6 5 19 36 4 2 9 
10 8 26 36 11 20 35 2 4 18 22 
8 31 7 17 33 6 30 35 2 
9 16 25 18 3 9 29 6 15 17 
10 3 30 7 5 39 21 15 14 23 18 
5 2 6 4 25 30 
5 12 4 33 29 5 
4 12 20 1 11 
4 21 4 11 7 
3 10 11 5 
4 12 9 11 30 
3 6 8 3 
7 23 29 9 2 15 32 37 
6 16 31 27 12 24 6 
4 26 9 1 4 
3 4 20 12 
4 2 6 38 21 
2 11 13 
7 22 9 32 28 4 39 2 
3 2 5 21 
3 26 2 7 
4 11 20 14 2 
4 18 12 10 13 
3 21 10 7 
5 35 3 26 20 5 
6 14 7 34 10 37 39 
2 33 2 
3 32 10 9 
3 8 5 9 
3 33 2 20 
2 24 6 
4 26 33 12 4 
1 7 

7 32 29 12 13 4 8 5 
9 16 40 26 4 34 15 11 36 21 
12 15 37 13 14 4 7 33 9 6 5 8 39 
19 38 35 10 2 6 14 27 11 28 31 9 8 19 1 3 20 17 5 7 
7 7 1 34 4 3 10 6 
11 32 11 14 18 5 35 3 20 29 4 9 
5 4 12 5 24 3 
11 10 27 18 23 19 4 30 3 16 21 1 
14 25 20 15 26 3 4 28 30 17 13 19 12 6 31 
7 26 21 22 5 4 23 8 
5 4 39 24 6 2 
9 37 1 25 22 7 38 9 29 33 
3 9 1 3 
5 16 17 4 6 3 
3 2 3 9 
3 8 14 2 
4 9 14 4 32 
2 6 8 
3 8 9 4 
5 9 4 38 25 6 
6 24 34 23 10 8 2 
5 27 12 10 40 31 
5 37 8 39 21 10 
3 11 7 21 
4 20 12 28 9 
3 9 10 2 
4 34 8 22 4 
3 4 25 9 
4 1 12 6 38 
3 8 40 9 
3 22 9 4 
3 6 17 1 
2 12 3 
5 2 21 27 5 35 
4 37 34 4 6 
1 2 
4 3 23 35 12 
4 12 29 20 4 
3 23 11 3 
3 22 2 30 

18 7 8 25 4 13 15 19 18 33 20 6 12 29 22 30 9 21 5 
7 28 5 33 4 6 10 17 
4 4 16 23 36 
13 8 29 37 14 21 2 10 11 6 3 23 5 1 
13 9 38 12 7 14 29 24 2 36 1 20 4 32 
10 26 2 7 28 22 4 8 15 16 1 
5 17 22 1 6 5 
6 6 9 4 11 34 1 
12 35 16 5 8 11 10 13 24 20 26 1 40 
6 38 2 9 4 13 31 
6 8 12 39 30 4 9 
9 36 15 5 11 14 32 19 1 18 
4 9 10 1 25 
7 27 18 4 17 5 12 38 
3 6 12 1 
3 6 3 9 
9 22 39 2 40 25 7 18 24 14 
5 14 12 17 31 1 
4 1 28 23 12 
3 1 5 9 
2 4 1 
4 6 7 1 17 
6 32 4 36 27 3 19 
4 17 5 9 30 
3 13 1 17 
4 40 37 6 9 
2 23 14 
3 19 6 2 
5 1 38 33 5 4 
5 34 24 36 11 1 
2 10 18 
4 12 23 5 35 
3 2 1 29 
2 8 30 
2 9 32 
5 3 23 30 12 5 
2 26 4 
4 5 14 10 29 
2 17 11 
3 9 17 26 

9 31 25 6 15 5 7 19 4 23 
10 5 29 24 20 7 4 19 6 8 10 
2 12 4 
11 1 27 5 3 33 6 18 10 24 2 9 
14 32 7 28 37 2 14 36 12 39 9 30 4 38 1 
13 22 36 4 17 2 24 33 15 12 39 38 8 1 
10 1 19 8 26 5 2 10 23 13 9 
7 11 40 25 2 7 28 6 
7 4 30 11 21 7 13 5 
5 7 11 2 16 4 
4 9 8 13 10 
8 35 6 26 3 17 34 14 5 
10 9 25 15 31 7 11 14 18 39 17 
3 5 13 12 
3 13 1 6 
1 10 
3 13 6 12 
5 13 19 27 23 4 
7 7 2 24 1 28 18 25 
4 27 2 21 31 
5 9 39 32 40 20 
2 26 6 
4 33 1 18 7 
5 40 2 19 4 6 
6 13 30 35 1 19 8 
3 22 7 12 
5 4 31 37 20 18 
3 8 19 5 
1 2 
3 25 5 9 
6 27 35 34 13 20 1 
2 21 5 
5 4 34 39 6 23 
3 12 33 31 
3 31 12 25 
3 37 6 5 
3 36 27 5 
2 5 6 
5 21 33 5 6 13 
3 8 24 21 

6 11 37 15 4 5 34 
1 4 
11 24 9 23 4 5 31 19 38 6 30 37 
19 38 9 26 24 12 13 7 8 32 25 5 3 1 6 30 17 10 11 2 
13 6 13 1 23 33 10 34 12 7 22 4 28 3 
13 20 7 15 9 3 16 33 14 17 4 8 5 21 
10 4 10 27 28 25 8 6 20 11 5 
5 7 6 4 28 12 
9 34 20 4 6 13 22 14 3 35 
8 17 5 21 18 4 27 15 7 
4 7 1 4 14 
11 36 25 40 29 31 4 32 16 18 5 8 
3 5 4 9 
9 20 18 9 35 23 6 16 27 11 
4 6 10 16 1 
6 6 20 21 14 12 15 
5 37 34 6 4 10 
6 31 30 10 14 37 12 
3 22 3 32 
7 7 16 21 14 6 9 22 
6 36 16 20 10 29 6 
5 20 28 9 19 5 
6 5 14 26 27 3 32 
3 3 34 4 
4 12 40 7 4 
3 4 40 23 
4 23 14 7 10 
5 8 29 5 7 22 
3 21 28 12 
3 4 3 18 
5 3 18 33 38 12 
5 19 23 4 12 35 
3 5 31 6 
5 17 24 1 9 5 
3 32 9 14 
2 21 12 
4 1 18 3 17 
3 4 3 31 
0 
3 26 25 12 

14 34 5 4 17 10 32 15 6 18 35 31 21 30 27 
15 9 4 16 13 33 19 29 31 11 27 37 7 20 12 34 
7 8 4 10 31 17 38 5 
13 3 1 5 8 25 6 7 28 15 22 30 12 2 
26 40 10 6 26 16 8 12 1 7 34 13 18 33 21 11 23 29 36 25 24 4 35 14 3 39 19 
5 1 20 4 5 36 
9 5 26 9 22 28 14 2 4 32 
10 22 23 3 35 24 19 5 20 4 9 
4 30 8 2 7 
8 25 1 13 11 5 18 3 15 
5 17 2 5 21 10 
3 4 2 5 
8 32 2 26 5 10 33 16 19 
4 5 35 7 24 
8 23 39 18 36 1 10 4 19 
4 5 13 29 2 
5 11 3 27 1 21 
5 10 15 26 1 5 
6 22 15 13 2 5 8 
4 2 6 29 8 
4 5 1 17 11 
4 7 19 8 4 
3 5 8 15 
6 30 5 39 14 36 8 
3 4 10 5 
4 7 5 13 18 
6 2 17 1 39 35 40 
3 4 37 7 
5 16 5 2 20 38 
5 4 9 31 24 1 
4 30 3 1 2 
3 7 1 13 
3 13 5 2 
3 1 2 5 
5 8 1 14 27 5 
4 15 24 5 6 
2 28 2 
2 29 3 
5 5 27 15 40 24 
3 39 5 27 

10 6 21 37 4 15 7 8 22 5 9 
2 32 4 
16 4 10 25 8 19 18 6 9 17 11 40 38 14 5 7 27 
18 5 37 23 2 14 6 12 22 36 32 1 16 30 7 3 35 8 13 
10 24 4 13 40 10 15 20 16 1 3 
15 9 3 15 12 33 34 1 4 11 26 17 19 31 21 27 
7 25 3 11 40 17 1 4 
9 10 16 24 1 3 34 26 4 28 
7 19 12 35 1 27 3 6 
7 3 36 13 5 8 33 18 
3 7 3 6 
6 6 4 38 9 24 14 
3 5 10 4 
4 3 12 4 27 
5 26 1 5 6 16 
4 15 4 5 8 
4 7 3 23 6 
2 10 3 
4 9 3 40 6 
2 5 39 
3 38 6 1 
3 1 32 4 
3 17 33 4 
6 8 40 12 37 36 5 
5 3 29 7 37 28 
3 8 6 15 
4 3 9 14 6 
2 25 8 
1 25 
1 4 
2 39 6 
3 22 4 2 
3 10 23 6 
2 8 6 
2 4 9 
3 4 24 10 
4 24 4 25 1 
3 12 3 21 
2 20 31 
5 5 3 19 24 7 

9 18 13 11 39 6 10 4 37 5 
10 8 7 9 4 37 30 14 5 11 18 
3 4 6 9 
16 26 34 5 22 12 6 17 33 3 1 29 10 28 20 9 2 
13 8 1 40 26 7 10 32 27 2 25 4 20 11 
12 7 8 3 12 30 4 1 17 16 34 39 38 
5 6 2 5 19 21 
8 2 31 12 5 24 26 15 6 
9 13 4 2 21 38 15 40 3 17 
3 5 1 4 
5 29 5 2 1 23 
5 4 22 28 8 6 
5 9 1 32 38 14 
6 18 20 31 30 2 13 
5 29 28 8 25 9 
1 6 
5 20 9 6 26 4 
4 21 14 1 2 
3 30 24 7 
4 5 4 14 17 
3 9 18 7 
5 37 12 33 23 4 
2 11 22 
2 8 19 
2 5 15 
6 4 39 8 17 29 5 
2 36 5 
4 15 4 34 12 
5 26 11 31 4 15 
5 14 6 19 35 2 
3 29 8 14 
3 13 39 5 
4 22 38 39 4 
3 6 4 28 
1 30 
1 27 
3 1 22 2 
4 6 13 33 9 
5 26 1 33 6 32 
2 5 9 

5 34 4 12 9 7 
5 4 12 26 5 9 
20 10 5 16 19 25 26 32 17 27 8 13 30 38 20 4 28 6 23 11 22 
18 21 37 14 7 10 30 33 2 6 16 39 38 25 1 24 27 3 5 
15 2 13 8 3 15 14 6 34 7 9 4 39 35 11 36 
10 36 5 23 25 35 3 4 8 15 29 
7 20 5 17 1 4 15 10 
8 19 3 33 18 14 5 40 6 
3 2 1 5 
6 3 7 13 23 4 36 
4 14 24 3 5 
7 1 29 2 14 31 20 22 
3 10 5 3 
7 11 16 8 12 4 5 15 
9 5 16 21 25 6 14 36 18 7 
7 19 4 15 3 14 34 33 
2 7 3 
9 25 31 30 28 8 19 15 23 32 
5 8 16 35 18 3 
5 22 12 7 3 38 
4 29 15 27 4 
5 3 24 20 12 23 
7 6 33 10 22 37 18 3 
6 11 40 4 35 22 27 
5 15 6 18 3 4 
3 2 28 3 
5 4 21 24 3 36 
3 26 18 3 
3 12 21 6 
3 18 3 4 
3 18 32 12 
4 31 18 3 35 
4 23 4 8 16 
3 16 1 5 
5 5 24 32 6 19 
5 10 15 5 6 27 
3 39 23 4 
3 20 4 3 
3 37 5 4 
2 24 8 

11 24 5 26 39 13 34 14 6 9 15 4 
2 6 4 
24 32 31 29 5 7 4 19 8 12 40 33 37 10 11 20 14 16 24 23 9 28 35 22 6 
17 19 7 30 16 8 13 39 21 1 2 5 17 10 38 22 3 15 
3 4 3 1 
9 8 2 3 11 1 10 21 7 36 
15 29 3 26 4 16 12 36 23 34 6 22 9 33 17 18 
3 3 6 4 
6 3 1 7 37 17 12 
6 31 3 24 11 6 4 
9 36 21 6 35 13 10 22 27 3 
4 24 9 3 7 
10 18 29 40 37 28 1 11 4 20 16 
9 33 26 31 19 1 30 3 39 38 
3 1 18 4 
6 4 23 3 13 7 34 
3 7 4 9 
4 7 21 13 15 
6 28 22 14 4 3 32 
3 13 3 32 
4 18 4 6 11 
5 3 4 7 19 11 
3 7 3 16 
5 10 3 12 1 40 
0 
4 7 14 1 31 
2 29 11 
3 3 19 13 
4 3 27 13 7 
2 4 14 
4 3 10 26 14 
3 20 3 19 
3 3 7 14 
3 7 1 16 
2 11 3 
3 6 7 11 
3 13 3 9 
2 14 4 
3 4 14 1 
3 13 3 24 

18 7 8 10 9 11 40 26 23 14 5 4 19 24 22 20 37 30 38 
2 18 4 
6 12 5 9 4 6 7 
8 23 33 11 2 1 5 3 6 
16 6 4 3 7 9 1 33 13 14 36 20 8 12 26 34 40 
15 38 29 27 12 5 18 31 21 15 4 39 3 37 8 10 
3 3 1 5 
10 24 40 1 6 29 38 5 12 13 26 
6 14 5 3 1 18 15 
5 11 28 6 1 35 
5 39 10 1 4 25 
7 5 3 40 8 21 6 23 
5 25 8 18 5 37 
3 9 5 1 
4 35 9 6 38 
9 30 32 34 19 36 17 25 31 20 
2 16 32 
7 13 20 6 27 37 9 2 
3 16 28 1 
5 5 18 16 27 1 
2 6 12 
1 1 
3 1 4 12 
2 1 8 
4 16 13 11 31 
4 1 27 8 5 
5 18 20 30 26 6 
2 19 10 
2 8 6 
3 1 16 27 
3 25 6 16 
3 33 16 17 
3 5 32 4 
2 5 16 
2 10 15 
2 5 16 
4 6 13 18 1 
4 1 6 15 8 
2 6 11 
4 5 8 1 12 

11 9 29 16 10 28 19 27 4 6 5 20 
8 6 5 21 4 13 31 11 10 
2 4 7 
9 24 3 1 8 35 7 11 5 2 
14 7 12 9 4 22 39 1 35 14 2 30 15 11 6 
3 2 5 1 
6 5 10 4 31 3 22 
5 17 25 11 4 13 
7 16 19 26 18 5 36 1 
6 2 21 7 37 15 1 
10 19 8 5 13 17 2 21 20 4 16 
3 5 28 32 
6 16 14 15 8 11 2 
3 13 5 31 
4 5 33 13 10 
8 13 11 1 9 27 29 22 17 
4 8 24 16 11 
1 9 
8 35 1 11 30 36 9 32 25 
6 25 32 11 1 35 24 
6 10 2 28 34 11 23 
6 5 28 16 38 39 7 
2 30 21 
3 17 20 4 
6 20 29 19 35 8 27 
1 9 
3 1 25 16 
4 1 21 12 22 
4 25 16 1 34 
3 23 5 19 
3 2 7 14 
4 39 20 19 12 
1 15 
3 29 40 21 
5 4 20 5 25 19 
2 19 9 
1 10 
1 22 
3 5 22 32 
1 34 

14 37 25 28 35 4 10 5 21 15 9 18 7 13 6 
7 40 31 17 5 23 13 4 
6 8 6 4 20 38 10 
16 37 31 3 6 39 1 9 5 26 40 19 12 7 2 23 11 
3 2 4 1 
20 3 18 23 32 1 36 19 4 8 27 33 20 21 29 17 12 14 28 10 35 
5 1 8 4 39 40 
15 6 31 13 3 37 23 14 26 34 9 7 36 15 33 17 
3 8 4 1 
4 6 3 1 12 
3 4 20 18 
13 38 13 25 30 15 23 4 10 24 16 6 36 40 
7 32 12 21 22 2 8 1 
4 16 8 6 25 
8 33 1 19 22 12 17 24 8 
3 14 12 26 
7 2 6 18 26 15 8 34 
6 11 34 1 17 6 25 
4 15 29 4 6 
3 11 3 6 
3 13 1 6 
2 15 13 
7 32 12 28 2 4 8 6 
2 12 15 
7 38 27 12 18 37 1 14 
4 17 4 8 16 
5 30 38 25 31 6 
3 23 1 6 
2 19 6 
2 12 27 
6 4 37 8 39 27 2 
3 13 23 6 
3 15 8 6 
3 17 18 8 
2 6 1 
3 8 12 6 
5 1 8 31 25 4 
5 40 12 27 3 25 
3 31 4 7 
5 2 38 7 4 12 

7 33 5 6 32 22 4 20 
9 4 5 38 25 10 7 9 13 26 
8 8 12 11 4 6 7 27 29 
3 2 1 3 
12 31 2 7 20 40 17 38 14 19 1 16 11 
15 12 23 30 18 22 11 8 3 26 1 9 36 29 16 27 
8 29 32 2 15 27 5 3 8 
6 33 3 6 7 24 32 
7 12 20 30 2 10 19 6 
5 15 34 2 9 14 
8 13 14 5 22 38 6 3 30 
5 21 3 9 16 6 
2 2 11 
5 11 17 25 10 5 
5 7 18 22 28 10 
4 24 5 6 12 
4 14 26 36 5 
4 33 6 15 37 
3 5 21 9 
6 25 5 24 28 1 9 
4 33 12 39 19 
5 15 11 6 1 29 
2 6 34 
3 20 8 16 
4 2 14 20 27 
6 17 2 36 35 6 32 
4 6 25 7 3 
2 15 20 
4 6 22 3 7 
4 11 9 35 6 
2 5 39 
5 7 34 1 26 8 
4 18 21 8 1 
3 23 10 32 
2 26 30 
3 6 26 17 
1 18 
3 11 5 2 
2 21 31 
1 5 

5 23 4 34 6 27 
10 12 23 20 9 5 39 7 18 31 4 
0 
10 1 20 2 6 13 8 36 5 21 9 
11 8 24 26 16 4 17 9 2 15 12 23 
10 13 1 31 4 24 28 11 18 7 20 
9 6 17 2 34 37 10 11 15 14 
5 18 5 4 23 38 
14 19 10 31 2 15 12 5 38 36 25 33 14 4 21 
5 7 18 35 16 9 
5 6 32 7 29 14 
5 31 2 9 5 17 
4 6 22 37 4 
4 7 9 11 35 
5 7 19 5 16 9 
8 10 5 30 28 15 22 23 40 
8 29 5 26 24 7 36 30 12 
8 19 21 2 6 25 10 40 8 
5 9 27 35 15 18 
4 4 2 6 34 
4 4 32 18 9 
3 39 16 13 
6 5 16 8 2 39 1 
3 6 17 5 
2 9 18 
4 27 17 5 28 
3 26 19 1 
6 33 34 30 16 6 26 
2 11 17 
3 17 28 16 
5 2 9 12 40 6 
2 11 21 
2 9 28 
4 20 7 28 1 
3 19 10 14 
4 17 4 9 37 
3 36 7 13 
3 9 8 39 
4 2 38 22 23 
3 16 31 18 

6 8 27 7 33 4 29 
0 
15 7 30 14 5 9 13 23 28 29 12 21 4 24 25 10 
18 33 38 31 13 7 5 8 36 1 30 22 15 18 3 39 12 17 6 
8 10 6 16 4 21 8 33 3 
3 4 5 19 
12 14 1 8 10 30 4 3 16 29 22 35 9 
7 7 5 11 15 34 1 4 
6 11 36 3 18 7 14 
9 24 5 11 27 16 19 7 37 3 
6 8 17 35 9 13 10 
7 4 35 25 26 3 39 17 
3 11 3 4 
7 7 20 3 19 9 15 21 
4 31 14 8 4 
4 10 7 5 20 
4 12 11 4 37 
4 32 22 4 9 
5 29 40 14 6 10 
4 16 27 33 14 
4 5 40 14 3 
11 25 37 4 28 24 7 38 36 26 32 18 
1 3 
6 26 3 22 32 10 28 
4 22 34 3 12 
3 24 22 12 
3 10 20 1 
3 3 22 24 
4 7 19 3 1 
3 4 3 7 
2 15 4 
3 18 22 24 
4 1 5 4 20 
2 8 25 
3 11 7 12 
4 38 4 22 9 
4 17 40 22 10 
3 4 22 36 
2 12 4 
3 19 21 37 

0 
7 6 9 4 5 22 29 17 
6 5 17 4 11 24 6 
15 25 7 23 38 15 33 19 2 3 11 18 8 21 5 14 
18 7 16 15 6 3 4 20 23 10 8 12 24 29 31 2 39 30 35 
12 5 34 12 38 10 28 23 14 2 19 3 26 
6 5 13 36 4 9 11 
9 25 4 10 5 35 9 16 31 39 
11 18 13 21 22 12 27 37 7 40 2 8 
5 5 20 6 8 15 
5 13 4 3 7 16 
5 6 19 5 9 14 
7 38 36 7 28 9 22 11 
4 12 32 4 6 
7 5 20 25 37 28 4 10 
6 17 30 11 27 8 5 
5 26 2 18 3 16 
5 4 21 30 17 9 
3 6 12 4 
3 5 15 10 
6 9 32 26 4 34 18 
6 13 9 40 24 33 2 
3 6 4 5 
3 3 22 5 
5 34 36 4 15 8 
5 37 21 17 6 35 
2 16 9 
3 6 13 15 
3 5 2 32 
4 18 16 5 31 
3 8 30 5 
3 21 29 14 
2 22 4 
3 25 6 21 
3 26 8 5 
4 13 25 40 7 
4 26 39 15 9 
3 6 13 4 
3 8 5 37 
3 9 22 36 

4 4 10 7 6 
3 4 5 40 
16 6 4 24 7 30 10 28 14 5 9 12 15 38 27 8 11 
24 31 8 32 17 11 26 3 13 1 5 12 9 2 10 14 15 37 35 20 23 21 6 18 29 
5 3 2 32 21 4 
15 1 17 4 24 8 18 14 29 33 35 9 15 26 3 7 
9 19 3 25 11 40 1 38 31 6 
5 6 20 3 26 4 
9 3 22 23 16 6 4 12 27 13 
6 28 4 1 16 39 3 
10 25 30 36 13 3 7 4 22 18 33 
3 4 9 3 
7 21 4 11 17 16 9 19 
5 27 6 4 29 3 
4 3 4 34 6 
3 10 9 13 
7 20 37 25 4 31 6 13 
5 32 4 11 19 6 
6 18 22 13 7 39 33 
5 36 17 8 4 24 
3 13 5 4 
4 19 9 23 11 
5 4 34 22 9 30 
3 20 6 3 
3 11 7 17 
3 8 6 4 
6 3 14 28 9 39 35 
4 38 3 27 10 
3 4 14 6 
3 23 11 3 
3 4 7 17 
4 18 5 4 40 
5 6 34 37 11 19 
3 15 33 23 
4 6 4 36 27 
3 35 11 20 
3 33 17 4 
3 28 3 7 
3 10 19 27 
3 7 32 2 

20 39 26 11 8 15 21 22 32 23 18 30 13 17 4 19 5 28 10 14 24 
8 25 38 13 26 6 4 9 20 
5 4 31 7 21 5 
15 7 3 26 16 6 40 1 10 8 2 18 5 25 9 27 
11 20 15 13 28 3 23 4 18 8 1 6 
12 22 11 12 5 7 30 2 16 21 24 10 4 
5 3 4 6 37 9 
5 34 33 5 4 1 
9 14 17 2 16 11 39 4 7 12 
10 29 6 25 35 36 30 4 1 14 22 
5 9 1 29 12 6 
6 24 11 9 35 6 17 
7 2 5 15 33 37 36 1 
5 35 9 10 19 1 
4 1 5 19 13 
4 9 31 4 6 
4 12 9 1 20 
5 5 1 33 4 32 
6 28 1 14 29 15 27 
3 5 2 17 
5 3 1 6 40 23 
4 32 6 10 1 
4 5 1 21 38 
7 27 37 12 1 6 39 31 
4 10 2 4 40 
3 2 4 1 
4 4 34 24 19 
3 19 5 1 
4 34 10 11 19 
3 6 10 1 
4 24 36 16 3 
3 18 22 1 
3 18 13 8 
3 27 8 29 
3 14 12 10 
3 31 13 10 
4 38 7 13 24 
3 37 23 2 
3 24 9 1 
3 21 25 4 

12 5 8 14 30 9 23 13 15 4 10 7 12 
3 4 20 15 
7 35 5 6 12 13 20 4 
11 2 18 31 5 8 1 7 25 11 3 6 
22 11 32 8 31 10 6 34 26 3 30 15 18 7 27 12 4 9 24 29 13 14 1 
8 3 5 22 17 16 11 25 4 
10 19 1 4 5 32 39 25 17 21 26 
4 1 9 5 4 
4 10 5 8 1 
5 14 1 21 5 9 
6 4 29 24 5 6 16 
6 1 37 24 5 3 34 
8 40 18 5 20 1 19 16 3 
6 5 33 1 27 28 10 
5 22 2 1 38 5 
7 17 22 21 40 11 6 13 
6 16 19 7 28 23 6 
6 4 13 35 26 36 5 
4 7 17 33 13 
4 37 13 2 3 
4 36 16 7 10 
7 35 36 28 16 15 23 6 
4 1 27 17 22 
5 30 12 29 5 11 
6 33 32 37 7 4 6 
3 7 5 18 
4 23 31 14 5 
4 14 22 34 17 
3 24 5 11 
3 1 24 5 
4 4 39 5 27 
3 5 7 25 
3 25 19 14 
3 28 12 5 
5 38 3 18 40 22 
3 18 21 22 
5 20 39 25 38 12 
3 35 15 37 
3 31 7 37 
3 35 16 13 

5 12 31 4 5 11 
8 14 6 29 4 26 31 36 16 
16 9 39 16 13 7 4 18 36 21 10 5 15 19 37 30 8 
13 27 11 32 6 33 7 2 1 12 15 28 3 5 
22 6 35 1 23 38 19 33 14 34 4 12 7 24 32 37 39 8 9 3 26 17 13 
6 8 25 5 4 2 16 
8 10 3 5 18 40 20 21 4 
9 27 28 5 3 9 30 23 17 6 
13 5 3 19 10 22 28 20 21 8 11 35 40 13 
5 3 9 7 14 17 
5 27 33 9 1 4 
9 15 22 1 5 32 30 39 34 4 
3 3 5 9 
4 10 22 5 2 
3 3 4 12 
8 6 29 35 24 2 20 3 38 
6 8 24 25 10 5 18 
4 3 7 17 26 
5 5 37 23 3 9 
3 7 16 9 
4 29 9 3 7 
5 14 25 12 9 36 
3 5 19 8 
3 16 5 17 
3 6 17 22 
3 5 2 18 
3 11 4 8 
3 4 8 9 
5 2 16 40 31 21 
3 3 8 12 
4 1 38 2 29 
4 5 12 34 4 
3 5 4 11 
3 32 12 5 
3 9 5 16 
3 22 3 2 
3 19 3 5 
3 16 31 5 
3 3 12 5 
3 9 7 29 

4 11 37 4 8 
5 5 4 24 6 7 
2 4 5 
14 2 9 12 6 8 3 19 20 39 1 7 25 13 5 
10 17 11 10 4 6 31 8 2 3 9 
8 39 5 35 7 2 13 40 4 
11 20 25 31 24 15 10 6 14 11 2 4 
9 10 30 4 16 17 5 15 1 9 
9 12 15 17 8 4 16 38 5 23 
5 8 7 23 34 5 
14 12 38 14 37 7 22 18 5 39 32 30 29 26 1 
12 19 11 40 34 22 21 16 18 13 9 4 14 
10 34 22 12 18 25 4 29 6 23 36 
6 11 33 12 26 21 7 
7 19 8 7 32 20 31 9 
5 12 8 9 33 27 
4 8 27 9 5 
6 24 30 13 11 12 21 
5 12 15 27 35 4 
5 4 36 26 15 7 
6 28 37 36 14 12 18 
3 12 13 11 
3 10 13 9 
6 7 28 35 18 32 2 
3 13 4 7 
4 20 11 14 40 
4 17 19 16 28 
4 29 27 21 24 
3 11 13 28 
4 8 11 18 38 
4 7 15 33 5 
3 11 15 24 
3 14 31 16 
3 12 10 13 
3 24 6 19 
3 21 13 20 
3 21 1 11 
3 9 11 30 
3 6 4 11 
3 6 26 12 

5 7 10 13 15 4 
7 14 5 17 24 4 39 6 
4 4 8 5 16 
19 29 14 10 3 7 8 31 19 23 1 15 12 6 5 16 2 40 39 11 
14 4 11 36 21 6 13 9 24 22 2 3 26 40 18 
11 17 15 7 5 10 12 37 4 30 2 29 
14 30 28 1 32 8 6 13 20 17 27 26 4 19 9 
7 9 39 4 11 7 38 3 
5 12 29 8 7 5 
5 25 6 34 4 1 
9 18 14 8 16 36 20 30 5 4 
5 28 6 4 9 24 
7 23 1 35 5 7 38 19 
7 2 21 18 22 4 31 11 
3 4 1 6 
3 4 11 3 
3 2 7 6 
5 27 11 20 5 14 
8 4 33 7 23 21 34 32 13 
5 18 25 7 32 11 
5 14 34 5 19 22 
5 14 25 33 5 21 
7 13 4 33 38 27 19 26 
3 5 12 2 
3 22 10 20 
5 7 23 28 35 5 
3 18 7 23 
5 7 12 31 37 26 
3 9 4 6 
3 6 7 11 
3 28 4 14 
4 7 35 19 20 
6 36 37 23 19 40 22 
3 21 10 19 
3 32 26 13 
3 5 11 33 
3 33 6 28 
3 8 23 13 
3 2 8 4 
3 33 4 5 

8 4 11 7 9 27 21 12 5 
7 20 31 6 4 32 5 10 
11 32 22 4 11 40 23 19 8 18 38 30 
22 5 34 20 13 9 8 2 10 22 14 6 28 16 7 1 26 36 17 12 27 3 31 
9 7 33 1 8 6 4 2 35 13 
9 2 11 12 5 15 24 34 22 4 
9 31 5 37 26 1 4 29 15 23 
11 5 17 9 36 10 3 29 18 28 21 4 
8 4 8 1 17 20 30 14 19 
10 27 37 33 4 2 24 19 8 13 38 
8 26 25 1 3 14 6 18 16 
4 4 1 6 16 
5 5 4 39 10 25 
6 15 9 25 11 23 4 
3 7 14 6 
3 11 12 4 
4 8 9 24 4 
5 3 37 8 35 11 
4 21 10 9 3 
4 2 28 4 9 
4 19 35 8 1 
3 6 4 3 
3 14 3 7 
6 33 36 39 17 6 10 
4 14 13 11 32 
5 38 11 4 29 7 
5 1 40 10 30 4 
3 4 20 8 
3 8 26 7 
3 3 9 27 
5 7 4 34 40 2 
3 3 25 2 
3 5 24 10 
3 31 4 6 
3 21 5 18 
3 8 4 24 
3 18 10 7 
3 3 26 10 
2 13 24 
3 3 31 27 

6 22 20 7 4 11 39 
13 5 12 4 19 6 9 10 40 7 13 11 14 8 
4 8 5 15 4 
16 27 36 37 5 21 1 9 30 6 2 17 3 22 13 18 29 
16 34 18 7 26 2 16 10 6 23 8 27 21 17 4 3 12 
5 2 14 38 4 5 
6 5 10 2 14 1 32 
11 9 13 3 16 28 2 22 32 5 17 24 
7 25 2 8 15 19 4 20 
8 12 19 7 5 26 11 2 35 
8 36 10 2 33 1 28 25 26 
5 35 2 10 5 27 
10 33 24 32 31 21 20 18 2 4 8 
5 7 6 15 2 24 
5 14 9 3 16 29 
4 15 8 5 39 
4 25 8 5 4 
5 13 30 5 4 29 
6 31 28 2 23 10 9 
5 9 1 13 31 23 
3 5 13 4 
3 4 1 8 
3 20 5 19 
4 13 8 14 34 
8 9 17 11 37 35 39 33 30 
4 38 5 11 10 
3 12 5 4 
3 19 11 8 
3 4 18 15 
4 25 4 18 40 
4 20 38 19 13 
3 8 13 7 
5 37 34 11 13 25 
3 5 24 33 
4 25 39 10 12 
2 11 4 
3 25 4 33 
3 6 26 31 
4 35 25 1 16 
2 2 30 

11 37 4 20 6 8 12 9 27 15 5 16 
9 19 11 26 10 29 7 4 16 25 
12 27 4 10 30 6 18 9 26 14 35 28 5 
14 25 3 5 1 10 40 33 8 7 6 21 2 31 9 
7 14 19 15 3 1 30 4 
13 18 11 35 7 1 4 23 8 17 21 31 36 3 
7 15 11 4 25 6 2 28 
8 24 22 6 32 40 1 4 13 
6 13 3 1 20 4 12 
8 34 3 22 13 2 4 28 39 
8 2 12 17 14 24 7 38 6 
5 9 11 1 22 38 
6 23 8 10 9 21 26 
7 5 37 11 19 16 20 3 
7 17 7 23 33 27 5 1 
6 18 39 14 1 2 38 
3 6 15 11 
5 6 36 3 16 39 
5 14 5 24 2 32 
4 9 14 30 1 
4 13 6 29 4 
3 12 10 8 
4 15 33 13 6 
4 19 8 34 11 
3 2 7 4 
3 2 3 13 
4 3 15 35 1 
7 36 32 3 7 29 10 31 
4 2 37 21 28 
3 20 5 3 
4 6 4 34 28 
3 19 28 8 
3 15 4 23 
5 24 36 10 31 40 
3 6 27 3 
4 34 28 6 18 
3 29 1 14 
3 12 11 16 
3 18 16 10 
3 8 34 4 

3 28 8 4 
10 4 20 14 10 7 11 21 6 5 25 
14 18 22 29 9 17 15 5 12 38 14 26 16 4 7 
12 1 16 33 21 3 20 31 2 5 6 10 18 
15 8 35 25 6 36 32 27 4 39 23 2 10 7 9 3 
11 22 8 5 36 28 15 18 4 13 12 2 
9 9 3 2 12 29 40 16 5 11 
3 5 1 6 
4 3 5 40 7 
12 5 24 30 2 11 40 29 19 4 27 17 13 
5 34 7 2 10 21 
12 6 22 31 28 14 7 19 13 20 17 3 26 
4 30 10 12 6 
9 39 12 32 33 2 3 24 23 15 
5 14 6 3 34 39 
3 3 4 7 
6 38 10 24 12 3 19 
6 3 23 6 4 37 30 
3 17 10 12 
4 25 4 2 12 
4 11 2 31 4 
3 6 12 3 
4 14 36 5 18 
5 10 14 34 26 17 
3 20 2 5 
5 27 3 12 33 24 
3 10 26 5 
5 12 32 6 35 1 
3 3 7 10 
4 13 38 10 18 
3 21 4 12 
3 14 28 5 
3 14 26 4 
3 24 15 11 
2 5 28 
4 23 5 40 6 
1 18 
3 30 17 3 
3 15 5 14 
4 9 10 36 7 

16 18 10 37 13 6 30 32 4 38 21 7 16 12 39 8 15 
5 30 5 4 33 17 
9 7 11 4 37 6 15 24 31 5 
11 23 11 16 5 20 9 3 13 1 6 2 
8 14 4 2 10 20 3 32 12 
12 3 12 7 15 11 1 8 23 4 19 36 37 
8 27 10 1 6 8 38 3 9 
15 35 34 1 6 22 17 20 29 18 40 9 13 28 25 7 
6 14 26 7 22 8 4 
5 7 24 1 5 18 
3 3 6 4 
7 19 5 16 1 21 35 6 
5 35 1 4 8 14 
5 9 13 21 25 5 
6 25 1 6 26 38 3 
7 24 12 1 19 40 4 17 
4 16 2 8 31 
4 8 1 10 23 
4 32 16 6 12 
4 28 4 8 5 
7 39 28 27 22 14 12 1 
5 27 8 9 21 29 
4 4 18 26 6 
3 3 10 16 
3 14 15 8 
4 9 15 23 29 
3 7 21 22 
4 40 20 8 21 
7 22 30 34 26 8 33 31 
4 36 2 29 1 
3 3 29 17 
4 19 5 35 1 
3 2 37 29 
3 37 8 29 
4 32 12 8 13 
2 30 6 
5 33 6 34 3 1 
3 1 15 7 
2 1 21 
3 28 8 16 

10 21 26 11 5 27 15 38 17 4 36 
12 9 25 15 24 40 6 4 7 11 30 5 10 
9 22 10 4 34 26 14 21 19 24 
13 1 5 32 7 2 28 11 8 36 6 3 9 10 
20 20 8 1 6 27 4 15 38 18 22 17 16 25 13 9 2 23 32 34 40 
7 2 12 13 5 19 7 4 
11 18 14 17 2 6 35 8 33 13 12 4 
8 4 5 30 39 7 37 16 22 
4 4 5 32 2 
7 16 2 3 20 4 30 18 
5 12 2 4 1 33 
4 6 11 7 29 
4 14 6 5 7 
8 29 27 28 31 7 13 3 24 
5 5 1 39 2 37 
5 10 8 21 23 5 
5 1 29 5 19 7 
6 5 20 10 26 28 7 
6 40 6 17 25 3 34 
4 18 10 5 31 
3 1 3 16 
6 8 23 38 36 5 3 
4 22 33 5 16 
6 35 14 39 2 3 31 
3 2 5 19 
3 3 1 18 
3 14 5 1 
5 14 18 35 4 37 
3 14 17 12 
3 10 2 8 
3 20 24 14 
5 9 4 33 5 34 
4 23 32 7 11 
5 5 32 3 39 19 
4 28 7 36 24 
4 4 35 1 22 
3 28 15 8 
3 22 5 1 
4 15 8 34 24 
3 5 19 2 

5 12 14 4 17 5 
4 39 4 33 7 
12 21 15 9 4 26 13 12 20 6 7 32 5 
12 26 8 7 6 38 11 2 1 5 10 37 3 
20 11 4 9 16 13 22 18 28 33 29 40 19 3 8 24 14 1 26 6 27 
14 9 11 10 12 4 25 29 5 20 24 34 27 33 3 
4 3 4 8 2 
9 10 31 7 5 18 13 14 4 38 
9 22 39 19 16 32 6 34 5 3 
4 6 8 4 17 
8 22 23 29 6 18 4 28 5 
8 17 3 1 15 21 6 23 30 
7 15 3 24 5 20 30 8 
5 8 1 40 25 5 
5 12 3 19 16 13 
5 27 5 15 9 21 
3 12 1 10 
5 8 11 5 25 34 
3 5 15 9 
5 3 37 13 6 23 
3 12 3 16 
5 5 32 35 11 9 
5 30 20 11 28 12 
3 5 13 6 
5 18 35 14 6 31 
5 5 3 4 38 36 
3 16 5 6 
4 36 5 11 23 
3 11 6 5 
3 12 23 13 
2 25 8 
3 3 9 22 
3 2 5 6 
3 18 9 6 
2 22 25 
2 26 28 
2 20 4 
3 26 4 8 
2 2 9 
2 5 14 

12 33 8 4 16 10 29 20 25 5 11 31 17 
5 6 5 4 16 15 
6 7 12 4 27 37 39 
16 14 10 8 18 9 28 7 3 2 39 5 6 1 22 21 24 
7 1 4 2 24 35 6 9 
11 7 10 2 23 4 8 30 11 22 5 29 
8 31 37 6 4 15 13 3 14 
12 18 36 34 26 25 19 9 6 1 4 13 23 
6 34 4 12 8 5 40 
15 23 17 38 32 18 19 12 39 4 26 6 35 30 1 11 
3 1 6 10 
10 13 19 32 9 21 10 3 26 14 27 
5 15 28 12 7 8 
8 12 20 24 21 7 16 34 4 
5 40 13 17 2 7 
4 2 31 14 1 
4 15 10 1 33 
4 8 4 10 27 
8 20 30 33 22 8 36 10 12 
3 1 14 19 
3 4 14 12 
5 4 28 36 19 6 
3 8 6 10 
4 5 4 14 25 
7 40 29 35 24 1 37 8 
3 12 10 8 
3 18 12 3 
3 4 13 22 
5 39 1 6 31 25 
4 10 19 6 35 
4 1 16 29 7 
2 10 12 
4 1 19 17 36 
4 37 9 14 8 
4 10 30 25 5 
4 19 8 33 22 
5 25 7 34 40 3 
1 10 
4 3 10 4 29 
4 25 15 9 37 

3 25 8 4 
11 16 35 14 5 9 28 7 11 4 6 13 
13 22 18 5 10 19 8 6 39 12 34 30 9 4 
22 32 7 2 16 13 36 8 21 1 17 25 15 6 5 9 20 38 10 19 3 12 29 
10 7 20 13 3 15 4 21 24 2 40 
9 19 17 38 25 2 18 4 3 24 
12 33 5 2 23 14 17 4 11 12 10 20 31 
6 23 26 33 1 3 4 
3 4 3 2 
7 11 3 4 30 32 7 40 
5 27 2 7 10 15 
8 35 30 18 7 14 27 4 3 
8 37 2 4 23 5 26 22 27 
4 7 2 12 16 
4 11 33 4 5 
4 4 14 2 26 
4 31 6 7 4 
7 3 12 6 21 35 39 40 
4 3 29 6 4 
5 7 5 22 4 28 
5 38 18 4 5 34 
8 20 29 39 3 32 13 31 34 
5 8 24 13 36 7 
3 23 5 6 
3 4 1 6 
4 16 8 13 28 
3 12 11 13 
5 20 32 26 2 38 
3 4 22 19 
3 10 3 12 
3 17 7 22 
4 28 4 10 22 
3 7 8 15 
4 3 21 22 38 
3 18 2 12 
2 23 4 
1 13 
5 4 21 28 6 34 
3 18 3 22 
3 18 10 5 

10 28 12 19 6 9 8 5 35 7 4 
11 4 21 18 31 6 33 11 36 30 26 17 
7 13 20 22 4 5 11 15 
21 38 27 10 30 16 36 17 8 12 5 14 22 2 7 35 25 23 24 3 9 1 
16 9 6 25 37 40 24 38 1 13 18 4 21 29 10 17 3 
11 11 1 7 21 32 5 8 12 34 38 2 
9 13 35 23 6 4 15 39 28 1 
9 4 10 14 1 26 6 27 28 19 
5 18 1 22 4 5 
5 14 32 5 4 8 
6 15 3 26 6 2 39 
8 6 25 16 20 37 4 27 1 
6 23 29 3 7 5 16 
3 8 4 10 
4 11 7 31 3 
7 24 13 12 19 39 4 40 
3 4 2 5 
3 5 2 9 
4 8 20 16 1 
3 3 12 19 
3 6 5 2 
4 4 3 9 30 
3 4 7 13 
4 5 16 4 37 
4 12 4 33 5 
3 8 11 2 
4 4 8 12 37 
3 7 1 8 
2 13 5 
3 4 22 2 
3 15 36 2 
2 10 6 
2 25 2 
1 6 
3 4 1 7 
4 31 37 4 2 
5 36 27 24 5 12 
3 5 4 6 
3 16 7 11 
2 5 16 

2 28 4 
5 6 4 16 34 5 
8 7 8 23 5 6 20 9 4 
14 21 2 8 29 17 35 3 30 39 24 5 9 18 1 
17 11 6 40 7 13 3 29 15 17 33 14 38 9 2 30 4 12 
18 12 29 5 13 7 3 33 10 36 11 20 24 2 23 15 8 25 32 
13 13 5 31 18 37 19 26 11 3 10 24 27 6 
4 4 21 6 3 
9 21 10 40 3 4 12 17 5 33 
8 39 6 35 9 26 16 7 14 
6 5 19 7 34 6 30 
8 9 32 15 31 19 5 6 23 
8 14 18 5 7 25 28 6 16 
4 13 10 5 27 
4 5 20 6 12 
5 2 13 22 35 10 
5 9 38 26 5 4 
3 4 13 7 
6 12 22 7 36 11 27 
4 6 15 22 3 
4 9 8 4 37 
6 19 32 20 28 31 16 
4 25 12 3 6 
3 4 7 6 
3 13 23 6 
6 10 17 36 29 40 7 
3 14 7 19 
6 32 22 13 1 34 31 
4 5 4 26 6 
4 4 33 5 11 
5 7 22 12 28 34 
4 12 22 6 28 
4 9 5 30 6 
4 28 31 11 2 
3 4 10 16 
3 26 19 6 
2 21 7 
2 17 5 
2 10 4 
3 26 5 9 

14 26 17 9 10 8 14 6 16 37 15 5 34 19 4 
4 17 5 4 13 
1 4 
10 5 3 21 6 7 32 1 8 37 2 
17 22 18 26 12 2 11 1 29 19 7 23 10 4 6 36 15 9 
18 7 31 1 35 13 4 16 5 36 21 14 40 10 12 20 11 9 8 
9 4 24 11 22 6 5 19 29 16 
6 33 1 20 17 4 6 
7 1 33 30 12 6 15 5 
9 34 5 14 1 13 25 39 29 6 
7 7 37 6 28 27 5 33 
7 40 30 6 25 5 20 9 
6 10 18 2 21 24 6 
5 25 10 23 1 6 
4 9 5 1 36 
5 6 7 1 39 31 
6 28 1 18 8 2 38 
7 13 22 39 5 27 17 24 
5 23 7 5 1 28 
4 6 8 12 27 
3 13 4 6 
4 18 7 5 34 
4 5 14 19 26 
3 13 18 7 
3 14 12 10 
4 1 23 5 40 
3 18 11 20 
3 19 11 17 
4 5 36 10 7 
2 12 9 
2 6 16 
1 4 
5 9 8 38 11 34 
5 22 37 33 1 10 
1 6 
5 29 5 6 15 39 
4 34 11 1 4 
2 33 17 
4 36 18 10 16 
3 26 6 12 

