0 
11 25 6 4 18 21 5 16 28 9 33 8 
7 5 40 13 31 37 10 4 
15 7 2 9 10 15 13 6 8 19 5 3 27 11 33 16 
18 7 3 29 14 24 2 25 38 18 8 11 4 19 10 9 6 28 20 
15 4 13 11 2 35 7 22 21 17 27 39 18 34 5 12 
4 6 17 4 5 
6 5 35 24 2 19 4 
10 2 5 23 16 14 15 30 12 4 31 
7 3 22 12 33 23 5 4 
7 29 5 37 36 6 4 14 
3 10 6 9 
4 3 6 4 21 
5 5 11 17 15 9 
5 9 25 38 4 14 
7 2 32 9 26 38 4 36 
5 20 30 7 6 14 
5 23 22 6 2 5 
8 20 8 39 4 40 5 32 26 
3 17 5 19 
5 27 2 13 6 26 
4 18 31 6 10 
4 10 9 18 34 
2 8 5 
4 28 15 2 5 
8 37 16 34 19 29 21 36 40 
3 6 4 21 
3 25 5 2 
4 26 30 11 5 
4 9 29 17 32 
3 22 3 9 
4 19 35 16 30 
3 2 4 10 
3 6 23 26 
3 6 8 32 
3 16 26 11 
3 11 26 3 
4 15 5 16 39 
3 38 19 6 
3 19 26 3 

7 5 4 24 27 37 40 15 
7 9 6 5 11 4 26 10 
1 4 
17 23 7 11 5 34 22 19 28 6 3 10 31 1 14 8 12 2 
24 24 18 1 28 37 8 23 19 31 11 7 6 32 15 25 9 38 30 16 2 36 12 13 4 
13 14 20 22 2 4 17 12 8 29 5 7 16 35 
14 6 9 4 33 13 24 10 34 5 15 16 29 39 37 
7 5 6 26 20 23 25 4 
10 17 14 27 21 38 29 35 7 5 2 
6 4 38 7 2 34 13 
4 2 5 4 27 
6 6 5 4 19 28 20 
6 10 21 5 30 7 40 
6 33 17 4 9 6 22 
3 5 7 1 
5 6 7 21 5 18 
5 40 9 6 18 14 
6 5 26 25 17 36 16 
4 4 12 5 39 
3 12 8 6 
4 16 9 35 13 
3 4 6 14 
5 39 30 5 4 8 
3 5 1 7 
4 5 8 18 32 
4 33 18 8 2 
3 9 1 11 
3 5 4 12 
4 7 6 31 9 
4 5 36 13 23 
4 29 32 5 4 
3 5 31 25 
3 26 14 7 
3 4 10 7 
3 21 9 6 
3 30 18 5 
3 1 5 7 
3 9 5 10 
3 19 23 7 
3 1 13 17 

10 11 38 9 8 7 22 4 12 5 6 
8 14 24 21 5 4 20 7 13 
1 4 
22 31 21 40 24 3 1 5 9 14 39 16 25 15 2 6 7 12 8 34 29 19 23 
11 32 19 10 13 9 1 11 6 4 2 37 
15 27 8 4 23 30 28 25 15 26 20 10 36 1 22 5 
8 4 30 17 33 12 11 2 1 
10 13 33 24 38 39 4 16 6 29 1 
14 31 1 17 14 18 28 5 26 27 19 10 4 20 32 
4 36 5 6 9 
5 25 5 1 7 16 
4 7 4 17 1 
4 8 5 2 40 
7 22 40 9 2 15 35 4 
7 4 6 26 35 36 14 18 
4 8 4 32 11 
8 9 31 21 29 7 28 18 12 
4 30 15 17 9 
4 9 4 37 5 
4 9 2 23 6 
4 4 2 27 17 
4 38 6 14 1 
4 39 20 6 4 
4 8 2 37 4 
3 11 6 4 
3 6 9 15 
3 21 6 9 
4 9 6 17 34 
5 8 17 34 33 4 
3 7 6 18 
3 17 9 4 
3 5 16 9 
3 8 7 29 
4 28 29 35 4 
3 34 15 14 
3 10 15 6 
3 5 24 19 
3 22 8 1 
3 23 4 8 
3 4 14 13 

9 10 5 17 21 14 36 8 6 4 
3 4 7 30 
3 9 5 4 
20 17 9 6 11 20 8 13 2 19 23 22 34 3 29 33 1 14 5 16 18 
11 18 6 7 31 1 4 24 3 10 8 39 
11 18 1 7 21 29 38 4 13 39 5 9 
7 26 12 6 2 11 23 5 
9 5 22 13 1 12 16 15 28 4 
13 35 6 4 26 12 15 10 11 3 28 25 32 27 
9 1 5 14 9 17 25 31 26 19 
11 9 25 38 34 23 37 28 4 20 15 7 
4 8 9 32 7 
6 4 27 35 8 6 21 
3 1 10 4 
4 16 8 9 11 
5 37 4 15 19 8 
3 10 1 4 
4 6 4 38 5 
5 10 16 4 36 20 
5 24 19 27 11 4 
6 1 29 24 13 22 6 
3 21 8 4 
4 4 7 11 30 
4 35 21 20 5 
4 11 9 10 32 
3 9 10 7 
6 33 36 9 13 30 20 
5 11 9 8 33 34 
4 21 6 4 31 
3 23 2 27 
4 10 29 40 5 
4 9 39 12 25 
3 28 4 27 
4 28 11 40 4 
4 9 37 13 24 
3 1 27 19 
3 16 35 11 
4 18 40 11 6 
3 6 32 5 
3 31 38 34 

2 15 4 
13 6 5 4 10 20 34 8 31 11 16 12 38 18 
2 4 5 
14 35 6 28 3 26 1 12 2 17 5 16 21 40 7 
20 10 8 18 40 23 21 33 35 20 4 28 17 11 2 22 7 3 6 14 9 
17 34 8 4 13 7 19 27 31 30 29 25 32 5 33 2 9 10 
4 4 15 6 5 
6 2 22 5 9 16 6 
7 11 6 5 8 30 15 12 
12 19 14 32 37 13 39 6 5 34 25 18 2 
5 2 5 23 9 14 
6 29 9 13 2 24 4 
4 39 10 12 6 
7 11 24 10 26 29 5 31 
8 7 17 1 9 25 28 19 20 
4 2 8 4 21 
4 23 4 15 5 
3 10 5 2 
4 10 15 6 27 
6 33 5 22 2 15 35 
3 16 5 4 
3 20 5 8 
5 24 11 26 17 5 
4 36 12 14 23 
5 6 10 15 30 38 
4 23 4 27 14 
5 19 37 26 6 36 
4 32 15 4 5 
3 6 14 12 
4 9 25 6 38 
3 2 6 14 
3 6 10 28 
5 5 39 37 20 6 
3 2 10 6 
4 4 20 36 5 
4 35 40 27 24 
3 10 27 33 
3 2 30 25 
3 13 33 10 
3 5 4 36 

7 8 4 14 6 27 5 23 
14 7 5 22 15 8 4 17 18 34 23 10 9 29 30 
10 13 21 15 26 39 27 11 4 31 5 
15 8 19 11 27 6 20 2 1 3 10 21 9 12 13 14 
10 37 7 20 9 1 3 18 6 12 2 
10 16 11 12 4 1 7 26 40 32 5 
7 25 2 31 18 5 6 19 
4 10 2 4 1 
6 4 13 5 32 38 2 
5 8 2 4 29 16 
14 3 15 33 36 4 28 17 40 26 6 22 24 31 16 
7 23 6 4 14 5 24 32 
7 40 17 20 9 3 21 4 
9 25 4 12 33 29 34 1 37 38 
7 3 34 33 36 11 2 19 
5 39 6 10 11 22 
5 28 2 13 11 24 
3 2 7 5 
4 25 7 15 4 
3 5 4 13 
3 3 13 4 
4 36 2 11 16 
5 2 12 1 28 30 
4 17 12 30 11 
5 35 14 37 19 7 
3 3 6 11 
3 1 4 3 
3 11 17 23 
3 14 2 10 
3 23 2 24 
3 7 3 11 
5 39 9 35 12 6 
4 11 14 38 15 
4 2 14 15 35 
3 25 34 32 
3 22 11 15 
3 25 5 14 
3 9 33 14 
3 16 3 32 
3 13 6 11 

10 5 34 6 15 26 39 35 4 19 24 
3 17 20 4 
9 33 10 5 37 8 7 4 6 36 
22 19 24 22 18 7 29 2 40 25 20 21 31 14 32 17 28 12 10 11 3 1 5 
11 7 8 4 19 27 9 18 1 3 6 13 
18 16 12 15 3 8 18 10 22 14 17 1 34 23 21 5 24 9 29 
4 3 9 4 5 
11 5 36 16 11 3 13 15 6 21 26 12 
5 5 6 7 27 32 
5 3 4 6 32 11 
4 10 8 4 14 
7 13 20 40 8 6 33 4 
7 25 26 12 22 28 8 5 
6 30 4 16 6 25 11 
4 6 1 23 8 
4 27 14 6 8 
6 36 4 38 6 2 35 
4 29 4 5 6 
4 1 38 5 4 
3 4 2 12 
3 4 6 8 
5 28 6 23 13 4 
4 33 15 6 22 
4 30 1 4 6 
4 13 14 4 35 
5 1 38 30 8 13 
5 9 16 40 39 5 
4 22 13 31 4 
3 4 18 6 
5 31 24 37 14 26 
3 4 28 30 
6 10 9 37 4 39 34 
3 3 12 23 
3 32 1 6 
3 25 17 1 
3 8 3 17 
3 32 3 30 
3 17 26 19 
3 1 32 27 
3 27 4 12 

14 17 16 27 38 11 19 12 9 6 4 13 5 8 28 
15 34 4 18 8 6 9 21 5 31 7 15 12 11 10 38 
3 11 31 4 
10 5 1 3 13 20 7 2 14 30 36 
21 37 33 15 25 14 29 24 1 10 8 26 6 30 2 21 13 23 17 4 32 28 
12 27 12 7 23 20 14 5 40 1 31 2 19 
8 2 15 35 4 38 6 10 40 
5 5 2 23 9 1 
7 8 2 16 1 17 37 22 
3 7 2 5 
6 2 18 29 1 25 3 
5 6 2 22 24 1 
4 5 1 19 4 
7 6 5 30 33 18 4 26 
7 22 7 5 16 34 33 2 
6 9 15 40 1 20 35 
3 5 9 1 
4 14 11 34 2 
8 21 32 36 13 24 6 1 25 
3 6 16 4 
6 36 19 2 5 35 28 
5 9 12 26 15 39 
3 6 5 8 
4 19 5 39 12 
6 11 19 32 5 29 27 
3 5 22 14 
3 25 1 6 
3 5 21 1 
3 25 5 11 
4 14 39 4 5 
3 6 2 3 
3 5 19 25 
3 15 5 14 
3 2 15 18 
3 21 7 16 
3 21 19 4 
2 9 5 
3 7 1 2 
3 22 24 30 
3 6 16 7 

4 5 26 6 4 
10 4 34 21 5 29 7 12 18 28 16 
7 4 8 14 5 15 39 40 
16 11 14 13 1 19 3 9 8 7 18 2 32 15 38 10 6 
12 17 29 2 3 9 10 6 1 27 13 7 33 
13 18 1 4 24 37 12 5 27 15 20 9 22 21 
7 4 36 5 8 33 2 23 
9 20 25 3 7 4 16 26 27 17 
10 25 11 6 13 5 4 10 19 12 23 
10 9 14 5 31 11 23 4 30 20 32 
5 36 28 4 9 10 
4 9 2 6 30 
6 25 16 9 4 26 5 
6 31 3 4 21 35 10 
5 4 22 6 17 3 
3 13 2 8 
6 30 5 15 24 8 19 
8 38 32 24 22 6 29 2 4 
3 4 17 9 
6 10 6 31 33 28 8 
5 39 2 35 6 14 
3 6 18 15 
5 10 9 37 35 7 
3 17 18 6 
3 13 8 9 
3 8 13 1 
3 5 8 6 
3 20 11 2 
6 34 40 5 2 38 18 
3 10 12 17 
3 10 14 20 
7 4 10 34 36 40 18 39 
4 37 7 20 5 
3 29 32 2 
4 37 21 23 14 
3 11 32 7 
4 23 35 33 6 
3 18 29 4 
3 21 3 32 
3 32 3 29 

7 10 34 4 11 7 5 16 
13 27 16 21 15 12 10 5 8 23 7 6 18 4 
4 14 9 4 22 
11 5 2 8 3 13 7 17 1 9 6 14 
15 21 17 6 4 36 15 27 16 32 38 39 23 2 13 1 
15 31 32 20 5 13 19 37 8 4 25 33 29 11 2 21 
6 2 20 17 32 4 1 
9 18 4 15 12 9 2 19 6 36 
9 35 26 11 8 28 3 23 10 4 
5 12 1 9 34 2 
10 25 6 1 9 22 26 39 24 37 31 
4 2 8 20 10 
6 5 39 4 14 36 6 
4 13 4 3 25 
3 8 5 2 
11 2 19 18 22 37 26 5 35 1 24 30 
4 7 33 5 4 
3 8 16 2 
8 29 40 8 6 31 38 16 28 
4 24 7 12 6 
5 27 2 29 5 6 
5 34 16 3 11 33 
4 30 5 2 9 
4 16 11 38 20 
3 11 6 14 
4 28 9 16 11 
4 21 5 30 2 
3 19 9 26 
4 40 6 21 19 
3 27 23 16 
3 19 6 11 
3 6 7 5 
3 6 22 17 
3 10 22 1 
2 16 9 
3 13 5 8 
3 16 6 11 
3 19 24 5 
3 5 11 13 
2 29 19 

3 4 20 29 
10 6 14 7 13 33 4 16 11 5 8 
5 4 15 8 14 5 
19 8 13 19 11 27 7 26 34 9 10 2 29 6 17 24 1 3 12 5 
23 34 38 12 3 19 7 6 9 29 32 30 17 15 39 23 16 10 13 25 4 27 18 2 
3 2 5 4 
9 2 22 23 9 10 4 19 5 39 
7 17 15 3 4 12 18 2 
3 7 5 4 
13 11 16 7 5 30 40 37 35 21 22 20 36 4 
9 36 2 20 18 25 27 4 14 10 
3 5 4 8 
5 5 4 2 40 33 
5 3 26 35 11 2 
5 32 3 5 21 8 
3 2 10 5 
5 33 8 24 5 4 
6 11 8 5 22 31 38 
5 4 31 7 24 5 
8 10 25 1 28 11 21 30 34 
6 20 40 28 26 15 10 
5 37 18 10 7 23 
4 22 7 35 5 
3 19 4 17 
5 20 11 32 5 28 
5 38 14 4 21 36 
4 31 4 5 11 
3 25 20 21 
3 5 1 4 
3 10 20 5 
3 18 27 19 
3 25 5 15 
4 35 2 13 17 
3 5 20 4 
4 23 33 14 10 
4 40 11 10 26 
2 22 10 
3 26 5 18 
2 7 5 
4 13 36 21 10 

14 29 9 35 37 23 4 5 8 24 6 31 12 7 30 
4 5 8 4 18 
6 28 10 6 14 27 4 
21 16 7 38 21 25 3 37 39 40 35 9 18 23 10 1 24 27 2 5 22 6 
15 2 7 13 32 26 10 39 9 16 20 18 1 36 12 4 
7 11 17 3 1 32 8 4 
8 13 14 1 40 4 28 5 11 
7 2 11 30 6 1 15 25 
7 1 16 39 19 4 31 5 
9 5 29 17 3 12 24 21 4 15 
9 6 8 25 22 26 13 17 23 7 
9 28 10 14 19 27 26 20 5 1 
5 5 20 11 7 21 
5 34 15 7 12 3 
4 8 31 14 10 
5 5 19 9 35 4 
4 36 11 6 10 
4 5 4 30 2 
5 9 16 32 29 12 
4 38 5 13 12 
4 10 4 22 13 
3 21 11 4 
4 11 1 4 36 
3 1 4 10 
3 8 11 4 
3 5 12 11 
5 34 33 12 3 4 
3 7 12 3 
6 37 38 34 19 10 1 
3 1 8 18 
3 15 1 9 
4 6 19 5 37 
2 39 27 
3 14 29 27 
3 1 16 4 
3 17 5 23 
4 29 32 1 4 
3 4 29 20 
4 9 4 33 5 
2 7 4 

8 6 17 29 31 8 7 4 5 
6 37 36 5 6 4 20 
1 4 
14 27 38 5 8 1 9 18 3 39 17 2 19 7 21 
13 7 14 34 1 22 11 6 16 32 2 4 10 12 
13 37 9 8 2 1 5 10 39 20 11 13 33 26 
13 25 23 40 13 38 22 1 24 4 35 9 5 16 
7 31 6 12 14 10 4 1 
10 4 6 19 14 21 29 7 11 30 17 
7 12 5 6 15 36 8 24 
7 9 6 15 26 36 13 5 
10 20 22 18 10 30 5 33 8 24 15 
5 6 11 23 32 7 
6 9 34 5 25 8 16 
6 39 12 19 28 10 11 
5 30 5 14 27 7 
6 9 4 1 33 18 28 
7 25 32 12 17 26 4 38 
3 15 9 4 
5 12 6 27 2 21 
6 31 29 4 28 9 20 
5 23 5 40 12 7 
3 13 7 22 
3 10 12 7 
4 18 7 14 35 
3 11 6 18 
3 16 20 4 
4 17 21 34 15 
3 1 21 9 
3 9 12 16 
4 1 8 33 21 
4 33 5 13 18 
5 6 17 31 12 32 
3 5 28 14 
2 25 7 
3 11 10 2 
2 6 2 
4 7 4 18 40 
3 4 6 15 
3 38 22 7 

3 17 4 23 
4 5 14 4 18 
11 6 11 5 4 34 8 22 10 21 7 25 
18 1 36 16 6 15 12 31 24 34 37 13 10 20 5 21 3 33 2 
14 4 2 3 21 16 30 22 9 6 14 7 31 12 10 
17 8 9 14 18 20 11 4 13 7 40 5 15 28 3 25 12 35 
17 40 19 8 6 17 5 9 26 24 29 25 27 22 23 15 31 3 
3 3 6 7 
7 5 27 11 6 39 7 16 
4 3 5 32 4 
8 3 6 32 33 13 18 9 38 
5 37 28 5 6 4 
7 34 6 38 11 19 35 4 
4 37 2 5 6 
6 4 17 7 24 6 19 
5 4 38 5 26 9 
6 35 1 29 27 15 7 
4 20 2 6 11 
4 15 23 7 13 
4 33 4 18 6 
5 5 4 3 36 40 
8 39 29 7 26 28 3 5 30 
3 1 19 7 
3 15 4 7 
4 7 30 6 3 
4 22 16 32 7 
3 9 7 17 
4 12 6 22 36 
3 7 17 22 
3 22 25 5 
3 4 7 5 
4 10 11 26 35 
4 40 20 4 11 
3 3 4 13 
4 32 13 6 17 
4 37 4 21 28 
4 4 14 12 36 
3 16 13 11 
2 9 22 
4 6 21 33 7 

12 13 10 8 9 6 17 14 30 20 28 4 5 
12 23 5 4 12 13 32 8 40 7 9 18 14 
1 4 
16 6 2 7 12 39 29 40 11 34 3 1 15 5 33 28 23 
9 4 7 6 26 31 27 39 1 2 
12 21 25 4 30 14 10 1 31 34 15 19 5 
13 35 10 24 28 9 18 5 2 16 8 25 4 12 
5 2 1 7 11 35 
9 2 1 7 26 17 23 16 34 21 
5 1 7 29 6 11 
9 10 19 20 17 8 36 4 22 26 
5 2 7 4 22 13 
6 12 16 1 18 2 15 
7 6 20 32 2 38 1 37 
4 19 4 13 6 
8 37 9 30 13 22 27 21 7 
5 9 24 35 11 1 
4 24 13 7 2 
5 29 6 38 11 15 
4 11 1 14 25 
4 16 36 6 9 
3 16 12 11 
3 9 4 2 
3 7 17 18 
6 20 36 7 27 6 31 
3 9 11 5 
4 16 5 32 25 
3 4 1 7 
3 10 19 4 
3 1 16 6 
3 5 6 25 
3 27 14 2 
1 4 
3 4 6 9 
3 17 8 7 
3 21 25 11 
3 14 39 16 
2 14 19 
3 37 5 4 
2 4 2 

10 32 8 13 29 5 24 4 6 21 15 
10 6 22 12 5 35 14 20 23 9 4 
1 4 
15 16 22 10 7 2 13 19 3 9 11 5 27 15 1 30 
15 7 6 12 4 24 28 1 19 8 20 2 26 25 40 27 
10 1 13 8 25 18 11 2 12 5 7 
4 6 4 5 10 
14 34 38 29 15 6 35 16 21 1 19 33 9 5 31 
9 4 17 33 34 28 8 36 10 2 
8 4 11 14 18 7 9 16 32 
7 4 30 14 17 6 23 10 
12 5 22 37 6 17 33 39 2 38 36 18 27 
11 6 1 35 24 29 23 31 30 20 26 4 
5 39 11 2 10 28 
3 4 8 1 
4 4 21 10 8 
3 11 12 9 
3 10 6 12 
5 5 4 25 8 32 
3 5 13 2 
3 8 1 16 
4 36 2 4 12 
5 37 31 2 11 13 
4 1 39 13 5 
5 34 26 5 19 6 
3 25 13 5 
3 4 12 5 
3 14 5 9 
4 8 13 1 38 
4 13 33 4 11 
4 33 23 13 8 
4 19 10 39 1 
5 30 12 9 31 8 
3 25 9 8 
5 40 37 8 2 13 
3 9 22 12 
3 12 23 35 
3 8 12 29 
4 24 32 12 14 
2 5 35 

7 20 4 34 11 5 24 6 
4 18 6 19 4 
10 18 23 5 25 6 17 15 4 30 37 
18 25 9 35 3 2 7 16 5 8 29 19 39 33 1 14 12 37 10 
11 1 22 7 26 34 4 10 11 9 3 30 
17 33 29 14 21 1 23 8 2 3 15 20 7 16 22 10 13 17 
9 4 29 11 22 23 6 35 8 5 
7 4 12 13 9 7 18 6 
7 21 39 4 19 5 8 15 
14 27 12 5 26 32 14 30 36 20 6 13 38 4 24 
4 7 1 21 5 
5 17 10 8 4 35 
6 10 16 26 8 31 6 
3 6 4 10 
4 3 6 9 38 
5 40 4 28 6 13 
5 12 24 3 33 6 
6 40 31 8 36 3 2 
6 32 4 2 36 27 9 
5 6 38 25 1 10 
3 9 11 6 
5 5 7 27 28 6 
3 6 7 3 
3 1 10 17 
5 3 20 4 28 34 
3 10 13 5 
3 22 10 19 
3 25 16 22 
4 6 7 40 4 
4 3 10 5 40 
4 13 37 18 38 
2 10 19 
3 4 17 6 
3 25 1 5 
3 12 4 7 
3 19 10 18 
3 4 31 3 
4 20 15 31 10 
2 4 9 
4 18 16 30 29 

13 18 21 19 27 8 15 10 37 32 4 6 7 12 
19 17 11 4 20 24 6 34 5 7 31 29 19 30 23 18 8 12 15 39 
4 5 7 40 4 
12 2 3 14 21 20 5 27 1 19 9 12 6 
9 3 30 2 28 16 4 25 13 21 
14 2 27 4 16 32 33 1 22 8 38 39 10 11 31 
5 30 1 9 2 3 
10 6 9 25 24 1 2 37 10 11 14 
6 7 8 22 4 25 13 
7 28 35 13 1 6 32 8 
8 8 2 18 6 29 16 14 34 
4 2 4 1 22 
9 20 15 9 5 38 23 10 26 17 
4 17 8 4 11 
4 13 1 2 24 
4 36 6 5 11 
6 13 31 14 26 2 29 
6 23 1 33 11 35 2 
3 4 2 1 
3 2 4 13 
3 1 5 4 
3 12 9 6 
8 28 40 2 13 36 35 18 26 
3 2 15 8 
3 5 9 8 
3 13 23 17 
3 6 1 4 
3 5 23 10 
3 17 11 2 
5 5 32 31 7 2 
5 6 37 30 17 2 
4 30 6 10 1 
2 18 6 
2 2 11 
3 23 10 18 
3 23 39 16 
3 8 1 31 
3 13 6 40 
3 36 6 2 
3 23 38 3 

1 4 
7 4 6 24 15 5 32 33 
13 17 7 5 24 8 9 29 10 34 14 38 13 4 
8 2 12 1 22 26 5 3 6 
16 17 14 9 2 29 6 18 7 3 32 4 10 8 36 12 13 
17 33 11 7 37 5 16 4 36 25 21 23 18 2 8 15 35 19 
10 3 9 5 25 26 11 20 6 16 18 
7 6 5 20 12 3 30 22 
17 13 39 31 40 7 34 14 26 28 19 3 27 10 37 21 5 33 
8 38 15 5 9 30 11 19 3 
7 7 25 6 17 31 10 21 
4 4 8 40 5 
9 16 29 9 5 31 32 3 22 27 
7 24 20 3 5 9 40 39 
4 10 2 6 28 
4 6 7 27 13 
3 5 3 11 
5 39 5 6 7 23 
3 9 6 10 
3 7 14 8 
4 11 9 6 23 
3 13 4 8 
4 18 6 21 37 
3 2 14 3 
4 7 39 6 11 
3 7 9 4 
6 40 13 33 16 9 37 
2 9 15 
3 5 3 13 
2 10 8 
4 9 11 13 34 
3 13 5 2 
5 9 27 2 6 36 
4 3 38 31 9 
1 6 
3 33 6 5 
4 27 6 23 9 
3 3 34 10 
4 25 18 9 14 
4 14 27 12 9 

1 4 
8 10 4 14 30 5 7 27 6 
11 18 36 13 8 15 5 20 4 9 6 28 
19 33 5 32 24 10 21 35 23 29 11 16 2 20 9 6 37 3 14 1 
17 11 31 15 2 12 26 40 9 3 7 30 32 8 14 27 4 19 
7 27 4 2 7 3 32 13 
6 5 39 28 6 8 2 
10 5 21 26 7 39 3 34 38 13 29 
11 25 4 15 17 18 11 3 40 10 5 12 
5 16 26 9 4 2 
4 9 4 12 5 
13 5 34 21 24 19 28 40 37 9 38 36 23 11 
4 6 25 3 8 
9 17 18 36 2 5 4 16 35 22 
6 20 3 17 22 5 9 
7 31 4 24 14 19 22 10 
3 14 15 9 
5 9 25 14 3 31 
4 23 16 5 12 
5 4 39 3 15 33 
3 4 8 12 
4 15 29 14 16 
3 19 4 12 
5 12 38 16 4 36 
3 13 18 9 
4 28 10 5 8 
5 2 35 30 6 5 
4 26 12 7 3 
4 22 8 4 34 
3 27 5 2 
4 16 5 35 18 
3 6 5 4 
2 4 20 
3 12 8 29 
4 27 4 14 31 
4 12 24 3 14 
2 4 12 
3 24 8 12 
3 8 7 20 
3 5 12 9 

