5 38 11 4 6 39 
5 32 33 4 19 5 
10 8 17 6 7 11 13 37 5 4 32 
17 35 3 21 22 37 17 7 1 24 33 5 16 34 10 6 2 9 
8 4 17 14 9 8 11 3 2 
15 1 8 12 24 3 13 26 23 9 21 27 37 4 7 18 
12 27 31 6 12 4 19 3 10 25 30 20 21 
12 13 39 29 6 20 14 10 12 15 3 16 5 
8 18 15 5 14 4 24 35 6 
7 29 8 7 4 25 16 26 
9 18 1 30 5 27 22 3 15 19 
5 23 6 36 7 8 
4 8 6 3 40 
5 26 9 8 5 28 
4 9 11 8 40 
6 22 20 4 10 34 8 
3 4 3 5 
4 11 6 34 9 
5 31 11 25 7 2 
4 31 8 16 7 
4 6 32 7 4 
3 11 4 16 
3 30 12 6 
3 6 4 9 
3 10 7 19 
3 14 10 6 
4 33 7 11 6 
1 14 
3 8 10 37 
4 23 11 35 7 
3 20 19 7 
4 3 34 21 2 
3 2 27 4 
4 4 16 18 32 
3 30 4 9 
1 12 
5 38 6 4 29 3 
2 37 1 
2 1 8 
2 13 15 

3 18 5 4 
13 7 6 28 40 4 8 32 30 10 19 5 36 22 
8 30 22 9 4 7 25 5 14 
10 19 2 17 38 34 13 1 6 28 3 
11 29 17 39 1 2 3 10 16 11 34 6 
15 11 23 13 9 18 16 10 29 7 5 4 8 27 2 39 
12 21 26 23 11 2 14 3 12 22 8 6 35 
8 27 15 6 7 19 21 2 9 
11 27 13 32 6 14 33 35 3 8 31 20 
9 36 24 12 37 16 20 6 2 5 
12 37 15 32 30 28 5 6 7 25 40 12 29 
3 10 7 11 
3 6 4 9 
6 7 15 18 37 3 9 
4 26 8 11 14 
5 39 5 17 6 10 
3 16 4 5 
8 33 25 40 6 20 1 14 26 
6 4 8 31 2 24 38 
6 24 21 10 18 23 9 
3 7 8 20 
6 2 7 28 23 3 38 
5 20 30 22 6 7 
3 19 20 10 
4 36 11 18 3 
3 7 18 15 
5 29 28 9 8 6 
7 2 4 11 22 33 40 27 
6 39 5 11 27 36 6 
4 23 11 3 2 
2 19 9 
3 2 9 11 
4 35 9 28 18 
2 4 5 
4 9 33 7 38 
4 25 2 10 29 
3 11 14 10 
4 4 35 22 19 
4 5 29 6 16 
4 11 2 28 18 

9 15 8 7 19 4 17 22 5 28 
15 9 38 14 34 25 12 30 4 10 6 5 11 40 17 21 
5 15 27 4 10 9 
13 22 19 2 3 13 21 1 12 7 11 6 33 5 
12 14 13 1 24 16 2 37 4 26 32 7 6 
15 11 22 4 8 28 17 12 5 37 18 2 26 34 39 31 
10 5 4 15 9 30 33 8 10 1 19 
5 7 1 24 13 6 
3 3 2 7 
4 3 2 7 23 
6 20 4 18 25 6 2 
8 26 38 16 40 6 23 2 4 
8 21 36 14 8 4 5 39 29 
8 2 5 20 32 38 13 23 36 
6 1 31 30 7 16 3 
4 15 27 5 12 
5 20 6 18 1 2 
5 17 11 28 24 6 
4 7 32 1 4 
3 11 14 17 
3 2 4 13 
5 4 6 1 33 38 
4 10 14 12 36 
3 8 18 5 
2 11 2 
3 12 5 6 
4 35 16 3 31 
3 6 18 1 
2 34 13 
3 15 2 7 
3 27 6 15 
3 5 14 19 
3 4 7 22 
3 2 6 29 
1 27 
3 23 14 13 
2 6 5 
4 12 14 22 2 
2 13 6 
2 2 12 

8 29 5 12 39 33 4 15 9 
5 28 6 19 10 4 
4 16 4 32 5 
16 18 8 19 2 5 15 11 3 34 13 36 6 35 7 1 21 
13 26 16 4 3 34 15 7 13 8 24 11 1 6 
13 5 37 23 12 14 27 10 2 7 4 21 9 17 
10 20 4 14 9 28 30 5 6 18 8 
8 7 22 32 12 37 4 11 5 
8 34 10 1 7 6 13 25 33 
5 6 2 21 9 25 
11 14 4 8 30 16 5 31 18 17 40 33 
5 24 1 8 39 6 
6 37 40 5 9 4 39 
4 7 6 11 20 
5 5 4 1 32 26 
11 19 30 3 20 11 17 36 22 26 5 29 
5 11 23 16 6 27 
4 11 4 31 7 
3 4 2 16 
4 14 16 34 7 
5 6 4 27 10 25 
2 8 16 
4 6 31 36 17 
3 35 5 12 
4 9 29 21 10 
5 5 16 15 29 39 
3 6 17 21 
3 2 35 7 
8 37 40 35 16 26 1 33 25 
3 16 7 11 
3 11 23 18 
3 8 3 15 
4 11 1 29 9 
4 4 20 9 5 
4 28 29 4 24 
3 23 4 16 
4 6 8 13 29 
0 
4 26 13 1 12 
3 11 13 29 

10 15 30 36 5 12 9 4 19 21 8 
6 14 12 9 7 4 26 
9 37 16 6 17 20 11 5 33 4 
19 6 36 34 38 3 20 14 9 40 35 5 8 7 1 16 29 2 33 22 
16 11 4 16 24 8 19 3 13 10 14 1 23 34 6 25 7 
10 5 25 21 3 33 4 18 13 38 28 
12 12 36 19 10 13 4 5 17 27 2 11 15 
8 21 27 5 24 40 28 4 1 
4 1 2 4 10 
4 7 35 9 5 
5 5 3 7 31 29 
5 2 7 30 1 40 
4 5 20 6 7 
7 32 5 4 31 2 22 15 
5 1 7 18 14 22 
6 4 39 17 3 5 18 
6 3 25 7 23 26 16 
3 15 16 6 
5 5 36 1 29 7 
5 4 3 22 13 23 
6 24 8 1 6 35 25 
4 15 14 4 20 
4 27 5 17 20 
4 8 5 21 35 
6 5 31 6 17 38 21 
2 2 17 
5 23 28 7 38 8 
3 27 8 6 
3 4 11 19 
2 12 1 
4 40 25 14 11 
2 38 14 
3 4 6 3 
2 5 4 
4 24 10 21 4 
4 7 19 4 1 
1 3 
5 27 6 4 32 25 
1 16 
4 31 4 12 8 

4 4 5 22 15 
16 4 13 8 9 27 7 5 29 24 34 28 6 37 10 20 26 
6 32 12 6 4 11 19 
15 8 3 14 39 2 22 6 9 26 16 7 13 1 5 23 
10 2 14 1 17 32 36 12 4 27 8 
11 7 2 3 19 10 21 38 4 24 13 11 
10 10 31 16 28 33 4 40 6 12 2 
6 5 19 36 4 2 9 
10 8 26 36 11 20 35 2 4 18 22 
8 31 7 17 33 6 30 35 2 
9 16 25 18 3 9 29 6 15 17 
10 3 30 7 5 39 21 15 14 23 18 
5 2 6 4 25 30 
5 12 4 33 29 5 
4 12 20 1 11 
4 21 4 11 7 
3 10 11 5 
4 12 9 11 30 
3 6 8 3 
7 23 29 9 2 15 32 37 
6 16 31 27 12 24 6 
4 26 9 1 4 
3 4 20 12 
4 2 6 38 21 
2 11 13 
7 22 9 32 28 4 39 2 
3 2 5 21 
3 26 2 7 
4 11 20 14 2 
4 18 12 10 13 
3 21 10 7 
5 35 3 26 20 5 
6 14 7 34 10 37 39 
2 33 2 
3 32 10 9 
3 8 5 9 
3 33 2 20 
2 24 6 
4 26 33 12 4 
1 7 

7 32 29 12 13 4 8 5 
9 16 40 26 4 34 15 11 36 21 
12 15 37 13 14 4 7 33 9 6 5 8 39 
19 38 35 10 2 6 14 27 11 28 31 9 8 19 1 3 20 17 5 7 
7 7 1 34 4 3 10 6 
11 32 11 14 18 5 35 3 20 29 4 9 
5 4 12 5 24 3 
11 10 27 18 23 19 4 30 3 16 21 1 
14 25 20 15 26 3 4 28 30 17 13 19 12 6 31 
7 26 21 22 5 4 23 8 
5 4 39 24 6 2 
9 37 1 25 22 7 38 9 29 33 
3 9 1 3 
5 16 17 4 6 3 
3 2 3 9 
3 8 14 2 
4 9 14 4 32 
2 6 8 
3 8 9 4 
5 9 4 38 25 6 
6 24 34 23 10 8 2 
5 27 12 10 40 31 
5 37 8 39 21 10 
3 11 7 21 
4 20 12 28 9 
3 9 10 2 
4 34 8 22 4 
3 4 25 9 
4 1 12 6 38 
3 8 40 9 
3 22 9 4 
3 6 17 1 
2 12 3 
5 2 21 27 5 35 
4 37 34 4 6 
1 2 
4 3 23 35 12 
4 12 29 20 4 
3 23 11 3 
3 22 2 30 

18 7 8 25 4 13 15 19 18 33 20 6 12 29 22 30 9 21 5 
7 28 5 33 4 6 10 17 
4 4 16 23 36 
13 8 29 37 14 21 2 10 11 6 3 23 5 1 
13 9 38 12 7 14 29 24 2 36 1 20 4 32 
10 26 2 7 28 22 4 8 15 16 1 
5 17 22 1 6 5 
6 6 9 4 11 34 1 
12 35 16 5 8 11 10 13 24 20 26 1 40 
6 38 2 9 4 13 31 
6 8 12 39 30 4 9 
9 36 15 5 11 14 32 19 1 18 
4 9 10 1 25 
7 27 18 4 17 5 12 38 
3 6 12 1 
3 6 3 9 
9 22 39 2 40 25 7 18 24 14 
5 14 12 17 31 1 
4 1 28 23 12 
3 1 5 9 
2 4 1 
4 6 7 1 17 
6 32 4 36 27 3 19 
4 17 5 9 30 
3 13 1 17 
4 40 37 6 9 
2 23 14 
3 19 6 2 
5 1 38 33 5 4 
5 34 24 36 11 1 
2 10 18 
4 12 23 5 35 
3 2 1 29 
2 8 30 
2 9 32 
5 3 23 30 12 5 
2 26 4 
4 5 14 10 29 
2 17 11 
3 9 17 26 

9 31 25 6 15 5 7 19 4 23 
10 5 29 24 20 7 4 19 6 8 10 
2 12 4 
11 1 27 5 3 33 6 18 10 24 2 9 
14 32 7 28 37 2 14 36 12 39 9 30 4 38 1 
13 22 36 4 17 2 24 33 15 12 39 38 8 1 
10 1 19 8 26 5 2 10 23 13 9 
7 11 40 25 2 7 28 6 
7 4 30 11 21 7 13 5 
5 7 11 2 16 4 
4 9 8 13 10 
8 35 6 26 3 17 34 14 5 
10 9 25 15 31 7 11 14 18 39 17 
3 5 13 12 
3 13 1 6 
1 10 
3 13 6 12 
5 13 19 27 23 4 
7 7 2 24 1 28 18 25 
4 27 2 21 31 
5 9 39 32 40 20 
2 26 6 
4 33 1 18 7 
5 40 2 19 4 6 
6 13 30 35 1 19 8 
3 22 7 12 
5 4 31 37 20 18 
3 8 19 5 
1 2 
3 25 5 9 
6 27 35 34 13 20 1 
2 21 5 
5 4 34 39 6 23 
3 12 33 31 
3 31 12 25 
3 37 6 5 
3 36 27 5 
2 5 6 
5 21 33 5 6 13 
3 8 24 21 

6 11 37 15 4 5 34 
1 4 
11 24 9 23 4 5 31 19 38 6 30 37 
19 38 9 26 24 12 13 7 8 32 25 5 3 1 6 30 17 10 11 2 
13 6 13 1 23 33 10 34 12 7 22 4 28 3 
13 20 7 15 9 3 16 33 14 17 4 8 5 21 
10 4 10 27 28 25 8 6 20 11 5 
5 7 6 4 28 12 
9 34 20 4 6 13 22 14 3 35 
8 17 5 21 18 4 27 15 7 
4 7 1 4 14 
11 36 25 40 29 31 4 32 16 18 5 8 
3 5 4 9 
9 20 18 9 35 23 6 16 27 11 
4 6 10 16 1 
6 6 20 21 14 12 15 
5 37 34 6 4 10 
6 31 30 10 14 37 12 
3 22 3 32 
7 7 16 21 14 6 9 22 
6 36 16 20 10 29 6 
5 20 28 9 19 5 
6 5 14 26 27 3 32 
3 3 34 4 
4 12 40 7 4 
3 4 40 23 
4 23 14 7 10 
5 8 29 5 7 22 
3 21 28 12 
3 4 3 18 
5 3 18 33 38 12 
5 19 23 4 12 35 
3 5 31 6 
5 17 24 1 9 5 
3 32 9 14 
2 21 12 
4 1 18 3 17 
3 4 3 31 
0 
3 26 25 12 

14 34 5 4 17 10 32 15 6 18 35 31 21 30 27 
15 9 4 16 13 33 19 29 31 11 27 37 7 20 12 34 
7 8 4 10 31 17 38 5 
13 3 1 5 8 25 6 7 28 15 22 30 12 2 
26 40 10 6 26 16 8 12 1 7 34 13 18 33 21 11 23 29 36 25 24 4 35 14 3 39 19 
5 1 20 4 5 36 
9 5 26 9 22 28 14 2 4 32 
10 22 23 3 35 24 19 5 20 4 9 
4 30 8 2 7 
8 25 1 13 11 5 18 3 15 
5 17 2 5 21 10 
3 4 2 5 
8 32 2 26 5 10 33 16 19 
4 5 35 7 24 
8 23 39 18 36 1 10 4 19 
4 5 13 29 2 
5 11 3 27 1 21 
5 10 15 26 1 5 
6 22 15 13 2 5 8 
4 2 6 29 8 
4 5 1 17 11 
4 7 19 8 4 
3 5 8 15 
6 30 5 39 14 36 8 
3 4 10 5 
4 7 5 13 18 
6 2 17 1 39 35 40 
3 4 37 7 
5 16 5 2 20 38 
5 4 9 31 24 1 
4 30 3 1 2 
3 7 1 13 
3 13 5 2 
3 1 2 5 
5 8 1 14 27 5 
4 15 24 5 6 
2 28 2 
2 29 3 
5 5 27 15 40 24 
3 39 5 27 

10 6 21 37 4 15 7 8 22 5 9 
2 32 4 
16 4 10 25 8 19 18 6 9 17 11 40 38 14 5 7 27 
18 5 37 23 2 14 6 12 22 36 32 1 16 30 7 3 35 8 13 
10 24 4 13 40 10 15 20 16 1 3 
15 9 3 15 12 33 34 1 4 11 26 17 19 31 21 27 
7 25 3 11 40 17 1 4 
9 10 16 24 1 3 34 26 4 28 
7 19 12 35 1 27 3 6 
7 3 36 13 5 8 33 18 
3 7 3 6 
6 6 4 38 9 24 14 
3 5 10 4 
4 3 12 4 27 
5 26 1 5 6 16 
4 15 4 5 8 
4 7 3 23 6 
2 10 3 
4 9 3 40 6 
2 5 39 
3 38 6 1 
3 1 32 4 
3 17 33 4 
6 8 40 12 37 36 5 
5 3 29 7 37 28 
3 8 6 15 
4 3 9 14 6 
2 25 8 
1 25 
1 4 
2 39 6 
3 22 4 2 
3 10 23 6 
2 8 6 
2 4 9 
3 4 24 10 
4 24 4 25 1 
3 12 3 21 
2 20 31 
5 5 3 19 24 7 

9 18 13 11 39 6 10 4 37 5 
10 8 7 9 4 37 30 14 5 11 18 
3 4 6 9 
16 26 34 5 22 12 6 17 33 3 1 29 10 28 20 9 2 
13 8 1 40 26 7 10 32 27 2 25 4 20 11 
12 7 8 3 12 30 4 1 17 16 34 39 38 
5 6 2 5 19 21 
8 2 31 12 5 24 26 15 6 
9 13 4 2 21 38 15 40 3 17 
3 5 1 4 
5 29 5 2 1 23 
5 4 22 28 8 6 
5 9 1 32 38 14 
6 18 20 31 30 2 13 
5 29 28 8 25 9 
1 6 
5 20 9 6 26 4 
4 21 14 1 2 
3 30 24 7 
4 5 4 14 17 
3 9 18 7 
5 37 12 33 23 4 
2 11 22 
2 8 19 
2 5 15 
6 4 39 8 17 29 5 
2 36 5 
4 15 4 34 12 
5 26 11 31 4 15 
5 14 6 19 35 2 
3 29 8 14 
3 13 39 5 
4 22 38 39 4 
3 6 4 28 
1 30 
1 27 
3 1 22 2 
4 6 13 33 9 
5 26 1 33 6 32 
2 5 9 

5 34 4 12 9 7 
5 4 12 26 5 9 
20 10 5 16 19 25 26 32 17 27 8 13 30 38 20 4 28 6 23 11 22 
18 21 37 14 7 10 30 33 2 6 16 39 38 25 1 24 27 3 5 
15 2 13 8 3 15 14 6 34 7 9 4 39 35 11 36 
10 36 5 23 25 35 3 4 8 15 29 
7 20 5 17 1 4 15 10 
8 19 3 33 18 14 5 40 6 
3 2 1 5 
6 3 7 13 23 4 36 
4 14 24 3 5 
7 1 29 2 14 31 20 22 
3 10 5 3 
7 11 16 8 12 4 5 15 
9 5 16 21 25 6 14 36 18 7 
7 19 4 15 3 14 34 33 
2 7 3 
9 25 31 30 28 8 19 15 23 32 
5 8 16 35 18 3 
5 22 12 7 3 38 
4 29 15 27 4 
5 3 24 20 12 23 
7 6 33 10 22 37 18 3 
6 11 40 4 35 22 27 
5 15 6 18 3 4 
3 2 28 3 
5 4 21 24 3 36 
3 26 18 3 
3 12 21 6 
3 18 3 4 
3 18 32 12 
4 31 18 3 35 
4 23 4 8 16 
3 16 1 5 
5 5 24 32 6 19 
5 10 15 5 6 27 
3 39 23 4 
3 20 4 3 
3 37 5 4 
2 24 8 

11 24 5 26 39 13 34 14 6 9 15 4 
2 6 4 
24 32 31 29 5 7 4 19 8 12 40 33 37 10 11 20 14 16 24 23 9 28 35 22 6 
17 19 7 30 16 8 13 39 21 1 2 5 17 10 38 22 3 15 
3 4 3 1 
9 8 2 3 11 1 10 21 7 36 
15 29 3 26 4 16 12 36 23 34 6 22 9 33 17 18 
3 3 6 4 
6 3 1 7 37 17 12 
6 31 3 24 11 6 4 
9 36 21 6 35 13 10 22 27 3 
4 24 9 3 7 
10 18 29 40 37 28 1 11 4 20 16 
9 33 26 31 19 1 30 3 39 38 
3 1 18 4 
6 4 23 3 13 7 34 
3 7 4 9 
4 7 21 13 15 
6 28 22 14 4 3 32 
3 13 3 32 
4 18 4 6 11 
5 3 4 7 19 11 
3 7 3 16 
5 10 3 12 1 40 
0 
4 7 14 1 31 
2 29 11 
3 3 19 13 
4 3 27 13 7 
2 4 14 
4 3 10 26 14 
3 20 3 19 
3 3 7 14 
3 7 1 16 
2 11 3 
3 6 7 11 
3 13 3 9 
2 14 4 
3 4 14 1 
3 13 3 24 

18 7 8 10 9 11 40 26 23 14 5 4 19 24 22 20 37 30 38 
2 18 4 
6 12 5 9 4 6 7 
8 23 33 11 2 1 5 3 6 
16 6 4 3 7 9 1 33 13 14 36 20 8 12 26 34 40 
15 38 29 27 12 5 18 31 21 15 4 39 3 37 8 10 
3 3 1 5 
10 24 40 1 6 29 38 5 12 13 26 
6 14 5 3 1 18 15 
5 11 28 6 1 35 
5 39 10 1 4 25 
7 5 3 40 8 21 6 23 
5 25 8 18 5 37 
3 9 5 1 
4 35 9 6 38 
9 30 32 34 19 36 17 25 31 20 
2 16 32 
7 13 20 6 27 37 9 2 
3 16 28 1 
5 5 18 16 27 1 
2 6 12 
1 1 
3 1 4 12 
2 1 8 
4 16 13 11 31 
4 1 27 8 5 
5 18 20 30 26 6 
2 19 10 
2 8 6 
3 1 16 27 
3 25 6 16 
3 33 16 17 
3 5 32 4 
2 5 16 
2 10 15 
2 5 16 
4 6 13 18 1 
4 1 6 15 8 
2 6 11 
4 5 8 1 12 

11 9 29 16 10 28 19 27 4 6 5 20 
8 6 5 21 4 13 31 11 10 
2 4 7 
9 24 3 1 8 35 7 11 5 2 
14 7 12 9 4 22 39 1 35 14 2 30 15 11 6 
3 2 5 1 
6 5 10 4 31 3 22 
5 17 25 11 4 13 
7 16 19 26 18 5 36 1 
6 2 21 7 37 15 1 
10 19 8 5 13 17 2 21 20 4 16 
3 5 28 32 
6 16 14 15 8 11 2 
3 13 5 31 
4 5 33 13 10 
8 13 11 1 9 27 29 22 17 
4 8 24 16 11 
1 9 
8 35 1 11 30 36 9 32 25 
6 25 32 11 1 35 24 
6 10 2 28 34 11 23 
6 5 28 16 38 39 7 
2 30 21 
3 17 20 4 
6 20 29 19 35 8 27 
1 9 
3 1 25 16 
4 1 21 12 22 
4 25 16 1 34 
3 23 5 19 
3 2 7 14 
4 39 20 19 12 
1 15 
3 29 40 21 
5 4 20 5 25 19 
2 19 9 
1 10 
1 22 
3 5 22 32 
1 34 

14 37 25 28 35 4 10 5 21 15 9 18 7 13 6 
7 40 31 17 5 23 13 4 
6 8 6 4 20 38 10 
16 37 31 3 6 39 1 9 5 26 40 19 12 7 2 23 11 
3 2 4 1 
20 3 18 23 32 1 36 19 4 8 27 33 20 21 29 17 12 14 28 10 35 
5 1 8 4 39 40 
15 6 31 13 3 37 23 14 26 34 9 7 36 15 33 17 
3 8 4 1 
4 6 3 1 12 
3 4 20 18 
13 38 13 25 30 15 23 4 10 24 16 6 36 40 
7 32 12 21 22 2 8 1 
4 16 8 6 25 
8 33 1 19 22 12 17 24 8 
3 14 12 26 
7 2 6 18 26 15 8 34 
6 11 34 1 17 6 25 
4 15 29 4 6 
3 11 3 6 
3 13 1 6 
2 15 13 
7 32 12 28 2 4 8 6 
2 12 15 
7 38 27 12 18 37 1 14 
4 17 4 8 16 
5 30 38 25 31 6 
3 23 1 6 
2 19 6 
2 12 27 
6 4 37 8 39 27 2 
3 13 23 6 
3 15 8 6 
3 17 18 8 
2 6 1 
3 8 12 6 
5 1 8 31 25 4 
5 40 12 27 3 25 
3 31 4 7 
5 2 38 7 4 12 

7 33 5 6 32 22 4 20 
9 4 5 38 25 10 7 9 13 26 
8 8 12 11 4 6 7 27 29 
3 2 1 3 
12 31 2 7 20 40 17 38 14 19 1 16 11 
15 12 23 30 18 22 11 8 3 26 1 9 36 29 16 27 
8 29 32 2 15 27 5 3 8 
6 33 3 6 7 24 32 
7 12 20 30 2 10 19 6 
5 15 34 2 9 14 
8 13 14 5 22 38 6 3 30 
5 21 3 9 16 6 
2 2 11 
5 11 17 25 10 5 
5 7 18 22 28 10 
4 24 5 6 12 
4 14 26 36 5 
4 33 6 15 37 
3 5 21 9 
6 25 5 24 28 1 9 
4 33 12 39 19 
5 15 11 6 1 29 
2 6 34 
3 20 8 16 
4 2 14 20 27 
6 17 2 36 35 6 32 
4 6 25 7 3 
2 15 20 
4 6 22 3 7 
4 11 9 35 6 
2 5 39 
5 7 34 1 26 8 
4 18 21 8 1 
3 23 10 32 
2 26 30 
3 6 26 17 
1 18 
3 11 5 2 
2 21 31 
1 5 

5 23 4 34 6 27 
10 12 23 20 9 5 39 7 18 31 4 
0 
10 1 20 2 6 13 8 36 5 21 9 
11 8 24 26 16 4 17 9 2 15 12 23 
10 13 1 31 4 24 28 11 18 7 20 
9 6 17 2 34 37 10 11 15 14 
5 18 5 4 23 38 
14 19 10 31 2 15 12 5 38 36 25 33 14 4 21 
5 7 18 35 16 9 
5 6 32 7 29 14 
5 31 2 9 5 17 
4 6 22 37 4 
4 7 9 11 35 
5 7 19 5 16 9 
8 10 5 30 28 15 22 23 40 
8 29 5 26 24 7 36 30 12 
8 19 21 2 6 25 10 40 8 
5 9 27 35 15 18 
4 4 2 6 34 
4 4 32 18 9 
3 39 16 13 
6 5 16 8 2 39 1 
3 6 17 5 
2 9 18 
4 27 17 5 28 
3 26 19 1 
6 33 34 30 16 6 26 
2 11 17 
3 17 28 16 
5 2 9 12 40 6 
2 11 21 
2 9 28 
4 20 7 28 1 
3 19 10 14 
4 17 4 9 37 
3 36 7 13 
3 9 8 39 
4 2 38 22 23 
3 16 31 18 

