8 35 12 23 3 6 4 27 18 
2 3 8 
6 1 11 34 2 5 4 
12 1 21 37 5 6 3 10 31 13 20 7 39 
7 4 27 22 9 17 3 32 
6 9 1 10 7 16 4 
12 14 13 19 6 17 11 25 15 20 40 8 4 
5 2 21 32 7 12 
5 5 15 24 6 14 
3 36 4 6 
3 7 3 28 
3 1 29 8 
2 4 7 
5 23 29 7 38 9 
8 30 25 7 18 19 16 33 9 
2 6 15 
4 5 26 30 7 
3 1 22 15 
3 15 28 7 
5 38 4 31 33 7 
2 8 4 
3 5 18 26 
3 24 1 14 
2 9 23 
3 34 15 7 
2 22 17 
3 5 39 1 
3 11 36 19 
2 14 12 
2 15 17 
4 20 4 35 37 
2 5 8 
2 20 15 
2 25 3 
2 31 1 
3 40 28 10 
2 4 31 
2 14 20 
2 4 27 
2 36 7 

6 3 26 5 10 13 14 
9 8 12 6 32 4 11 3 18 22 
6 38 1 40 5 4 2 
5 17 19 2 25 3 
14 19 8 29 21 14 1 30 6 31 15 40 10 3 7 
12 23 5 33 7 39 18 12 37 16 9 30 2 
3 6 5 11 
6 20 2 24 25 5 9 
3 17 8 6 
2 5 1 
9 7 2 16 23 24 21 13 22 15 
2 6 2 
3 11 1 37 
2 5 1 
4 11 26 36 5 
4 20 11 6 35 
3 9 36 4 
5 6 34 27 2 28 
6 4 34 39 5 33 32 
2 16 8 
4 27 35 11 5 
3 11 2 38 
3 6 11 29 
3 11 8 28 
3 4 31 8 
2 1 15 
2 21 18 
2 24 18 
2 5 23 
2 5 6 
2 5 25 
2 19 2 
2 6 19 
2 19 18 
2 21 16 
2 15 17 
2 13 6 
2 3 22 
2 19 6 
2 3 5 

6 31 17 8 3 29 9 
4 27 7 4 3 
14 13 9 15 6 7 5 4 38 1 11 22 10 2 34 
5 3 2 31 5 23 
4 4 3 8 6 
7 5 16 11 14 3 20 40 
3 3 19 2 
4 1 33 12 5 
9 3 17 39 35 1 10 26 32 29 
8 14 15 3 20 9 13 34 23 
8 19 16 37 33 27 6 3 12 
3 25 8 11 
4 18 3 21 10 
4 6 38 10 18 
3 28 3 10 
3 11 24 6 
5 9 21 25 39 1 
2 14 13 
5 40 11 22 32 7 
3 6 10 30 
4 13 24 26 17 
4 19 35 36 3 
4 36 4 30 10 
2 21 16 
2 12 17 
3 9 28 21 
2 2 11 
2 15 26 
2 1 9 
2 23 20 
3 4 37 1 
2 9 19 
2 11 8 
2 3 10 
2 9 22 
2 23 22 
2 31 11 
2 14 3 
2 9 17 
2 6 19 

3 3 5 4 
2 8 3 
11 4 23 17 38 31 14 1 39 2 22 7 
10 5 25 36 6 16 1 37 3 8 13 
18 23 27 16 38 33 1 4 10 29 12 9 18 17 35 6 21 15 24 
6 9 19 4 5 7 12 
2 3 6 
9 21 11 26 34 19 14 10 4 2 
5 5 11 35 6 26 
4 8 5 13 28 
2 8 9 
4 5 6 18 15 
2 10 4 
2 8 3 
5 20 27 22 12 5 
2 4 5 
3 5 3 20 
2 12 5 
3 28 6 8 
2 17 15 
5 8 5 24 29 25 
3 3 30 15 
2 3 5 
3 33 21 5 
2 4 21 
4 9 8 40 30 
4 5 15 31 37 
2 19 10 
2 5 21 
4 32 26 22 34 
4 32 27 39 3 
2 31 30 
2 24 5 
3 8 36 30 
3 40 9 5 
2 34 4 
2 4 27 
2 3 5 
2 3 31 
2 35 26 

10 3 6 25 14 10 18 23 15 5 4 
3 3 7 18 
11 2 19 4 39 12 6 1 8 31 9 7 
9 16 1 5 10 8 3 9 11 20 
4 4 1 22 23 
4 21 3 33 1 
10 38 35 27 13 32 22 2 34 3 11 
3 3 28 4 
6 17 14 28 3 4 26 
5 1 16 30 4 15 
6 7 19 24 4 13 12 
4 3 34 11 30 
6 7 36 39 11 17 40 
2 1 9 
3 32 10 1 
3 21 4 10 
2 9 13 
5 29 1 2 37 26 
4 20 11 29 3 
3 25 4 19 
3 16 33 6 
3 5 24 7 
2 5 1 
2 11 22 
2 20 1 
3 9 27 18 
4 31 26 37 7 
4 9 35 8 38 
2 19 18 
2 12 10 
2 27 3 
3 7 36 15 
2 21 6 
2 12 7 
2 28 7 
2 13 32 
2 18 27 
2 28 7 
2 13 3 
1 13 

9 27 9 3 8 4 36 37 25 17 
5 11 22 5 3 21 
16 7 1 38 10 8 9 19 20 34 2 11 13 5 27 4 6 
2 3 1 
7 22 13 3 2 35 31 6 
4 7 3 16 5 
6 39 3 12 15 6 18 
3 12 1 3 
7 1 24 10 3 23 21 15 
6 3 14 9 28 38 37 
5 30 2 16 40 3 
4 14 18 7 8 
3 5 17 3 
5 20 12 10 30 26 
2 7 9 
2 11 6 
6 1 32 28 19 13 31 
5 23 26 12 7 33 
5 17 3 29 25 39 
2 14 3 
2 2 9 
3 36 5 2 
3 18 24 9 
2 9 23 
3 34 1 19 
3 14 18 29 
3 3 1 35 
2 17 10 
3 33 19 26 
3 14 32 11 
2 17 5 
2 30 17 
2 18 29 
2 25 3 
2 5 27 
2 22 1 
2 1 10 
2 10 3 
3 19 40 7 
2 39 11 

14 22 10 3 14 13 6 18 8 5 33 25 4 26 38 
1 3 
14 1 19 32 10 35 5 2 4 6 28 11 12 39 16 
10 1 9 33 14 21 7 17 16 3 19 
10 1 24 3 7 20 34 9 11 13 25 
6 23 1 31 18 38 3 
9 23 35 29 8 31 36 5 17 4 
2 1 7 
6 15 4 5 21 32 26 
3 15 3 1 
5 3 36 27 12 5 
2 3 11 
2 1 5 
3 40 4 1 
3 10 9 30 
3 40 4 3 
3 37 7 4 
2 1 6 
6 3 20 30 4 28 22 
2 19 5 
2 9 4 
3 34 19 1 
3 7 24 6 
2 5 23 
2 1 5 
3 1 27 9 
2 11 26 
5 19 3 39 37 29 
2 28 7 
2 15 19 
2 6 7 
2 9 3 
2 1 4 
2 22 5 
2 3 7 
2 11 7 
2 17 28 
2 6 1 
3 28 40 3 
3 14 39 16 

16 8 40 16 33 27 38 9 39 11 6 5 7 19 13 3 4 
8 3 38 15 16 21 22 14 4 
6 10 30 1 2 5 11 
3 12 1 2 
9 13 9 6 27 3 1 19 17 18 
7 1 23 40 18 5 35 7 
4 8 1 12 6 
6 26 7 10 20 1 25 
3 24 5 1 
7 37 15 39 3 32 8 21 
5 3 17 25 1 36 
3 28 7 4 
4 14 1 5 22 
3 13 2 20 
5 2 34 10 33 23 
3 1 2 32 
2 11 5 
2 5 6 
4 5 29 1 34 
3 14 8 24 
5 2 10 28 26 37 
3 2 13 30 
3 15 31 6 
2 9 20 
2 8 11 
4 21 8 35 29 
2 1 5 
2 12 21 
3 26 31 19 
2 22 3 
2 23 29 
3 16 36 10 
2 15 1 
2 15 19 
2 6 26 
2 11 32 
2 21 10 
2 2 1 
2 1 10 
2 1 6 

3 3 7 31 
8 10 7 14 4 3 31 8 16 
14 10 9 26 25 20 24 14 5 11 6 1 2 19 4 
13 17 13 20 12 35 18 3 32 21 5 2 15 6 
8 21 9 13 26 35 3 4 27 
5 8 4 37 38 3 
5 30 1 16 2 33 
6 36 23 11 25 6 2 
5 3 19 28 5 24 
8 12 3 36 2 22 18 40 29 
2 8 3 
6 4 22 28 17 10 15 
5 39 30 5 27 4 
3 23 3 2 
3 37 4 12 
2 2 7 
2 4 12 
4 4 34 10 29 
3 9 34 3 
2 3 4 
2 5 4 
2 10 12 
2 14 8 
3 3 38 9 
2 8 3 
2 3 5 
2 5 13 
3 12 39 9 
2 18 10 
3 32 13 7 
3 2 1 33 
2 30 4 
2 7 31 
2 19 18 
2 4 5 
2 8 10 
2 15 6 
2 24 6 
2 13 28 
1 10 

3 36 3 26 
18 17 11 4 24 8 36 3 5 6 19 33 25 20 22 18 13 7 9 
18 13 12 1 23 27 6 35 37 4 15 26 5 33 18 31 14 2 16 
4 2 3 7 40 
8 3 27 30 2 10 8 9 12 
2 3 2 
9 29 15 31 10 2 32 14 25 4 
5 28 2 22 39 5 
5 24 19 5 2 11 
4 5 7 16 23 
3 9 28 2 
2 3 5 
4 21 2 30 3 
4 3 20 7 32 
3 7 17 3 
2 10 3 
3 34 2 15 
2 3 2 
2 9 2 
5 21 38 14 40 2 
2 20 13 
2 2 8 
2 10 3 
2 9 2 
5 2 39 37 7 35 
3 29 3 1 
2 3 5 
2 11 8 
2 26 7 
4 13 38 34 5 
2 7 3 
2 7 14 
2 3 2 
2 17 30 
3 40 3 25 
2 2 1 
2 3 25 
2 30 20 
2 8 25 
3 4 35 20 

3 3 6 15 
8 27 5 30 4 18 3 34 7 
8 25 2 20 4 8 6 1 40 
12 20 34 5 10 3 8 2 11 16 37 15 22 
4 24 2 4 30 
16 27 17 9 12 36 13 23 1 37 24 3 19 11 10 7 21 
5 6 17 2 14 25 
12 9 31 22 3 13 33 4 32 28 12 16 23 
2 6 8 
3 6 18 4 
2 4 6 
2 6 8 
5 6 39 29 8 14 
2 13 7 
3 1 4 35 
2 4 8 
9 29 7 21 40 26 28 35 19 6 
2 2 10 
4 17 38 6 26 
2 3 4 
2 17 6 
3 33 8 4 
2 6 8 
4 31 5 39 6 
2 3 7 
2 17 19 
3 32 2 6 
3 38 8 17 
2 13 17 
2 5 2 
2 24 8 
2 8 27 
2 8 22 
2 4 2 
2 15 17 
1 6 
2 4 6 
2 19 28 
2 24 13 
2 3 17 

9 16 40 15 21 3 9 34 5 4 
11 3 27 14 12 22 19 11 20 13 38 6 
10 1 28 33 17 29 8 4 39 7 2 
12 5 10 39 15 6 21 8 18 3 11 35 1 
7 4 36 32 24 1 13 14 
6 9 10 4 7 32 2 
3 3 27 6 
5 31 25 12 4 3 
3 6 22 1 
2 4 6 
7 20 31 4 37 36 18 2 
4 30 8 2 28 
3 5 2 16 
2 2 5 
4 1 4 17 23 
2 13 1 
2 3 15 
4 4 19 11 24 
2 18 2 
2 2 11 
4 25 4 23 1 
7 9 2 29 34 33 26 40 
4 21 15 26 35 
2 5 18 
2 21 8 
2 22 23 
2 2 7 
4 3 12 38 30 
2 3 22 
2 12 28 
3 11 8 36 
2 5 6 
2 22 3 
2 1 22 
2 23 4 
3 11 31 5 
1 11 
2 28 2 
2 3 4 
2 1 22 

8 12 20 4 35 14 7 9 3 
1 3 
12 8 25 5 11 13 12 28 10 37 1 2 4 
13 7 25 3 5 19 1 17 35 36 16 6 32 24 
8 4 9 21 6 19 3 8 11 
9 5 14 18 4 34 10 36 38 15 
5 29 32 4 1 24 
2 3 5 
3 39 1 5 
2 3 6 
6 31 13 30 18 3 5 
6 20 33 3 17 1 21 
3 3 23 11 
5 26 28 6 1 15 
6 6 29 33 16 14 27 
6 4 15 27 22 31 26 
2 12 4 
2 6 11 
3 5 38 4 
3 1 30 12 
3 12 22 5 
3 16 21 23 
3 22 13 34 
2 7 4 
2 3 4 
2 16 14 
3 15 16 39 
2 3 14 
2 15 7 
2 11 20 
3 16 11 37 
2 4 7 
2 12 15 
2 23 6 
2 1 4 
2 6 4 
2 3 31 
2 19 6 
2 27 9 
0 

10 22 28 13 6 8 14 4 3 7 12 
5 3 35 10 38 23 
11 33 2 1 20 17 40 4 26 18 27 5 
17 8 14 20 35 13 34 22 5 28 3 25 1 6 21 11 9 24 
5 10 4 15 7 3 
9 38 11 1 17 9 4 39 31 29 
2 1 5 
3 33 4 1 
4 6 19 4 25 
6 2 31 16 5 26 12 
6 4 37 6 30 32 36 
4 10 1 23 15 
7 37 4 18 1 30 27 39 
3 4 1 16 
3 5 40 12 
3 21 10 14 
3 3 6 29 
4 3 32 13 19 
2 9 18 
2 4 3 
2 16 4 
3 24 4 1 
2 12 2 
2 22 4 
2 4 9 
3 36 10 3 
2 3 13 
2 1 4 
2 17 6 
2 11 13 
3 6 37 10 
2 11 18 
2 8 3 
1 4 
3 4 40 2 
2 11 26 
3 11 13 31 
3 6 2 40 
2 13 6 
4 38 3 35 15 

4 30 3 4 11 
11 3 36 29 32 4 5 22 28 18 9 7 
4 39 2 38 1 
16 11 1 6 35 17 2 10 30 14 29 20 9 5 19 33 16 
15 17 4 6 31 2 20 24 32 23 8 26 12 10 34 7 
4 40 4 5 15 
9 35 15 5 2 13 8 14 25 18 
2 7 5 
3 2 25 4 
6 22 5 13 31 12 4 
3 1 26 4 
2 5 10 
3 10 24 7 
5 16 27 4 37 7 
4 6 19 7 21 
3 4 21 14 
2 5 4 
3 36 2 7 
2 15 4 
2 4 5 
4 38 37 16 15 
5 10 23 2 28 39 
2 22 5 
3 5 27 13 
2 9 7 
2 5 11 
2 24 14 
2 22 2 
3 2 4 34 
2 1 4 
2 5 10 
2 2 5 
1 4 
2 5 29 
2 7 4 
2 18 2 
2 14 21 
2 3 21 
2 22 3 
1 6 

10 10 23 5 3 22 19 9 8 30 27 
19 29 12 17 10 40 5 6 20 35 14 36 4 3 7 16 39 11 33 21 
4 28 2 1 4 
4 7 2 3 27 
12 18 14 1 6 16 13 8 12 23 24 2 11 
4 2 24 5 13 
5 28 38 9 2 4 
4 37 1 17 5 
2 1 7 
3 15 2 1 
5 34 5 29 21 2 
5 36 26 20 2 5 
5 34 6 5 15 32 
5 31 2 5 18 25 
3 13 37 10 
6 25 5 2 31 39 19 
2 8 2 
3 5 14 40 
4 1 30 16 22 
2 12 2 
2 11 2 
2 1 19 
3 33 5 1 
4 6 5 35 26 
3 14 16 32 
2 12 24 
3 40 4 1 
3 7 34 3 
2 11 2 
2 19 1 
2 14 16 
3 25 33 13 
3 32 23 2 
3 11 28 13 
2 24 2 
2 2 12 
2 8 15 
1 7 
2 2 16 
3 18 2 27 

3 3 18 25 
11 7 3 26 5 27 14 38 11 4 40 10 
12 35 4 8 1 10 5 2 25 21 30 6 15 
14 34 29 6 37 24 22 8 32 12 2 21 9 3 27 
4 17 3 2 11 
6 7 4 3 17 19 28 
4 13 6 9 2 
3 4 3 13 
2 7 4 
4 12 30 2 3 
3 2 5 36 
8 31 10 23 33 15 4 19 38 
7 32 8 14 36 29 7 24 
7 26 16 23 2 13 40 20 
3 12 3 16 
6 28 37 31 14 15 18 
6 6 33 35 39 20 5 
2 1 16 
2 12 6 
2 17 14 
3 22 3 4 
3 4 21 34 
2 12 14 
2 13 4 
2 1 3 
2 2 14 
2 2 4 
2 6 16 
2 13 4 
2 3 10 
2 16 12 
2 4 13 
2 12 17 
2 22 4 
3 38 3 17 
2 11 13 
2 16 4 
3 12 2 35 
1 17 
2 2 14 

14 35 7 16 38 8 33 14 24 4 15 19 6 5 3 
2 3 17 
24 25 9 8 13 38 27 23 2 7 36 30 1 5 10 35 14 22 4 6 19 34 18 31 29 
9 3 13 20 12 1 10 33 16 11 
7 25 3 26 9 24 12 1 
3 20 3 1 
2 1 3 
5 36 1 15 21 3 
4 5 31 3 21 
6 17 4 22 29 3 11 
3 10 4 23 
2 4 5 
3 3 37 4 
2 1 3 
3 8 28 1 
3 1 4 18 
2 2 10 
2 3 16 
2 3 1 
2 4 6 
4 9 39 32 8 
3 26 10 3 
3 27 11 3 
2 1 5 
2 3 5 
2 5 22 
2 23 3 
1 15 
2 3 10 
1 3 
2 9 3 
1 21 
2 1 4 
1 3 
2 1 3 
3 39 3 8 
1 13 
2 3 1 
2 36 21 
0 

2 38 3 
9 7 11 6 33 15 21 3 4 5 
9 2 19 20 27 17 23 4 12 1 
12 35 28 3 26 36 2 34 5 24 8 22 10 
18 26 2 33 7 11 10 25 29 24 16 8 9 4 6 30 18 13 38 
2 5 2 
3 2 30 5 
7 4 15 9 12 39 5 19 
2 5 8 
4 5 14 28 4 
9 5 29 2 31 20 14 32 16 35 
3 8 3 13 
3 5 12 27 
4 31 10 17 11 
3 2 8 40 
2 5 11 
5 3 25 18 32 14 
3 5 21 17 
3 23 3 8 
2 3 11 
3 2 22 18 
2 4 21 
2 3 19 
2 4 5 
2 5 17 
4 5 4 40 37 
3 13 28 3 
4 4 27 10 32 
4 11 30 5 39 
3 7 5 29 
2 14 11 
4 28 11 34 17 
2 5 2 
2 4 32 
2 11 4 
1 4 
1 26 
2 1 5 
3 29 8 40 
3 39 26 15 

3 37 3 4 
4 3 10 11 7 
9 5 32 31 2 1 4 8 6 27 
13 38 34 32 14 3 1 10 6 12 39 5 7 17 
6 8 3 9 29 14 4 
6 9 16 4 21 13 3 
7 2 4 37 12 13 20 15 
4 5 40 3 18 
2 5 6 
10 36 4 11 2 25 39 17 15 35 22 
5 10 35 33 22 2 
5 7 38 40 4 19 
8 30 34 21 18 7 19 6 16 
4 29 26 5 4 
4 10 30 7 24 
4 25 13 24 6 
6 36 4 10 20 26 28 
4 13 8 23 33 
2 12 13 
3 17 7 23 
3 6 31 13 
2 10 11 
2 18 20 
3 36 16 15 
2 10 16 
4 17 37 14 39 
1 3 
1 17 
2 5 14 
2 13 15 
2 3 21 
3 3 34 4 
2 18 11 
3 4 13 32 
3 11 37 10 
3 24 17 10 
5 1 35 40 26 7 
2 4 12 
3 26 10 4 
3 37 12 8 

14 19 39 11 35 16 5 29 3 23 24 4 21 12 37 
4 11 9 16 3 
9 9 4 29 2 28 7 6 1 33 
6 5 3 1 6 17 8 
8 27 32 1 4 15 38 26 14 
13 4 3 20 10 8 7 26 12 22 40 21 13 15 
5 6 30 33 3 34 
4 6 4 10 22 
2 2 3 
3 8 19 6 
2 1 2 
3 13 1 6 
7 23 14 38 17 6 27 12 
3 20 13 5 
3 25 5 6 
3 1 2 18 
5 25 13 18 4 31 
3 31 16 17 
7 24 10 40 35 1 36 32 
3 30 14 6 
2 1 6 
2 6 8 
2 1 13 
2 1 19 
2 17 15 
4 28 5 27 6 
3 5 26 13 
2 3 26 
2 3 1 
2 20 7 
2 18 17 
2 19 5 
2 3 7 
1 7 
2 19 1 
1 19 
1 1 
2 13 5 
1 1 
2 19 6 

2 34 3 
7 8 9 3 26 6 4 5 
8 40 4 18 20 29 1 32 2 
16 24 11 35 39 17 5 29 3 9 10 2 8 30 36 16 23 
7 7 6 2 25 31 4 17 
7 7 2 16 28 12 5 23 
7 10 5 13 28 6 14 37 
7 4 38 13 2 19 39 15 
3 2 4 38 
7 33 32 12 11 7 30 4 
2 4 10 
10 24 6 19 10 21 31 20 25 14 22 
4 8 18 34 7 
6 36 12 7 15 27 22 
3 37 8 14 
2 4 6 
3 4 5 26 
2 13 3 
4 21 40 12 8 
2 12 3 
2 12 19 
2 14 12 
2 4 6 
3 28 4 12 
3 12 5 39 
4 2 37 34 17 
1 14 
3 24 7 6 
2 4 3 
2 10 4 
2 5 12 
2 3 10 
2 36 10 
3 26 1 13 
1 4 
3 14 4 33 
3 7 26 15 
2 8 9 
3 8 4 25 
2 19 3 

9 9 5 3 15 10 28 26 36 16 
9 27 13 22 5 3 29 37 4 28 
14 6 20 11 2 16 23 26 7 17 1 4 14 33 25 
10 13 3 11 22 6 14 2 31 8 32 
5 21 19 18 2 1 
15 10 36 30 9 27 3 23 29 25 7 21 4 12 8 34 
2 3 6 
4 4 18 17 6 
4 15 38 1 6 
3 6 1 35 
3 4 12 3 
4 40 11 37 6 
2 4 2 
2 4 3 
5 32 35 20 9 1 
3 19 3 1 
5 8 3 24 39 40 
3 30 8 5 
2 16 5 
3 27 3 15 
2 5 6 
2 2 4 
2 3 6 
1 17 
2 3 6 
2 1 3 
4 2 20 6 33 
2 1 2 
2 2 6 
2 6 18 
1 4 
2 15 4 
3 35 3 27 
1 6 
3 33 15 10 
2 6 1 
2 2 12 
1 9 
1 17 
2 17 12 

1 3 
2 3 4 
12 23 10 6 4 8 37 21 16 1 2 5 36 
9 8 5 12 39 2 28 3 11 17 
15 19 6 12 4 25 7 29 20 22 9 3 13 28 24 27 
3 3 7 5 
7 21 10 14 6 20 13 5 
4 3 9 4 15 
4 5 16 8 31 
11 11 24 15 38 32 18 17 29 7 22 3 
2 4 10 
2 4 5 
5 26 5 40 7 14 
3 7 23 13 
4 8 10 34 30 
4 9 3 18 19 
3 10 38 4 
2 16 10 
2 16 5 
2 7 5 
2 3 7 
2 10 5 
3 14 3 24 
3 5 10 23 
1 5 
1 13 
3 31 34 5 
4 4 39 38 5 
2 10 5 
1 15 
2 9 27 
2 10 33 
1 32 
2 27 15 
0 
1 3 
1 3 
3 10 17 28 
2 28 4 
1 13 

4 3 12 13 7 
11 11 10 29 16 3 6 5 38 33 24 4 
9 2 12 23 18 17 13 9 1 4 
13 3 27 32 31 40 36 2 8 6 5 28 14 22 
13 11 15 8 19 38 2 18 17 4 28 21 30 33 
5 7 30 9 4 2 
4 23 6 16 1 
5 10 4 5 24 14 
5 22 35 20 6 3 
2 2 8 
8 35 5 34 25 27 21 2 29 
2 3 1 
3 19 1 3 
4 15 8 39 4 
2 14 5 
3 2 37 7 
2 3 5 
3 3 5 39 
3 5 27 13 
2 33 9 
2 11 5 
4 36 9 25 4 
3 40 3 7 
3 8 33 2 
6 37 30 11 32 22 26 
2 25 31 
3 19 11 4 
2 4 5 
3 2 11 34 
3 25 6 5 
2 26 4 
3 4 35 25 
5 24 35 5 20 2 
2 11 29 
4 9 32 33 11 
2 22 4 
2 16 25 
2 5 2 
2 18 14 
2 23 4 

5 3 10 16 8 24 
19 4 21 24 23 10 35 28 13 29 31 37 3 5 6 17 9 40 39 11 
12 2 8 18 13 1 11 5 34 30 4 12 7 
7 26 7 3 18 6 28 2 
2 3 2 
3 4 32 2 
6 9 3 14 4 15 12 
6 27 3 26 1 15 19 
3 14 7 2 
4 22 1 2 25 
3 3 38 2 
3 20 7 3 
7 33 17 3 2 19 38 16 
7 9 27 7 29 21 32 22 
3 7 8 40 
2 1 13 
4 26 20 13 2 
3 26 4 3 
2 13 8 
3 12 17 32 
2 14 2 
3 14 10 25 
1 2 
2 1 2 
3 22 10 31 
6 4 8 18 17 34 37 
2 14 8 
2 2 4 
2 14 2 
1 3 
2 25 2 
6 6 20 36 40 39 14 
1 13 
2 26 3 
1 2 
1 32 
2 26 2 
2 11 13 
2 2 32 
3 32 2 15 

13 13 25 6 17 4 10 3 21 12 9 5 33 40 
13 17 11 37 4 30 13 3 7 8 36 5 6 25 
5 7 2 1 14 28 
8 31 35 12 38 9 8 2 1 
9 29 15 24 2 10 14 19 11 1 
2 2 1 
3 2 3 16 
2 4 2 
3 4 20 1 
6 5 39 1 22 27 34 
4 2 40 22 5 
6 4 1 19 15 21 38 
2 1 2 
6 3 5 20 18 16 26 
2 5 12 
2 7 14 
3 39 2 1 
4 25 14 20 36 
4 23 5 12 36 
3 9 18 14 
2 12 1 
3 33 11 10 
1 19 
1 5 
3 2 18 1 
1 14 
4 10 30 37 34 
2 3 35 
2 5 31 
2 27 2 
2 4 29 
0 
2 1 22 
2 10 27 
2 4 28 
3 18 2 19 
2 27 2 
2 12 4 
2 17 10 
2 1 11 

15 17 31 27 18 15 16 9 6 10 5 12 22 7 40 3 
6 22 4 29 3 19 32 
11 18 21 36 14 8 7 4 38 1 2 25 
15 6 24 19 3 5 29 12 10 25 20 26 36 27 2 21 
7 13 4 9 11 33 1 8 
2 1 4 
6 30 3 13 1 16 26 
2 3 5 
2 1 5 
10 15 32 17 24 14 33 11 23 4 1 
2 5 10 
2 1 4 
4 7 31 5 28 
2 3 10 
2 1 10 
6 36 18 7 26 23 1 
3 1 35 10 
7 32 29 23 3 37 16 1 
2 4 2 
3 33 30 4 
2 3 4 
3 28 1 2 
7 10 18 27 39 34 16 24 
3 4 23 10 
3 4 3 31 
3 4 7 16 
3 1 23 4 
2 22 13 
3 2 4 18 
2 20 7 
4 25 1 13 32 
4 31 2 10 18 
3 10 20 5 
1 23 
1 17 
3 16 4 3 
1 18 
1 3 
1 23 
1 1 

11 16 12 15 30 13 28 24 5 33 38 3 
9 28 3 33 17 18 6 26 4 23 
17 34 35 1 32 7 2 12 4 5 9 13 6 16 21 10 8 36 
9 2 40 15 3 10 9 35 23 20 
6 11 27 18 1 3 19 
6 8 19 7 3 2 29 
7 40 14 3 30 6 22 24 
3 6 3 11 
5 31 14 3 26 4 
3 34 3 4 
5 25 5 37 21 8 
3 3 39 1 
2 3 1 
3 23 9 7 
2 1 4 
3 1 3 39 
1 2 
3 20 2 5 
2 5 6 
3 4 37 18 
4 30 35 3 11 
2 7 34 
3 4 2 14 
3 1 7 34 
4 38 11 35 39 
4 9 37 28 2 
1 5 
3 1 2 26 
1 6 
3 1 7 21 
1 9 
1 3 
2 1 2 
5 40 3 10 24 22 
4 4 3 25 21 
1 3 
3 26 11 20 
2 1 25 
3 16 25 12 
3 34 4 7 

7 4 30 3 5 21 11 6 
3 3 37 4 
7 32 34 15 7 1 2 31 
12 1 12 5 10 27 2 8 33 23 37 11 14 
6 9 26 1 4 7 6 
10 13 15 9 38 1 31 8 17 39 5 
9 25 22 3 21 33 24 12 10 5 
7 6 24 19 18 16 4 30 
6 36 6 29 34 5 16 
3 4 13 7 
3 1 17 4 
2 7 4 
3 10 6 17 
1 4 
2 3 6 
3 20 9 8 
4 6 11 27 13 
1 8 
2 22 8 
1 16 
2 7 1 
2 7 19 
1 4 
5 37 25 29 7 8 
2 7 24 
2 39 5 
2 17 4 
1 36 
2 24 9 
4 31 8 1 32 
3 6 3 30 
2 30 3 
2 4 7 
2 9 3 
1 38 
2 28 9 
3 24 4 2 
2 6 35 
2 26 6 
0 

6 6 3 11 4 23 13 
14 14 29 30 20 39 28 5 22 11 9 15 3 36 37 
6 4 1 7 38 2 30 
11 3 36 5 6 25 34 35 13 9 1 7 
12 18 15 8 27 21 12 4 14 31 2 16 24 
9 38 27 23 12 33 1 8 17 4 
2 3 4 
5 6 24 37 5 10 
4 4 2 10 29 
4 20 8 21 9 
2 2 1 
3 5 18 6 
9 14 38 20 29 1 22 4 19 26 
4 39 2 5 13 
3 35 5 2 
3 25 20 5 
2 6 23 
2 5 12 
2 27 13 
4 13 2 10 16 
2 10 5 
4 35 28 13 2 
4 6 1 17 36 
2 5 8 
4 16 4 28 40 
1 13 
3 19 5 6 
3 22 25 2 
3 9 13 2 
2 2 3 
2 5 32 
1 31 
2 6 40 
1 4 
3 4 15 22 
3 4 2 23 
2 2 8 
3 13 3 6 
2 2 14 
2 33 25 

13 11 38 9 24 5 28 27 13 15 3 12 4 8 
12 40 26 4 3 22 36 37 10 20 35 7 15 
13 8 1 39 12 16 6 25 14 9 7 2 17 5 
8 6 11 19 14 1 33 31 2 
12 22 1 19 17 35 21 29 25 3 16 18 23 
2 4 3 
3 3 38 2 
4 1 32 3 10 
2 1 3 
2 2 8 
4 1 16 4 26 
3 1 3 32 
3 39 35 1 
5 3 22 40 4 19 
3 1 2 40 
6 17 19 3 18 5 11 
3 16 5 3 
2 5 16 
4 16 14 4 5 
1 2 
2 28 5 
5 25 32 14 2 5 
2 5 26 
1 1 
3 5 22 3 
3 2 11 23 
1 1 
2 21 1 
2 31 5 
1 34 
2 4 29 
4 12 33 8 22 
2 4 32 
1 30 
3 13 2 5 
1 2 
1 2 
2 7 1 
2 13 3 
3 15 14 2 

6 37 3 24 4 20 27 
10 6 34 4 3 15 20 23 36 8 16 
9 9 10 33 30 1 5 2 11 22 
13 11 12 2 7 13 1 26 28 5 25 8 6 15 
2 3 4 
9 38 32 2 10 22 24 14 4 7 
6 4 9 6 37 39 18 
4 2 14 4 32 
2 3 7 
3 13 6 3 
3 4 3 37 
3 18 29 4 
2 4 10 
3 6 8 21 
5 27 4 2 24 34 
2 36 2 
2 23 30 
3 12 7 20 
3 26 34 32 
3 2 18 1 
2 39 14 
2 3 6 
2 17 2 
3 1 6 15 
1 4 
2 19 4 
4 28 15 1 31 
3 4 30 27 
1 12 
3 17 3 28 
1 27 
4 19 8 6 33 
2 32 3 
3 15 19 2 
0 
3 2 40 16 
3 7 11 1 
1 6 
2 21 7 
1 36 

3 3 4 8 
6 3 40 11 10 5 29 
14 5 4 34 17 9 37 11 20 2 1 12 28 10 13 
7 7 19 1 3 21 6 22 
4 6 3 2 35 
14 30 25 5 24 9 19 32 16 4 8 18 7 36 39 
4 36 4 14 6 
2 6 1 
8 3 18 29 12 16 17 6 21 
6 13 2 27 23 31 3 
5 2 33 29 28 3 
2 3 9 
4 36 3 19 10 
2 17 7 
3 39 19 35 
5 35 9 21 6 30 
3 9 14 3 
2 9 6 
4 6 15 13 4 
1 3 
4 9 25 4 16 
4 34 40 26 4 
1 10 
2 6 31 
2 6 21 
1 22 
1 10 
2 3 11 
3 11 2 9 
2 6 16 
2 24 10 
1 6 
2 11 40 
2 3 22 
3 5 15 16 
4 7 38 13 6 
1 3 
1 36 
2 6 15 
3 22 2 33 

6 26 16 3 28 11 4 
5 26 32 3 13 14 
14 18 7 22 8 13 32 28 20 12 2 5 1 21 4 
19 22 1 5 36 19 11 15 14 10 3 23 9 33 7 40 30 12 6 21 
7 17 29 6 3 4 40 8 
6 19 25 5 4 10 24 
2 4 3 
2 3 5 
5 4 17 24 15 12 
2 4 6 
9 13 16 1 35 40 27 4 34 22 
3 9 4 3 
8 15 25 14 11 23 2 38 3 
3 13 4 2 
5 9 4 21 13 18 
6 1 26 11 33 27 29 
5 5 39 31 20 9 
2 3 15 
4 4 6 28 26 
3 3 23 17 
3 3 4 15 
3 3 4 11 
3 4 13 20 
2 9 6 
2 13 6 
6 32 2 33 1 19 16 
3 11 30 16 
3 19 3 1 
3 5 37 16 
3 27 4 31 
2 17 30 
3 2 3 26 
3 16 4 26 
1 11 
1 11 
1 4 
2 38 29 
2 13 37 
1 17 
3 5 4 11 

12 7 22 29 8 3 36 32 19 37 23 4 27 
3 3 30 7 
12 8 5 18 1 13 4 31 2 40 10 38 32 
11 14 26 19 12 31 3 25 21 6 5 1 
6 4 34 6 9 22 3 
2 5 4 
6 1 2 15 33 23 29 
3 9 3 1 
4 8 39 5 16 
1 3 
1 31 
1 4 
1 3 
2 4 31 
4 38 27 7 25 
5 9 20 38 18 17 
1 16 
3 3 34 16 
2 4 1 
2 16 24 
2 35 4 
2 5 1 
4 35 1 7 34 
3 27 20 30 
5 15 37 4 39 36 
1 4 
3 15 24 1 
0 
2 1 7 
2 24 2 
4 14 3 11 4 
2 1 3 
1 7 
4 23 5 18 37 
2 21 23 
2 25 1 
3 1 25 34 
3 15 3 16 
2 9 25 
1 3 

10 5 6 25 9 3 7 39 11 22 13 
10 14 6 4 9 29 18 21 17 26 3 
7 5 40 4 31 2 33 1 
6 10 15 3 12 7 2 
2 1 3 
12 28 40 2 24 13 29 17 23 9 1 20 14 
3 15 1 4 
7 33 36 11 24 17 39 10 
10 11 2 18 34 6 12 25 30 16 1 
2 4 8 
3 8 1 9 
2 4 9 
3 16 6 1 
5 35 15 33 6 2 
3 14 4 7 
4 13 28 9 20 
3 6 8 2 
3 2 21 9 
0 
2 16 6 
2 18 2 
4 37 35 1 27 
1 6 
3 26 6 8 
2 9 1 
2 2 24 
1 22 
2 16 6 
2 2 6 
1 9 
1 3 
0 
4 14 8 3 38 
1 9 
3 22 14 39 
1 8 
1 22 
1 33 
3 35 8 1 
2 3 6 

8 27 7 3 32 39 36 30 5 
4 3 36 9 4 
17 4 10 21 11 29 40 1 6 8 22 17 28 7 2 5 33 13 
2 2 3 
5 8 18 3 36 1 
7 10 15 20 3 8 24 16 
4 3 27 30 1 
4 5 6 3 27 
5 17 39 26 2 13 
8 38 3 6 40 21 20 12 11 
3 3 16 10 
5 10 24 37 23 14 
3 3 9 22 
3 12 34 36 
5 28 37 38 35 6 
4 11 6 31 19 
4 35 19 3 9 
3 23 5 34 
2 17 16 
3 6 10 32 
5 29 28 3 25 10 
2 13 3 
3 32 12 18 
3 12 6 30 
1 21 
2 9 33 
3 1 8 7 
3 15 21 3 
2 3 21 
3 1 24 7 
1 16 
3 20 1 23 
2 3 26 
2 18 14 
2 15 17 
4 14 5 1 2 
2 12 15 
2 10 15 
2 1 9 
2 3 10 

5 6 4 3 20 9 
8 14 15 8 16 3 38 27 5 
2 2 1 
13 27 6 16 33 15 23 19 14 1 29 13 25 38 
4 2 9 31 37 
5 4 20 12 1 11 
5 12 14 24 17 8 
6 21 18 16 10 7 2 
4 18 20 1 5 
1 8 
6 24 6 31 35 23 34 
2 6 7 
3 15 26 4 
4 2 4 25 7 
3 2 13 4 
3 2 4 8 
3 39 19 7 
2 9 8 
3 17 22 4 
4 9 6 1 26 
1 8 
2 32 19 
3 11 28 4 
3 38 7 11 
2 14 4 
3 13 35 20 
4 40 2 37 4 
2 23 34 
2 30 4 
1 29 
2 5 11 
1 22 
1 4 
2 28 11 
2 11 26 
0 
2 27 5 
3 24 4 2 
1 17 
1 27 

2 3 23 
0 
18 1 15 39 9 26 8 29 13 19 40 5 4 7 10 11 30 31 6 
3 16 3 7 
12 17 13 25 19 32 12 20 33 11 3 23 24 
5 28 18 3 39 22 
2 4 3 
3 23 3 14 
3 34 10 3 
4 25 3 21 9 
6 5 40 24 28 12 3 
3 11 5 38 
4 5 22 21 3 
2 8 27 
1 3 
3 36 4 17 
5 18 30 16 29 5 
2 6 17 
5 36 37 3 26 5 
3 35 5 31 
4 13 37 10 34 
2 13 6 
3 1 5 8 
2 11 5 
2 5 10 
3 19 33 3 
1 14 
2 11 6 
2 3 17 
2 17 3 
3 3 20 32 
2 31 5 
3 5 35 26 
2 21 9 
2 33 20 
2 19 16 
2 21 19 
1 12 
2 3 6 
2 11 3 

0 
10 9 3 6 30 38 4 40 12 8 31 
15 4 11 6 13 39 25 9 5 24 16 21 2 7 28 22 
11 15 38 19 7 3 2 26 5 10 40 14 
7 29 4 18 11 35 8 3 
2 2 3 
3 3 4 21 
4 33 2 5 10 
2 2 3 
4 8 12 4 13 
8 26 18 35 17 33 5 3 20 
4 2 14 10 22 
9 16 28 36 3 10 25 15 17 27 
2 12 4 
2 13 4 
4 24 13 19 3 
3 27 11 13 
5 37 36 5 20 11 
2 4 16 
6 18 11 23 39 34 31 
2 7 3 
3 30 12 3 
1 20 
3 3 16 37 
2 13 3 
2 11 4 
2 13 17 
3 29 3 13 
3 5 28 32 
2 2 22 
3 32 20 2 
2 31 29 
3 8 34 11 
2 20 33 
2 5 11 
2 13 18 
2 18 24 
2 4 2 
2 3 20 
2 4 2 

11 29 15 13 12 3 16 4 23 9 17 10 
6 26 3 38 10 4 16 
14 11 20 18 36 5 7 40 6 24 38 1 14 8 2 
5 5 7 2 1 6 
8 4 27 9 3 30 8 15 25 
4 3 29 4 21 
2 4 3 
4 3 12 5 18 
8 14 11 34 17 31 33 1 5 
3 1 13 2 
4 28 3 9 23 
3 35 8 1 
3 10 1 24 
2 9 3 
10 25 5 32 39 31 40 1 22 36 21 
4 1 19 26 2 
3 20 9 1 
4 19 3 34 8 
4 18 16 28 27 
3 30 17 3 
3 15 6 22 
2 15 21 
2 11 1 
2 13 3 
2 5 15 
2 2 16 
2 5 19 
4 39 37 19 11 
2 1 6 
4 32 5 20 33 
2 15 9 
2 30 15 
2 9 30 
4 35 37 18 9 
2 34 12 
2 15 3 
2 34 28 
2 2 3 
2 28 15 
2 15 3 

14 18 4 38 11 23 17 3 8 12 27 26 6 21 28 
4 3 13 36 5 
11 1 4 24 20 11 31 5 7 35 30 2 
10 3 10 37 34 6 15 24 12 1 14 
6 13 2 22 16 9 3 
4 4 1 7 23 
6 3 8 40 10 6 26 
9 19 1 9 7 27 15 17 14 21 
2 5 8 
4 4 22 39 7 
3 1 3 25 
4 4 38 1 18 
6 20 37 5 16 32 2 
4 8 19 4 28 
2 4 8 
2 5 13 
4 1 8 30 25 
3 39 12 1 
5 32 31 33 14 8 
2 3 13 
3 8 1 29 
3 36 5 10 
2 6 1 
2 3 4 
4 40 29 17 11 
2 1 7 
3 8 35 1 
2 1 14 
2 25 21 
2 17 3 
2 3 19 
3 33 13 19 
3 32 19 34 
2 4 33 
2 3 27 
2 22 2 
2 13 4 
2 1 12 
2 10 18 
2 7 25 

4 11 18 3 17 
2 4 3 
11 1 6 33 26 14 4 25 10 2 5 18 
20 12 5 20 36 11 21 24 8 13 35 3 29 32 6 7 19 31 2 15 10 
10 4 30 17 32 7 22 38 16 12 3 
5 8 20 4 9 3 
8 9 4 21 25 33 27 5 40 
4 13 4 6 22 
2 6 7 
8 4 23 3 36 16 24 27 14 
6 37 19 1 38 4 35 
3 29 4 5 
2 4 8 
5 15 28 30 10 3 
5 4 14 26 23 28 
2 5 10 
2 1 5 
4 3 37 1 39 
2 4 11 
2 4 6 
2 4 7 
2 5 8 
2 15 10 
2 10 4 
3 7 34 3 
2 15 3 
2 7 10 
3 14 31 15 
2 4 12 
3 40 5 14 
2 28 4 
2 4 5 
4 39 34 7 3 
2 25 33 
2 11 4 
2 10 4 
2 18 11 
2 5 11 
2 18 33 
2 7 30 

5 10 25 3 18 5 
6 24 3 6 11 10 4 
14 32 7 27 20 8 26 1 5 28 33 4 2 6 9 
2 3 2 
13 7 8 3 13 31 40 11 36 24 37 9 1 12 
5 23 2 36 3 14 
6 22 3 17 18 5 15 
7 5 23 12 16 40 15 3 
3 3 38 5 
2 2 1 
6 13 5 29 21 33 2 
6 19 16 5 8 35 30 
7 11 5 26 14 22 34 39 
3 13 6 30 
2 8 7 
5 21 17 28 8 12 
4 20 7 34 16 
8 38 32 1 25 35 39 19 7 
3 18 31 12 
2 3 17 
3 16 11 29 
2 13 7 
3 8 6 27 
2 5 2 
2 1 18 
2 3 13 
2 23 3 
2 16 3 
2 21 11 
2 14 12 
2 19 5 
2 3 18 
3 37 11 3 
2 17 13 
2 18 12 
2 6 5 
2 33 5 
2 18 9 
2 18 13 
2 5 8 

8 28 15 6 3 4 5 32 26 
12 5 9 10 27 6 12 32 11 3 7 23 33 
8 17 27 26 1 11 16 2 4 
6 14 1 3 36 8 35 
2 1 2 
21 31 36 1 37 35 25 21 38 14 24 22 15 10 8 16 7 9 20 18 34 2 
5 34 2 18 19 6 
2 4 6 
7 6 38 28 17 2 31 21 
3 13 6 2 
7 23 3 19 12 13 24 2 
2 11 2 
2 11 10 
2 4 6 
3 1 29 6 
5 22 3 20 30 6 
2 9 3 
3 6 40 7 
2 11 7 
3 16 6 29 
2 6 9 
2 6 16 
3 11 25 2 
2 6 11 
3 6 33 23 
2 1 3 
3 3 30 2 
2 1 9 
3 20 15 39 
3 27 39 16 
2 9 6 
2 2 1 
3 25 37 2 
2 7 6 
2 6 4 
2 4 6 
2 33 6 
2 6 9 
2 30 29 
1 18 

5 3 5 6 29 4 
2 8 3 
12 4 32 23 5 12 8 16 2 17 1 20 9 
10 10 19 1 14 9 31 24 27 13 3 
16 7 16 35 26 6 24 1 3 13 21 17 18 33 27 12 14 
5 5 11 1 7 25 
6 34 5 29 22 6 10 
2 3 2 
4 36 4 3 23 
6 4 15 7 25 20 11 
3 21 10 6 
6 5 3 28 15 22 26 
5 5 32 18 38 4 
4 4 30 5 40 
3 10 12 19 
2 3 5 
2 3 5 
4 5 13 28 40 
3 39 4 15 
3 10 31 3 
2 5 11 
4 37 12 7 30 
2 9 3 
3 37 5 4 
2 10 6 
3 5 12 33 
2 4 5 
3 36 12 18 
3 39 7 1 
3 22 14 35 
2 4 20 
3 34 13 3 
2 5 26 
2 7 32 
2 5 30 
2 9 28 
3 22 40 24 
1 13 
2 19 29 
3 37 14 18 

3 7 24 3 
5 23 5 3 4 16 
14 8 9 22 26 5 7 2 17 20 21 6 1 4 28 
4 2 34 35 3 
7 24 3 6 13 11 2 31 
7 16 3 5 29 12 8 14 
4 18 3 1 10 
6 11 10 3 23 6 9 
2 3 8 
8 27 8 32 36 40 33 12 7 
10 40 19 8 20 25 5 33 30 14 15 
6 32 15 10 39 6 13 
2 12 5 
4 6 11 37 17 
4 12 18 28 11 
5 38 2 27 6 35 
6 22 21 3 19 14 31 
2 7 15 
2 17 11 
3 25 3 11 
2 17 3 
3 29 17 3 
2 8 2 
3 1 26 5 
2 11 20 
2 24 3 
2 16 10 
5 37 30 15 3 36 
2 22 6 
2 11 28 
2 17 5 
3 10 12 39 
4 38 11 10 34 
2 33 4 
2 16 4 
2 10 28 
3 28 38 14 
3 37 33 16 
2 32 12 
2 11 10 

5 5 6 34 3 22 
8 23 29 14 9 37 3 4 7 
16 35 4 5 34 13 21 2 14 25 16 18 12 7 11 27 1 
7 15 19 2 3 6 10 8 
3 3 1 8 
2 4 1 
3 17 2 3 
9 33 27 9 32 5 4 28 40 11 
9 15 10 20 8 2 19 30 18 12 
2 4 9 
9 8 39 17 13 31 16 3 40 25 
3 38 9 3 
2 3 11 
8 21 3 23 2 32 24 26 22 
5 9 20 4 38 36 
2 3 11 
4 11 26 7 28 
2 9 3 
2 4 9 
2 9 15 
2 14 3 
2 1 14 
4 24 14 2 31 
5 29 35 23 39 14 
4 37 11 3 30 
2 17 14 
3 36 8 3 
2 8 17 
2 2 24 
2 9 25 
3 23 33 11 
2 14 8 
2 31 8 
2 1 3 
2 24 3 
2 27 15 
2 25 2 
2 15 12 
2 24 11 
2 11 8 

12 36 30 40 31 16 10 3 38 29 5 22 6 
7 5 4 26 15 3 28 27 
20 11 21 35 17 1 30 9 18 22 19 8 24 4 32 15 16 20 33 2 6 
6 3 11 2 18 7 25 
6 28 33 2 1 23 7 
9 10 3 9 14 1 20 13 8 31 
5 4 29 5 14 21 
3 13 6 3 
3 6 3 23 
5 38 6 1 12 39 
4 3 4 26 12 
2 10 11 
3 27 6 8 
3 6 7 17 
2 2 3 
3 3 1 25 
5 14 19 3 40 35 
2 4 3 
3 17 34 3 
2 6 3 
2 7 3 
4 3 24 34 1 
2 5 9 
2 22 3 
2 4 16 
2 2 11 
3 37 13 2 
3 5 32 2 
3 1 36 7 
3 1 37 3 
2 1 6 
2 28 3 
2 5 3 
2 19 22 
2 3 17 
2 29 1 
2 27 30 
2 10 1 
1 10 
2 1 17 

6 14 9 25 5 3 23 
8 3 6 20 4 13 31 16 12 
14 5 33 11 15 22 7 1 4 36 8 2 31 32 16 
4 36 3 2 37 
10 22 11 9 3 17 6 10 1 13 14 
7 7 12 5 2 38 27 8 
3 3 24 6 
2 6 3 
7 5 33 1 19 34 10 20 
4 5 9 29 34 
2 5 3 
8 39 6 2 18 27 35 23 17 
4 2 39 40 5 
5 1 21 5 38 15 
2 14 3 
3 30 3 2 
7 40 12 30 5 19 18 28 
2 12 17 
3 9 17 28 
5 9 29 21 25 2 
2 14 20 
4 32 5 26 3 
5 35 1 24 12 26 
2 7 23 
2 1 20 
3 37 23 22 
2 6 12 
2 17 19 
2 10 20 
2 17 16 
2 3 2 
2 3 22 
2 3 9 
3 9 39 10 
2 23 12 
2 4 3 
2 4 26 
2 14 6 
3 12 13 34 
2 17 13 

8 8 3 5 15 18 22 6 23 
7 11 3 9 5 7 4 12 
4 4 1 2 9 
5 2 13 3 25 30 
14 18 16 2 1 12 29 19 7 10 6 25 23 20 22 
11 5 21 17 16 38 15 40 30 1 10 14 
11 28 2 13 37 8 31 11 5 34 17 24 
8 26 31 1 36 21 7 20 38 
5 3 2 26 19 14 
3 5 6 39 
2 2 7 
4 2 40 5 35 
2 7 4 
3 6 32 9 
2 1 6 
2 5 6 
2 7 6 
2 5 1 
4 33 28 9 5 
5 32 27 5 34 8 
3 24 8 6 
2 1 5 
2 1 5 
3 27 21 7 
2 4 5 
3 29 9 8 
3 24 20 33 
3 19 7 37 
2 26 5 
3 4 39 6 
2 7 8 
2 20 14 
2 27 19 
2 20 7 
1 12 
1 8 
2 7 28 
2 8 6 
2 30 10 
2 12 6 

4 7 39 5 3 
7 4 20 11 3 5 13 19 
12 2 21 18 20 1 4 9 15 17 25 6 29 
5 25 36 2 15 3 
13 28 11 16 30 1 8 19 10 34 12 6 2 14 
14 39 18 31 14 33 7 5 12 22 8 16 10 36 3 
5 26 6 1 23 9 
3 38 5 6 
5 34 24 7 3 23 
6 38 30 5 13 29 6 
4 2 32 17 5 
7 5 6 21 35 26 28 37 
2 2 10 
3 6 24 5 
3 4 22 3 
2 6 5 
2 11 3 
3 6 40 3 
4 2 31 5 27 
3 27 2 3 
2 3 12 
2 15 6 
2 9 7 
3 37 14 9 
2 4 3 
2 12 7 
2 20 19 
2 5 12 
2 3 10 
2 10 5 
4 36 35 6 19 
1 11 
1 6 
2 9 5 
2 12 31 
3 4 31 6 
2 24 12 
2 8 10 
2 6 1 
1 18 

6 16 27 4 8 3 5 
4 5 37 3 32 
16 24 2 19 28 25 1 4 39 11 8 6 7 31 15 18 29 
8 17 34 39 30 1 40 14 3 
9 28 2 6 9 1 37 33 7 12 
5 18 3 38 9 5 
11 40 16 32 24 11 22 5 13 3 26 21 
9 13 30 3 10 27 36 12 1 20 
3 10 5 6 
4 35 31 8 9 
5 38 7 3 15 22 
3 8 35 5 
3 14 8 7 
2 13 4 
5 21 11 36 3 17 
2 7 1 
3 4 25 15 
7 19 26 20 34 23 6 3 
2 3 18 
3 23 8 18 
3 15 29 7 
2 11 7 
2 18 20 
2 7 3 
3 33 3 17 
2 18 7 
2 8 1 
2 5 3 
2 21 3 
2 8 4 
3 10 3 32 
4 33 7 31 2 
3 32 5 25 
3 18 35 4 
3 10 12 34 
2 15 8 
2 2 5 
3 11 6 40 
2 3 4 
3 38 4 7 

14 22 32 3 8 6 14 15 26 11 7 19 34 12 20 
13 4 5 31 3 37 24 19 9 22 6 8 27 28 
8 10 2 13 33 4 5 40 1 
4 2 3 7 10 
5 2 24 30 20 3 
6 9 1 14 2 26 30 
4 1 4 28 18 
9 17 2 23 38 40 1 12 16 27 
8 6 31 18 21 15 35 11 2 
3 3 36 4 
4 39 1 23 9 
5 17 1 8 13 25 
2 3 12 
3 1 6 21 
5 1 29 9 36 16 
2 15 8 
3 12 25 8 
3 7 39 9 
2 1 2 
3 5 34 1 
3 37 9 14 
2 1 2 
3 8 11 35 
3 2 5 32 
3 29 17 12 
2 1 6 
2 2 8 
2 2 7 
2 25 15 
2 5 6 
2 9 2 
2 24 1 
1 3 
2 20 1 
2 9 23 
2 10 15 
2 2 21 
1 8 
2 11 18 
2 3 8 

12 4 40 23 5 31 18 3 21 9 20 24 6 
5 16 5 3 4 7 
10 20 35 23 34 11 2 1 18 7 9 
8 40 19 17 2 1 26 14 10 
5 6 1 8 2 25 
8 10 8 26 12 22 5 39 1 
6 28 15 27 3 2 24 
4 6 5 36 22 
8 15 16 30 11 38 1 3 17 
4 28 6 13 4 
6 12 31 19 9 14 3 
3 13 11 6 
3 25 10 12 
2 11 4 
4 21 7 30 9 
6 33 35 2 32 9 29 
2 4 9 
3 34 3 1 
2 4 11 
3 27 1 3 
4 15 39 37 1 
2 6 8 
2 1 3 
3 1 7 32 
2 5 13 
2 4 6 
2 7 20 
3 7 33 10 
1 16 
2 9 15 
2 11 1 
2 16 24 
2 28 16 
2 18 3 
3 16 38 3 
1 8 
1 21 
2 35 9 
2 6 21 
2 1 4 

15 9 4 3 21 10 19 7 23 6 15 25 28 17 33 14 
1 3 
13 8 5 40 18 9 1 20 2 4 12 31 34 17 
12 12 38 8 13 16 6 29 36 1 3 27 5 
10 4 40 11 7 38 39 3 10 22 13 
5 32 24 4 1 14 
3 31 1 5 
4 3 4 30 39 
8 22 11 36 18 26 33 3 1 
4 1 5 28 15 
4 24 9 5 26 
2 4 3 
4 4 5 21 34 
5 1 23 25 6 16 
4 19 29 10 1 
4 35 14 4 20 
2 3 1 
2 3 9 
2 1 15 
3 3 16 27 
2 1 13 
2 5 9 
2 14 1 
2 11 6 
2 14 1 
2 11 9 
3 20 4 38 
3 10 29 1 
3 28 4 15 
1 8 
3 7 36 3 
3 37 33 6 
3 32 1 9 
2 13 3 
1 16 
3 9 4 31 
1 32 
3 5 4 27 
2 8 5 
2 3 5 

1 3 
14 25 3 12 10 4 20 18 8 22 36 23 5 7 11 
13 19 36 14 29 4 22 7 5 1 8 2 9 13 
7 2 6 10 3 20 27 21 
6 29 3 11 16 6 2 
5 13 4 14 37 5 
5 32 2 3 15 33 
11 37 32 25 3 2 15 17 12 9 27 21 
3 40 3 8 
4 2 4 18 24 
4 5 31 2 35 
3 8 30 2 
7 16 17 6 38 24 3 26 
4 3 6 40 28 
2 7 8 
3 19 13 5 
2 8 13 
4 10 30 2 26 
2 3 16 
2 4 2 
4 4 28 23 8 
2 2 3 
2 21 2 
3 10 13 33 
2 8 2 
3 13 18 30 
3 4 8 32 
2 21 14 
2 5 3 
4 18 12 37 26 
2 37 11 
3 27 7 8 
2 7 24 
1 35 
2 11 34 
2 2 3 
4 6 30 31 8 
1 13 
0 
2 14 9 

20 25 27 3 23 24 12 4 11 30 34 21 26 14 7 8 9 5 20 28 17 
7 18 6 31 17 4 7 3 
11 32 1 16 29 22 38 13 10 2 23 8 
8 16 1 27 2 30 6 5 13 
3 40 1 4 
4 36 4 2 25 
5 26 2 28 32 1 
8 21 9 15 18 1 12 3 10 
6 34 14 11 1 8 40 
3 3 8 22 
3 39 1 9 
2 8 1 
2 4 3 
6 37 9 15 1 24 19 
4 20 35 8 14 
2 4 3 
4 2 29 19 1 
2 8 2 
2 17 14 
2 15 1 
2 8 1 
3 35 10 3 
3 1 39 3 
2 14 1 
4 1 34 31 6 
3 7 34 1 
4 39 1 35 4 
2 1 7 
2 3 17 
2 1 4 
2 2 25 
3 3 7 39 
0 
4 9 26 25 1 
3 27 22 15 
1 6 
2 38 14 
2 37 3 
4 23 11 27 32 
2 9 5 

12 10 3 25 21 13 5 14 35 17 31 9 12 
7 25 7 22 4 8 16 3 
14 1 27 15 24 19 29 4 35 6 2 40 8 5 7 
7 11 6 10 19 2 3 28 
3 1 3 9 
4 40 3 36 4 
3 30 2 3 
5 3 2 23 12 20 
2 5 1 
7 33 26 28 20 4 1 11 
5 29 4 10 21 14 
3 13 1 8 
7 22 12 31 15 1 18 33 
2 11 1 
7 17 32 37 18 13 3 16 
4 24 15 2 37 
3 27 15 1 
2 15 13 
3 36 3 4 
3 23 8 10 
3 1 39 11 
4 26 2 39 13 
2 20 8 
3 3 16 33 
4 1 31 2 36 
2 10 22 
2 17 3 
2 10 4 
2 11 3 
1 7 
4 13 1 33 25 
1 15 
5 24 10 13 31 37 
1 38 
2 3 1 
3 6 25 19 
3 16 33 15 
1 34 
2 21 22 
2 6 3 

5 24 7 9 12 3 
11 11 37 14 9 16 23 38 8 3 4 5 
17 28 13 8 6 23 4 14 22 10 1 2 5 33 7 27 11 18 
3 3 2 15 
7 2 20 3 40 10 12 6 
3 5 19 3 
4 1 21 3 39 
3 3 27 2 
8 2 36 18 1 35 13 15 30 
6 20 39 21 5 33 3 
6 38 2 3 16 29 28 
2 5 1 
3 24 9 3 
3 2 3 17 
3 4 32 9 
5 2 19 11 25 17 
3 29 16 14 
5 9 22 3 25 34 
2 16 6 
2 5 10 
2 7 10 
2 3 18 
2 3 2 
2 13 1 
4 18 16 38 34 
0 
5 38 8 3 30 32 
2 3 11 
3 17 34 11 
2 27 9 
0 
2 15 27 
2 10 3 
3 18 29 25 
1 9 
1 9 
1 2 
4 11 25 27 2 
2 10 7 
1 5 

8 10 12 4 9 7 3 24 8 
1 3 
13 7 6 22 1 5 18 16 11 2 28 4 35 38 
16 21 10 9 18 6 3 14 30 27 1 13 28 12 5 32 17 
11 29 31 40 3 15 19 4 33 11 24 17 
5 8 36 3 20 4 
3 14 1 3 
5 34 6 15 1 21 
4 1 13 20 4 
5 38 30 1 4 16 
2 5 3 
9 1 4 36 19 26 23 35 27 25 
2 4 9 
2 4 7 
5 8 5 22 37 23 
2 3 10 
2 4 5 
4 4 25 32 3 
3 26 12 5 
2 9 6 
2 4 8 
4 15 31 3 26 
4 36 34 15 12 
5 35 30 5 26 1 
3 18 32 12 
4 24 19 22 12 
2 12 4 
3 3 31 4 
1 5 
3 10 24 4 
3 22 5 28 
4 4 37 25 18 
1 5 
2 23 8 
3 24 3 12 
4 6 12 40 23 
2 15 32 
2 10 3 
0 
2 36 5 

4 33 3 21 13 
11 30 10 23 3 35 11 4 7 36 31 8 
14 4 12 18 6 5 1 29 20 8 15 16 7 2 14 
6 15 9 2 3 6 5 
2 4 3 
9 19 4 21 27 13 25 3 22 39 
6 31 2 9 3 25 23 
4 37 2 3 19 
7 26 7 18 28 12 10 4 
6 22 11 2 24 9 20 
2 2 10 
3 3 9 17 
5 6 14 34 1 37 
5 3 17 16 40 13 
4 3 28 24 4 
2 3 14 
2 12 14 
3 33 3 9 
2 8 6 
2 3 10 
2 6 1 
3 10 40 6 
3 39 7 2 
2 10 15 
2 7 6 
4 39 9 31 29 
2 33 6 
2 15 9 
2 26 3 
1 2 
4 34 7 26 2 
0 
3 1 18 27 
2 13 31 
1 2 
2 37 2 
3 8 13 36 
0 
3 26 23 6 
2 22 14 

7 12 3 26 27 33 38 5 
8 3 14 4 7 40 21 8 22 
21 19 15 29 1 12 22 26 14 37 2 4 25 11 20 28 9 33 7 39 5 6 
3 18 3 2 
5 23 3 1 32 6 
6 11 3 10 28 5 8 
9 3 24 40 2 17 9 10 29 13 
7 13 36 2 17 20 6 30 
6 3 7 35 16 21 31 
2 6 7 
3 6 37 3 
3 1 3 30 
9 38 7 15 35 19 23 32 36 8 
4 25 16 3 2 
2 3 13 
5 24 14 27 18 9 
2 8 7 
2 4 16 
2 13 3 
3 3 36 8 
3 2 32 9 
3 30 3 2 
3 40 13 5 
4 16 7 29 26 
2 14 3 
5 1 3 27 24 32 
3 1 16 26 
2 6 3 
4 7 24 39 3 
3 22 12 8 
1 9 
4 13 5 26 21 
4 1 3 34 38 
3 35 33 38 
3 9 34 13 
3 13 20 8 
2 3 11 
4 13 33 34 1 
2 3 29 
3 2 23 7 

6 28 34 4 18 6 3 
1 3 
16 10 12 5 13 8 16 1 28 21 25 9 24 40 2 4 26 
14 11 15 5 27 19 14 8 22 7 6 1 18 12 3 
6 36 4 23 7 24 3 
7 38 1 9 29 31 4 25 
8 10 21 20 13 17 5 35 4 
6 29 3 4 17 11 19 
2 6 3 
5 23 7 16 26 3 
5 33 4 14 27 8 
4 3 32 30 4 
4 35 3 7 37 
3 4 15 11 
4 32 4 22 14 
3 3 20 10 
4 31 7 8 38 
2 4 1 
2 8 4 
2 7 16 
3 39 7 3 
2 15 4 
2 5 10 
3 3 34 5 
3 31 3 6 
3 3 34 10 
2 4 11 
2 1 3 
2 6 8 
1 12 
3 6 17 25 
2 12 15 
1 11 
3 1 26 24 
2 13 7 
1 5 
1 13 
2 6 17 
1 21 
1 3 

7 23 4 3 22 33 16 7 
12 15 4 3 28 5 14 12 19 22 10 13 31 
14 14 11 9 31 1 37 6 2 12 8 32 20 7 19 
4 2 5 20 1 
12 2 15 26 6 4 35 16 24 21 17 8 11 
4 3 30 5 25 
2 3 1 
7 10 23 40 9 24 5 3 
3 28 3 8 
6 26 2 8 13 18 17 
6 18 38 5 40 3 35 
2 3 2 
2 2 10 
2 3 2 
5 37 21 25 5 2 
2 1 5 
2 5 10 
2 11 10 
2 2 3 
2 3 4 
2 15 5 
4 2 37 33 1 
2 1 8 
3 5 34 8 
2 6 15 
2 5 10 
0 
2 9 2 
2 30 40 
3 6 29 36 
2 3 2 
2 3 39 
2 1 22 
1 24 
2 11 5 
2 30 39 
3 3 22 15 
1 11 
2 36 32 
3 11 29 8 

7 38 6 7 4 3 9 27 
5 16 40 8 3 5 
7 18 15 16 13 4 2 1 
11 25 5 23 8 36 1 19 3 10 12 35 
10 22 11 7 2 6 30 4 29 33 9 
12 11 37 34 1 19 13 30 17 28 5 33 12 
5 38 24 1 14 5 
6 10 2 22 4 18 27 
2 5 1 
5 37 4 32 8 21 
5 35 21 6 5 20 
5 15 6 14 39 4 
4 3 36 20 6 
3 17 12 7 
3 3 25 12 
2 2 3 
3 14 27 6 
3 29 3 8 
2 4 6 
4 11 13 33 34 
2 11 10 
3 39 5 8 
3 4 39 27 
2 7 29 
4 38 4 15 34 
0 
4 23 1 17 8 
3 30 36 6 
3 24 18 5 
3 28 5 6 
2 32 36 
2 10 31 
3 6 5 20 
3 25 6 20 
2 11 4 
4 28 31 13 4 
2 10 6 
3 7 25 1 
3 22 12 23 
1 2 

5 4 9 14 5 3 
7 11 25 16 6 35 10 3 
15 10 5 19 8 7 17 23 30 1 2 34 16 4 32 21 
14 3 22 19 9 39 12 24 6 1 13 29 15 36 37 
6 13 3 35 15 18 1 
8 33 27 29 17 4 7 39 2 
9 3 8 18 36 20 11 14 6 21 
3 25 3 7 
4 12 4 1 37 
6 20 27 3 2 34 28 
2 7 2 
4 28 9 40 4 
3 31 4 5 
2 1 7 
2 4 5 
2 2 3 
2 3 6 
3 23 5 7 
5 26 24 3 31 4 
4 10 28 34 7 
3 3 29 7 
1 4 
2 18 3 
3 26 19 4 
2 8 2 
2 19 24 
2 6 10 
4 12 20 40 10 
4 4 31 6 21 
1 3 
5 32 39 13 19 29 
2 31 3 
1 6 
3 10 20 3 
2 5 2 
2 4 7 
2 4 9 
0 
3 6 31 4 
2 28 12 

3 10 3 8 
7 4 8 7 17 15 3 27 
21 35 14 9 15 40 2 4 38 30 37 32 28 13 21 10 6 12 5 1 17 16 
11 26 27 2 39 6 12 9 3 23 5 19 
3 4 7 3 
2 3 4 
4 25 5 29 2 
4 14 31 1 2 
5 32 11 3 34 4 
13 11 18 22 13 1 26 29 31 24 19 33 39 3 
2 9 10 
6 16 3 4 18 34 24 
7 33 25 38 22 3 35 10 
2 8 3 
4 38 3 31 2 
3 40 12 3 
3 26 3 2 
4 10 12 23 26 
2 10 4 
3 24 22 33 
2 38 3 
4 20 13 32 10 
2 18 4 
3 20 12 10 
2 7 13 
4 10 4 17 18 
3 4 2 30 
1 3 
2 10 7 
2 3 27 
3 8 15 10 
3 22 3 9 
3 20 13 10 
2 9 12 
2 3 13 
0 
1 3 
4 21 15 13 3 
2 4 10 
2 3 16 

13 4 22 14 9 28 11 5 7 29 39 13 19 3 
1 3 
15 2 10 8 1 7 6 4 12 11 22 5 24 15 36 26 
11 30 14 18 1 13 3 32 27 9 38 20 
7 3 17 8 6 1 33 31 
2 5 3 
3 34 3 1 
7 34 5 37 3 21 18 10 
7 1 26 38 4 25 17 28 
8 3 33 16 12 35 8 24 15 
4 16 27 1 3 
2 3 10 
2 4 1 
3 1 20 4 
2 3 10 
2 10 11 
5 5 9 28 20 30 
2 4 8 
3 23 36 1 
4 21 17 14 4 
2 8 20 
2 3 1 
1 19 
3 10 36 3 
1 9 
2 3 9 
3 11 40 4 
3 17 1 9 
1 1 
2 4 17 
2 5 37 
1 4 
2 10 5 
2 7 8 
1 10 
3 24 3 19 
2 31 8 
2 4 9 
1 1 
1 27 

4 12 3 5 8 
6 3 40 4 33 8 18 
17 35 1 26 23 20 6 22 14 4 2 11 7 18 10 5 13 38 
10 9 3 31 2 7 11 19 39 12 6 
3 1 13 3 
5 24 36 20 3 4 
7 16 9 17 25 24 4 3 
2 2 1 
8 33 23 10 30 34 4 7 15 
6 28 27 9 17 15 3 
3 3 4 27 
2 1 4 
4 21 23 3 5 
1 3 
2 9 10 
2 7 32 
4 7 20 10 35 
6 19 3 39 2 40 29 
3 18 23 4 
4 17 6 25 3 
1 13 
1 3 
4 13 19 9 3 
3 6 31 7 
2 7 20 
1 3 
3 11 40 10 
1 10 
2 18 30 
2 9 29 
3 24 37 4 
1 16 
2 2 9 
2 36 9 
2 3 17 
2 34 6 
1 31 
1 3 
2 18 4 
3 2 27 18 

3 7 3 6 
9 8 12 3 4 38 19 21 18 10 
7 4 2 15 1 5 29 34 
7 6 5 3 2 39 12 35 
13 4 36 39 23 31 27 26 3 37 8 9 15 17 
11 11 4 17 32 13 7 21 9 1 14 31 
2 1 6 
9 10 28 2 25 30 11 5 19 16 
8 5 14 16 6 13 36 20 33 
4 8 2 20 30 
2 6 8 
3 2 30 4 
5 29 21 6 9 14 
6 19 13 9 16 37 6 
4 22 5 36 3 
4 14 9 8 29 
3 28 6 5 
1 2 
4 25 2 14 8 
3 9 10 21 
5 20 13 26 6 2 
1 15 
1 5 
0 
3 19 8 35 
3 5 32 21 
1 5 
3 8 17 38 
6 40 13 16 3 31 32 
3 12 10 8 
4 34 6 29 5 
3 29 6 26 
3 39 37 9 
2 3 31 
2 25 4 
3 5 9 15 
3 33 14 5 
2 2 28 
3 4 5 33 
1 29 

6 4 32 11 24 16 3 
13 14 8 6 15 20 40 24 34 23 30 19 10 3 
14 4 16 6 40 39 5 29 21 12 1 8 7 2 9 
7 10 3 5 26 21 36 1 
7 9 28 4 13 18 38 3 
5 12 17 3 2 7 
4 3 6 11 23 
5 3 2 28 13 17 
4 31 5 3 20 
2 2 4 
4 1 35 27 7 
5 3 6 40 32 23 
3 5 8 29 
3 22 2 25 
3 28 18 2 
2 3 1 
3 6 8 24 
3 15 24 5 
1 2 
3 2 9 22 
3 4 26 3 
2 14 20 
3 2 12 7 
5 2 33 17 1 18 
1 14 
2 21 4 
2 37 11 
3 8 5 15 
2 3 13 
3 38 2 40 
1 9 
3 1 34 12 
1 24 
2 32 2 
1 11 
1 4 
1 27 
2 30 5 
1 3 
4 12 2 3 30 

9 3 10 8 27 5 12 38 20 4 
7 8 27 14 3 40 10 34 
10 4 1 7 15 2 5 14 26 9 11 
6 3 22 34 13 1 6 
4 3 6 1 18 
7 37 18 39 4 16 7 5 
7 9 3 19 21 17 20 6 
5 25 36 1 2 32 
2 3 7 
5 14 33 1 32 2 
2 15 3 
3 18 1 35 
1 4 
5 10 35 19 3 2 
2 11 3 
3 22 25 6 
1 7 
4 5 39 6 12 
2 14 7 
3 1 7 27 
6 26 27 31 29 7 22 
4 16 21 4 25 
0 
0 
3 22 16 8 
3 34 3 21 
5 2 20 21 36 1 
3 30 38 33 
1 21 
2 28 37 
1 21 
2 10 8 
2 10 28 
3 4 26 2 
2 14 12 
3 27 37 8 
3 30 36 6 
2 28 1 
2 18 6 
1 2 

13 27 11 38 3 34 31 36 14 10 13 26 6 33 
7 7 4 5 14 3 8 6 
23 8 12 34 18 20 31 19 37 13 4 39 5 22 2 16 10 23 17 24 1 9 35 7 
4 11 9 3 2 
2 2 3 
3 35 1 2 
6 32 12 29 3 28 2 
2 2 3 
2 4 3 
3 3 11 1 
6 1 25 12 24 4 10 
8 3 35 11 30 13 38 23 7 
4 3 1 12 36 
3 1 2 15 
9 29 33 17 35 32 19 22 16 14 
2 15 3 
2 15 3 
2 3 33 
4 3 31 15 21 
4 3 31 39 23 
4 24 26 29 19 
2 3 15 
5 20 28 3 40 12 
4 3 28 21 11 
1 11 
2 1 21 
1 1 
4 30 23 24 7 
4 37 21 15 7 
2 28 12 
4 19 20 1 3 
2 15 7 
3 18 1 15 
2 3 1 
4 6 12 15 3 
2 13 1 
2 3 29 
2 1 12 
2 3 20 
1 23 

3 3 8 7 
16 10 5 4 25 29 11 6 21 3 32 18 7 22 8 36 16 
8 23 4 5 2 10 36 15 1 
10 19 3 34 2 6 12 39 20 13 9 
2 2 3 
2 2 4 
2 2 1 
6 15 33 2 39 1 19 
2 28 4 
2 2 3 
3 23 2 25 
6 20 38 15 4 16 17 
1 4 
1 18 
4 3 8 24 12 
2 12 2 
5 22 21 29 12 37 
3 32 2 14 
4 40 21 4 8 
4 25 4 12 26 
3 19 2 17 
2 2 17 
3 3 30 11 
2 30 15 
3 11 20 2 
2 20 27 
1 26 
1 9 
2 2 17 
3 23 40 24 
0 
2 2 18 
1 8 
2 36 4 
0 
3 2 3 34 
1 17 
1 12 
2 4 8 
2 19 30 

7 8 16 6 3 30 28 9 
7 4 10 36 5 35 7 3 
11 1 4 9 22 33 2 29 39 12 24 11 
11 6 31 2 16 38 3 10 32 7 5 15 
8 2 31 4 11 13 18 14 26 
2 1 4 
8 35 23 11 17 9 2 37 4 
8 27 1 18 16 13 33 22 12 
3 3 7 1 
9 38 14 20 37 4 24 21 2 25 
7 14 7 5 15 17 3 29 
5 8 40 26 39 3 
2 5 8 
4 5 11 30 10 
4 11 4 19 27 
5 33 31 1 8 4 
5 38 31 32 7 11 
3 26 8 5 
2 35 15 
2 10 28 
1 10 
5 3 28 8 34 40 
2 24 7 
3 23 3 10 
1 10 
3 12 18 5 
2 15 8 
3 22 1 20 
3 3 30 11 
3 14 29 1 
4 5 17 4 16 
2 17 4 
3 16 8 3 
1 22 
3 2 7 19 
1 2 
2 7 10 
3 4 10 17 
2 12 3 
2 12 22 

9 15 3 26 16 4 21 6 5 7 
2 38 3 
16 15 1 40 13 10 20 2 8 14 4 17 11 26 5 30 9 
6 23 3 12 6 1 7 
2 3 1 
6 12 8 15 1 34 4 
4 1 4 20 26 
10 36 33 23 3 27 14 24 28 21 6 
3 13 3 17 
4 25 37 17 3 
2 40 3 
4 22 6 21 4 
2 3 9 
5 8 19 3 37 18 
4 3 29 6 1 
2 1 19 
6 3 9 25 10 34 20 
3 27 38 14 
2 14 16 
4 17 7 30 3 
4 12 1 23 8 
1 12 
3 4 21 8 
1 8 
2 10 17 
3 1 7 3 
2 8 18 
1 8 
1 15 
3 3 39 20 
2 40 32 
2 31 35 
1 8 
2 17 6 
1 32 
1 8 
2 14 10 
2 2 18 
1 30 
3 31 3 11 

10 4 3 9 14 37 21 23 7 15 16 
1 3 
13 16 2 5 8 17 6 14 24 35 11 33 1 4 
2 1 3 
13 25 34 37 11 9 3 13 36 12 10 28 19 8 
1 3 
2 1 20 
6 24 18 5 21 3 22 
3 5 25 1 
6 36 5 19 39 16 31 
2 5 3 
3 5 29 35 
3 29 5 14 
7 22 31 32 13 33 3 1 
1 1 
4 3 1 17 10 
7 23 30 18 34 16 3 27 
2 8 17 
3 10 24 5 
1 7 
2 8 1 
2 8 14 
3 1 17 37 
5 27 33 19 8 3 
3 35 5 9 
3 38 28 39 
2 24 17 
2 5 26 
2 13 12 
2 17 32 
2 14 10 
2 30 14 
3 24 3 14 
2 17 5 
3 3 25 12 
3 5 40 10 
3 1 23 5 
1 26 
2 10 26 
1 36 

7 10 40 4 22 7 25 3 
9 32 15 13 3 38 21 6 34 35 
2 2 1 
13 7 32 10 29 1 6 13 12 18 17 27 38 5 
2 25 4 
12 2 24 11 9 19 8 4 20 39 36 32 12 
4 30 4 10 1 
2 38 6 
2 26 6 
5 7 1 13 4 22 
5 22 18 28 15 6 
5 31 34 21 4 6 
5 2 10 4 19 23 
1 31 
4 25 11 2 26 
1 27 
1 4 
4 28 4 37 11 
3 20 13 6 
2 19 6 
4 35 12 29 2 
3 10 11 1 
1 13 
1 6 
4 15 39 5 1 
2 9 15 
2 4 16 
2 18 11 
4 21 36 4 30 
2 7 29 
2 12 14 
5 2 33 40 4 6 
2 32 34 
4 40 33 12 2 
2 2 21 
2 29 6 
1 18 
3 4 2 8 
2 25 6 
3 32 1 34 

8 8 13 4 14 10 31 6 3 
0 
12 4 1 6 31 18 35 12 30 5 17 7 10 
4 5 3 1 39 
7 22 8 12 3 14 37 4 
8 3 16 9 13 33 18 8 1 
3 11 17 3 
7 20 25 6 9 5 1 15 
5 23 8 28 6 21 
6 11 37 1 3 14 24 
3 7 27 10 
3 3 5 19 
5 1 16 6 20 29 
3 10 1 5 
4 23 36 8 28 
3 13 30 6 
5 3 27 19 7 24 
2 3 6 
3 12 17 26 
2 13 8 
1 9 
1 5 
2 9 15 
2 10 17 
5 32 8 26 38 36 
2 19 25 
3 31 11 17 
5 29 9 34 40 15 
2 28 13 
3 16 33 3 
3 1 27 3 
1 25 
2 6 30 
2 39 28 
1 3 
2 25 15 
2 10 5 
1 25 
2 4 34 
1 28 

0 
11 18 33 13 8 40 9 15 5 3 28 7 
10 12 2 10 25 9 22 34 4 5 37 
5 23 32 24 33 3 
4 3 6 15 2 
6 7 11 17 25 5 23 
9 6 12 26 16 2 17 35 27 21 
3 20 11 2 
4 3 38 31 2 
4 3 34 21 39 
3 8 6 14 
5 30 19 3 16 7 
3 22 2 27 
6 11 29 36 26 28 18 
5 5 19 36 2 20 
2 12 7 
2 6 7 
3 29 2 14 
2 12 15 
3 30 8 15 
3 7 24 10 
2 3 13 
2 6 4 
2 4 21 
2 3 6 
4 40 7 32 14 
4 37 7 35 13 
3 38 14 2 
3 39 18 14 
2 20 12 
1 9 
2 26 4 
2 4 2 
2 10 3 
2 27 7 
2 15 14 
2 27 3 
2 9 28 
2 29 10 
2 26 2 

15 38 23 15 7 9 39 35 32 5 40 4 3 8 6 11 
6 25 30 3 6 19 12 
8 4 2 10 9 1 11 12 22 
14 20 27 5 26 7 28 8 15 1 21 3 13 14 32 
2 1 4 
7 33 16 1 38 34 24 2 
9 26 17 23 4 1 29 10 24 21 
3 1 39 4 
7 37 19 14 20 3 16 1 
6 34 31 40 13 7 3 
4 1 17 18 3 
4 31 2 36 3 
2 4 10 
2 9 4 
3 4 37 1 
3 9 6 18 
4 28 29 11 7 
2 16 11 
3 25 2 9 
3 9 4 22 
3 7 4 27 
3 20 3 30 
2 1 7 
2 6 7 
2 2 19 
2 4 7 
3 21 4 36 
2 17 4 
2 7 17 
2 2 22 
3 12 10 33 
2 1 4 
3 35 31 6 
2 6 10 
2 1 33 
2 12 27 
2 15 9 
2 1 6 
2 1 8 
2 10 1 

9 21 16 31 27 4 10 7 15 3 
6 5 6 11 3 32 20 
9 1 15 18 2 4 37 7 29 20 
18 13 25 40 1 27 26 16 3 9 8 6 31 23 17 5 35 14 12 
4 19 2 4 10 
11 37 9 8 24 19 11 36 23 2 34 4 
2 3 1 
2 4 6 
2 4 6 
6 1 28 30 12 5 38 
9 13 35 6 32 17 2 14 21 36 
3 4 39 10 
4 22 4 33 11 
7 38 11 22 26 18 30 4 
2 1 3 
4 4 1 28 24 
3 11 4 29 
2 3 14 
3 5 40 6 
2 2 3 
2 11 1 
2 13 14 
5 25 6 4 34 39 
2 6 16 
2 23 4 
2 14 4 
2 4 1 
2 16 10 
3 33 17 3 
2 10 14 
2 4 1 
2 2 11 
2 13 29 
2 23 6 
2 11 4 
2 6 11 
2 3 6 
2 14 10 
2 23 12 
2 4 19 

3 9 10 3 
7 3 34 4 5 6 8 19 
10 38 4 7 12 13 2 1 26 37 11 
11 25 5 3 15 30 6 7 2 8 28 9 
3 4 2 18 
6 27 35 2 12 4 13 
7 32 3 34 25 26 4 14 
10 2 17 10 24 11 15 35 36 14 4 
4 28 1 29 4 
4 8 16 1 21 
2 8 3 
4 6 3 16 39 
3 6 18 3 
6 20 8 23 7 22 29 
4 4 8 24 20 
5 17 22 40 10 12 
4 31 40 16 8 
3 5 19 13 
4 33 2 23 18 
4 15 21 33 14 
2 20 10 
3 16 39 14 
3 36 14 19 
3 15 8 32 
2 4 7 
6 3 31 27 37 30 7 
2 6 26 
2 4 9 
2 14 9 
2 4 26 
2 17 26 
3 7 24 38 
2 20 19 
2 2 7 
2 8 6 
2 8 23 
2 3 26 
2 3 32 
2 12 22 
2 16 17 

5 6 3 11 5 40 
8 38 24 6 13 33 4 20 3 
17 31 2 10 14 7 16 27 13 21 5 1 40 4 15 9 34 22 
2 2 3 
5 1 37 7 28 3 
13 17 27 39 2 1 8 14 23 19 25 24 36 16 
9 36 8 37 3 35 12 18 5 20 
8 31 7 32 22 19 9 6 12 
9 35 25 33 8 10 11 29 26 3 
3 9 32 3 
3 9 1 18 
3 23 7 8 
3 2 15 3 
3 3 6 17 
2 13 3 
2 6 3 
4 6 26 30 14 
4 7 11 28 21 
2 8 6 
3 7 2 39 
3 3 30 18 
2 8 3 
2 12 6 
3 2 29 6 
2 9 6 
2 17 9 
2 3 6 
2 18 5 
2 9 24 
2 21 17 
2 8 3 
2 8 10 
3 9 34 2 
2 3 33 
2 7 9 
3 38 7 6 
2 7 5 
2 2 36 
2 6 20 
2 3 1 

7 13 26 31 5 29 4 3 
12 7 8 10 9 38 23 28 5 27 4 3 21 
7 1 22 18 25 17 6 2 
7 31 30 35 2 22 6 1 
8 36 1 32 15 2 20 14 7 
3 32 4 3 
10 35 10 13 9 5 11 12 16 2 8 
9 16 37 39 11 12 24 19 2 7 
8 38 2 34 28 21 7 24 15 
4 20 2 23 7 
3 7 8 40 
3 8 7 14 
4 39 7 19 1 
5 5 17 12 33 18 
3 9 25 5 
2 8 7 
3 14 3 26 
2 3 14 
2 13 8 
3 10 27 5 
3 33 9 2 
4 4 36 3 29 
2 10 2 
3 9 34 8 
2 3 15 
2 17 1 
2 20 2 
3 30 2 9 
2 22 1 
2 4 28 
2 4 1 
3 5 37 6 
2 14 21 
2 24 9 
2 4 7 
2 5 22 
2 8 32 
2 2 9 
2 13 8 
1 11 

6 4 9 22 3 25 11 
14 39 8 19 10 36 3 26 17 30 7 15 5 13 27 
11 6 1 5 4 9 8 11 2 7 20 10 
3 1 3 24 
10 2 14 12 6 28 40 17 20 3 37 
6 12 35 3 16 5 22 
2 3 2 
4 18 2 3 29 
3 1 3 21 
7 38 3 26 2 23 37 31 
8 19 24 3 14 13 32 36 1 
4 29 6 5 15 
2 11 2 
2 11 5 
6 12 38 18 16 2 27 
2 6 15 
6 5 25 30 33 21 2 
2 15 8 
3 31 11 2 
3 5 3 33 
2 9 17 
5 28 23 1 6 39 
2 22 10 
3 4 11 34 
2 17 1 
2 10 2 
3 2 34 15 
4 32 40 5 22 
2 8 12 
2 2 17 
3 19 10 35 
2 28 11 
2 20 17 
2 27 24 
2 31 6 
2 2 11 
2 10 5 
3 40 10 15 
2 2 22 
3 38 28 5 

2 3 12 
6 7 5 24 15 4 3 
7 1 2 9 23 11 4 27 
15 17 9 35 28 2 29 10 6 32 8 14 13 26 3 5 
4 2 4 38 6 
13 30 10 16 12 8 4 21 20 5 13 15 7 39 
10 2 31 17 37 6 16 33 20 36 18 
4 4 6 11 37 
5 3 14 22 23 4 
2 4 6 
3 3 8 19 
4 6 19 21 1 
4 34 6 4 40 
6 4 26 9 35 31 29 
2 2 6 
5 39 18 6 36 7 
3 4 25 7 
2 16 7 
5 22 24 28 11 12 
3 7 34 6 
3 25 6 12 
3 32 19 9 
3 3 40 9 
4 27 19 2 30 
2 17 21 
3 14 38 4 
2 24 3 
2 4 19 
3 4 14 33 
2 6 24 
2 7 14 
2 4 22 
2 7 29 
2 20 13 
2 14 4 
2 16 7 
2 8 7 
2 26 5 
2 6 16 
2 13 23 

9 40 18 5 3 7 10 36 6 8 
8 16 5 25 7 15 10 3 4 
5 9 1 13 2 4 
7 24 2 28 3 26 21 34 
10 32 11 29 2 13 6 17 1 8 38 
8 23 14 31 5 1 35 37 22 
7 2 28 31 11 1 21 30 
5 20 9 12 1 5 
8 33 3 18 27 8 39 38 14 
5 29 1 12 2 37 
3 5 7 26 
4 8 19 35 10 
7 15 40 3 5 32 39 17 
4 16 6 19 9 
4 2 22 13 36 
3 14 2 24 
3 5 20 13 
2 1 9 
3 12 23 14 
2 17 8 
2 4 7 
4 15 25 27 6 
2 6 19 
2 4 16 
3 2 30 22 
2 11 4 
3 33 22 9 
2 4 7 
2 10 5 
2 7 25 
3 34 6 7 
2 5 13 
2 9 27 
2 31 4 
2 6 12 
2 1 15 
2 10 6 
2 5 9 
2 9 13 
2 13 1 

4 35 8 5 3 
12 21 4 6 13 12 37 3 11 35 10 8 9 
7 5 1 18 24 2 4 36 
13 3 19 17 33 20 30 25 2 9 14 24 16 6 
5 3 7 34 1 31 
10 2 28 15 40 7 4 16 37 17 22 
4 13 31 5 6 
3 1 2 10 
2 2 4 
5 2 8 11 20 12 
3 2 10 22 
7 15 18 10 2 27 14 23 
2 7 2 
3 12 4 38 
3 6 23 12 
4 4 21 27 6 
4 4 26 29 6 
4 12 40 3 19 
3 18 39 4 
2 10 4 
2 2 16 
5 30 6 25 11 39 
3 12 15 34 
7 29 26 33 32 28 4 3 
3 32 22 4 
2 24 17 
2 12 16 
3 36 24 6 
2 24 17 
2 4 22 
2 7 5 
2 24 25 
2 4 24 
2 23 5 
2 2 1 
2 28 3 
2 6 2 
1 14 
2 19 22 
2 6 18 

4 30 15 4 3 
1 3 
19 6 25 28 5 2 15 4 18 22 20 26 24 21 7 14 13 34 16 1 
10 5 10 3 36 20 31 18 11 32 1 
8 40 7 3 9 6 19 4 11 
6 13 8 3 9 27 5 
7 19 12 3 8 5 24 10 
3 23 6 7 
9 14 6 34 21 12 27 5 32 17 
3 29 4 7 
3 4 5 26 
2 9 7 
5 39 6 3 28 36 
4 3 23 33 9 
6 33 16 1 3 29 38 
3 17 15 3 
4 9 35 31 16 
4 3 30 4 25 
2 5 7 
3 22 4 3 
2 3 9 
2 3 20 
4 37 8 38 14 
2 3 7 
2 18 3 
2 11 3 
3 6 9 37 
2 13 3 
2 10 15 
2 18 1 
3 4 35 17 
2 9 4 
2 15 14 
2 9 3 
3 17 38 31 
2 13 4 
2 23 27 
3 35 23 15 
1 13 
1 5 

2 4 3 
18 13 3 20 38 6 27 7 8 18 31 24 34 4 5 12 14 28 19 
4 15 1 6 2 
15 26 30 18 19 5 33 2 13 16 29 21 35 1 7 17 
9 28 11 30 2 21 4 17 16 9 
5 37 10 3 2 25 
7 10 11 8 9 15 2 4 
3 2 35 7 
2 5 7 
5 40 7 6 20 12 
6 7 22 37 23 29 5 
4 36 10 2 23 
5 4 2 14 32 27 
2 13 2 
2 7 3 
5 25 26 4 22 5 
3 5 4 36 
2 2 4 
5 4 39 31 2 33 
3 10 2 24 
2 5 4 
3 11 40 16 
2 11 12 
2 20 2 
2 6 16 
2 16 4 
2 13 2 
3 2 32 5 
3 11 34 4 
2 5 4 
2 2 19 
3 13 39 28 
2 19 4 
2 29 2 
3 40 4 8 
2 17 12 
2 11 6 
1 2 
2 19 32 
3 10 22 35 

4 15 11 3 21 
14 4 30 5 33 31 7 12 19 26 3 6 11 22 14 
14 2 10 6 4 28 8 9 25 24 29 12 1 5 7 
10 35 27 8 3 32 40 2 30 9 10 
2 2 3 
4 13 2 3 25 
8 17 18 29 13 2 26 34 3 
5 3 38 34 14 4 
9 27 24 23 16 4 37 3 28 22 
6 3 40 19 18 4 23 
2 1 2 
5 31 15 3 33 2 
4 7 20 6 36 
2 8 2 
3 1 16 12 
4 17 20 9 15 
3 7 16 21 
2 7 10 
2 10 2 
2 13 16 
2 17 1 
2 9 2 
3 10 9 37 
2 9 3 
2 6 3 
2 2 7 
3 9 4 32 
2 9 3 
2 3 7 
2 2 4 
2 2 12 
3 27 39 4 
2 2 12 
2 7 8 
1 4 
2 13 38 
2 9 23 
2 8 36 
1 32 
2 10 4 

9 11 23 8 18 4 3 34 7 16 
5 3 22 11 5 6 
13 6 31 4 1 19 2 25 15 37 35 9 27 8 
6 3 5 10 35 1 13 
7 2 4 15 33 7 28 18 
2 2 3 
6 5 37 26 14 28 1 
4 1 38 9 3 
7 21 8 26 32 3 27 10 
6 12 20 9 39 22 4 
8 30 16 14 12 13 1 36 2 
4 10 24 11 30 
4 4 17 11 36 
3 11 7 29 
5 17 5 29 24 3 
4 1 11 23 20 
3 13 15 21 
3 5 19 1 
2 18 3 
5 10 31 40 38 16 
3 25 17 9 
2 2 10 
2 1 16 
2 12 15 
2 3 21 
2 7 9 
3 3 32 9 
2 5 7 
2 15 14 
3 35 11 12 
2 3 20 
3 9 36 27 
1 5 
1 1 
3 4 3 30 
4 32 11 38 13 
3 3 7 39 
4 39 36 20 8 
3 38 37 10 
1 20 

4 17 19 3 13 
11 4 7 28 3 20 14 21 10 23 5 33 
19 12 15 11 30 26 5 16 14 25 22 38 7 29 4 20 6 8 2 1 
6 11 19 35 3 2 22 
8 13 2 3 16 9 6 32 34 
5 15 5 18 3 9 
10 34 2 12 21 8 25 36 18 24 3 
5 38 7 27 3 10 
4 6 29 40 5 
3 2 33 8 
2 3 4 
3 17 3 7 
2 5 1 
3 3 35 2 
2 3 6 
3 27 3 5 
2 12 1 
3 6 31 7 
2 4 1 
10 26 23 31 3 37 30 36 2 39 32 
2 7 2 
3 3 4 24 
3 37 2 20 
2 22 7 
2 7 3 
2 3 20 
5 39 16 8 40 28 
2 27 2 
2 3 9 
2 20 3 
2 18 20 
4 20 34 33 5 
3 2 32 10 
3 7 32 5 
2 14 4 
2 20 7 
2 20 23 
3 8 3 39 
4 38 20 40 27 
3 27 39 9 

2 3 9 
8 4 6 36 28 31 19 3 8 
17 15 11 2 25 21 22 28 5 8 1 26 12 4 24 40 7 33 
11 5 10 24 3 32 2 11 9 29 13 12 
10 23 15 18 7 6 20 3 16 14 4 
6 17 2 38 5 21 14 
7 10 5 3 35 36 16 27 
3 2 3 23 
2 1 4 
11 37 19 7 4 13 35 27 17 34 25 30 
3 34 3 4 
2 4 3 
2 10 4 
7 40 18 22 20 6 39 5 
2 5 3 
2 5 7 
2 6 10 
6 31 26 5 14 30 29 
2 10 2 
2 14 5 
2 3 6 
2 3 14 
4 5 8 33 32 
2 3 4 
2 10 3 
2 18 3 
2 10 7 
2 3 2 
2 18 4 
2 18 10 
2 2 18 
2 23 4 
2 23 3 
2 10 11 
2 10 7 
2 2 7 
1 10 
1 6 
1 14 
2 14 3 

5 3 13 20 11 19 
6 17 3 5 4 12 31 
14 27 8 6 4 2 39 23 1 7 12 33 17 13 25 
8 35 30 2 3 9 28 5 14 
16 18 7 27 16 2 15 6 8 30 4 36 40 34 10 9 24 
4 40 5 3 21 
4 33 19 3 5 
5 14 31 21 3 5 
5 5 11 4 20 10 
3 15 5 9 
4 1 9 35 22 
8 16 26 38 3 18 2 37 25 
3 24 3 1 
3 4 8 29 
3 10 23 5 
2 12 5 
2 3 2 
4 12 32 28 5 
2 1 7 
2 1 9 
3 8 6 22 
3 21 34 11 
4 15 3 26 29 
2 13 5 
2 3 12 
2 23 12 
2 3 5 
2 18 4 
3 14 23 38 
2 4 5 
2 2 8 
1 18 
2 3 7 
3 5 37 22 
2 4 11 
1 5 
3 12 39 34 
2 29 12 
2 3 37 
2 5 6 

3 3 7 15 
3 3 4 14 
19 37 6 9 1 4 17 5 30 29 32 21 20 33 38 2 18 19 11 10 
13 23 17 35 24 34 5 6 2 8 3 33 11 30 
5 3 19 7 16 4 
4 31 8 4 3 
7 29 23 15 5 1 36 32 
10 4 14 6 24 39 16 10 9 21 13 
3 8 3 25 
5 35 12 3 8 27 
3 4 3 12 
7 37 10 31 22 18 13 11 
2 12 8 
4 8 2 25 40 
3 28 1 7 
3 5 8 26 
5 3 34 4 20 22 
2 12 3 
5 28 5 3 26 38 
2 17 3 
3 3 36 8 
2 17 12 
3 4 27 7 
2 8 4 
2 14 9 
2 19 16 
2 23 10 
2 15 19 
3 3 7 36 
3 39 3 4 
5 37 32 38 6 12 
3 3 31 7 
2 3 4 
2 4 17 
2 10 4 
3 7 21 29 
3 31 3 12 
3 31 19 3 
2 8 30 
1 14 

7 3 23 7 27 6 4 10 
3 3 5 4 
9 34 39 5 2 12 33 25 1 6 
6 22 8 25 2 1 7 
5 15 20 11 2 3 
6 1 24 9 26 37 3 
14 35 13 11 34 4 29 18 22 8 30 9 1 10 36 
7 30 17 14 21 4 7 20 
10 13 17 12 14 19 7 6 39 31 15 
3 16 7 1 
2 7 5 
3 9 3 19 
6 21 7 24 9 18 28 
3 9 8 16 
2 9 5 
3 10 38 14 
2 9 8 
2 13 7 
4 28 12 40 9 
6 26 37 31 5 35 8 
2 13 8 
5 23 33 4 7 29 
3 40 1 22 
2 6 13 
2 3 4 
2 20 6 
1 1 
2 19 13 
3 7 40 22 
2 8 7 
2 20 9 
0 
2 3 22 
3 3 7 39 
2 20 7 
1 7 
2 6 20 
1 16 
3 34 3 9 
3 23 19 29 

