11 8 39 18 41 12 14 10 17 4 6 9 
5 17 11 8 4 5 
7 7 5 25 9 13 4 40 
19 2 7 6 20 43 3 12 33 5 18 22 25 32 15 35 1 21 34 26 
13 13 6 28 20 11 15 16 47 23 4 3 31 2 
17 12 7 4 1 50 15 32 19 47 42 36 5 27 9 37 17 33 
10 3 30 23 41 6 4 24 35 8 10 
10 10 1 42 44 37 13 7 23 28 2 
5 6 19 1 30 3 
8 11 14 37 8 7 29 1 38 
3 10 2 5 
7 1 42 4 48 6 27 18 
7 3 47 8 5 23 38 32 
8 30 17 19 1 18 44 10 36 
4 6 5 4 41 
3 5 29 35 
10 22 29 2 14 21 23 40 1 6 37 
6 20 14 31 4 12 1 
9 30 28 32 6 35 50 9 14 34 
7 48 4 5 43 18 26 33 
3 17 4 31 
6 4 47 25 34 38 17 
7 7 17 26 5 8 13 25 
2 7 37 
6 23 4 44 3 22 45 
5 49 42 20 23 4 
4 12 6 44 46 
4 5 8 19 49 
3 17 16 10 
6 7 37 14 45 9 19 
4 5 39 18 21 
5 6 13 19 36 4 
4 20 4 41 6 
3 4 19 22 
4 4 7 19 16 
3 32 14 6 
6 6 24 8 10 17 30 
3 22 13 10 
2 1 31 
2 17 3 
4 7 15 33 1 
4 26 12 8 6 
2 4 20 
4 25 14 27 8 
2 25 30 
1 27 
4 5 6 22 13 
2 20 12 
2 28 26 
2 19 6 

3 5 25 4 
17 27 7 20 19 11 9 4 32 6 17 31 13 5 12 14 10 45 
1 4 
21 12 20 30 11 5 9 50 7 2 17 6 1 15 34 48 29 8 18 3 21 39 
16 7 13 2 8 33 26 19 36 6 1 35 15 23 9 27 4 
6 2 5 4 15 8 40 
6 2 47 18 46 4 5 
19 31 40 49 48 16 38 36 44 26 10 14 47 23 5 28 6 32 12 4 
13 5 4 17 10 42 34 11 29 2 40 41 50 26 
3 9 8 2 
13 49 46 20 42 14 18 4 9 16 34 36 21 2 
5 2 31 33 8 4 
6 16 24 19 5 22 2 
6 34 8 11 2 26 22 
5 4 27 5 38 6 
5 8 13 29 21 11 
6 45 2 49 4 9 24 
4 7 28 11 4 
6 5 2 50 13 41 31 
5 11 27 2 25 4 
3 11 4 16 
2 14 13 
2 8 5 
5 35 13 17 29 32 
3 20 1 26 
11 36 43 47 39 44 25 9 8 5 14 48 
5 5 38 20 15 2 
3 8 18 30 
5 9 4 16 24 40 
5 44 4 39 28 45 
6 8 50 40 12 2 19 
3 2 8 24 
2 5 12 
5 14 11 46 4 9 
2 24 5 
4 11 8 26 5 
3 48 45 43 
3 8 27 15 
3 30 26 4 
5 31 8 6 9 29 
3 19 46 9 
3 11 9 48 
2 37 26 
3 8 30 26 
4 37 30 17 2 
4 7 11 34 41 
4 8 7 49 26 
5 42 26 8 4 37 
4 47 17 8 11 
4 4 19 9 31 

2 4 15 
13 12 41 8 7 17 11 6 5 10 20 46 4 21 
3 46 4 5 
19 10 48 12 31 15 21 32 23 9 6 1 3 7 28 8 2 14 25 5 
14 13 31 11 49 9 2 4 18 3 43 16 6 8 23 
18 15 22 39 25 7 28 19 5 46 9 33 11 14 35 2 4 13 16 
10 6 2 36 27 28 14 17 4 44 16 
7 2 5 26 4 48 10 40 
3 5 6 4 
5 24 2 4 8 43 
7 30 5 37 2 16 6 18 
12 16 46 22 2 4 21 14 13 24 50 39 42 
5 12 25 5 44 6 
6 12 4 36 49 7 6 
5 6 20 4 1 34 
9 11 7 6 45 28 25 12 5 27 
6 19 47 22 7 2 21 
7 38 5 11 44 23 45 41 
4 6 17 22 31 
3 30 15 2 
4 17 12 4 2 
4 12 6 17 19 
6 24 5 42 43 18 4 
4 10 12 28 23 
7 4 13 16 29 6 32 35 
1 8 
5 7 33 49 38 16 
5 16 6 24 4 7 
2 25 37 
3 11 20 37 
4 5 19 4 33 
3 4 25 48 
5 35 39 27 6 31 
1 15 
3 25 6 33 
2 7 14 
3 11 30 29 
3 41 27 18 
5 6 12 46 43 33 
1 8 
3 18 38 2 
2 12 23 
4 23 10 5 39 
3 7 13 18 
2 16 18 
5 3 12 2 6 39 
1 17 
3 8 32 4 
3 5 27 14 
1 12 

1 4 
9 5 44 4 6 21 34 8 11 18 
12 23 48 13 33 4 20 31 10 5 46 39 12 
19 5 11 14 32 1 16 43 7 6 17 21 2 45 26 10 9 40 34 3 
13 32 31 13 2 22 35 3 8 7 45 6 29 4 
9 8 19 4 2 5 20 7 18 16 
11 47 14 19 6 9 13 20 26 34 4 5 
3 2 6 5 
8 39 38 31 7 13 45 32 4 
8 42 47 50 4 35 3 24 18 
8 29 12 2 24 48 18 47 4 
7 42 22 24 11 27 3 17 
5 7 34 3 9 5 
3 7 4 30 
5 38 20 37 26 32 
5 26 4 6 19 34 
13 19 29 43 20 50 12 42 4 44 45 30 27 40 
5 11 2 10 21 6 
8 35 22 17 33 16 6 25 7 
7 15 6 23 17 37 7 3 
4 18 30 4 2 
4 19 5 45 12 
3 20 41 3 
4 37 10 12 11 
3 19 49 29 
6 7 15 4 44 47 16 
2 17 12 
1 39 
6 40 5 34 25 17 11 
4 33 21 17 14 
6 49 5 9 38 43 3 
6 50 15 5 4 9 36 
5 41 36 19 30 3 
6 16 7 4 13 29 2 
3 19 5 10 
2 33 32 
3 24 20 15 
3 31 9 15 
3 9 28 3 
3 29 4 17 
2 33 23 
3 12 17 10 
3 17 4 31 
3 26 2 17 
5 4 17 22 9 5 
1 3 
4 26 7 11 10 
2 3 11 
2 31 25 
3 10 17 32 

8 8 29 11 14 5 12 15 4 
15 32 4 18 5 16 24 49 9 20 30 46 28 7 43 6 
1 4 
19 47 2 8 7 6 39 28 25 5 17 10 13 9 29 1 3 16 49 48 
22 40 44 6 50 21 4 2 10 13 24 1 34 19 36 32 26 17 15 48 22 12 7 
8 2 22 37 11 40 23 5 4 
3 4 2 5 
13 48 49 50 11 42 4 12 27 9 10 15 1 36 
9 30 39 4 28 12 50 2 8 17 
6 16 4 5 30 8 28 
6 8 1 6 37 14 15 
5 8 9 38 1 5 
13 23 29 42 19 27 24 18 5 22 35 15 32 4 
5 29 11 25 1 40 
8 1 13 8 38 11 25 17 5 
6 46 2 10 4 22 24 
6 15 28 5 9 4 24 
7 25 43 23 21 27 13 2 
6 50 26 13 38 45 5 
1 2 
5 49 18 35 43 5 
4 6 13 16 5 
3 6 18 13 
9 13 44 2 5 37 17 41 16 31 
5 14 18 15 33 4 
3 5 19 47 
8 30 46 13 42 18 33 37 8 
6 9 40 17 10 4 2 
4 4 14 13 1 
6 41 10 2 9 27 36 
3 47 48 24 
5 5 13 2 39 36 
2 25 27 
1 5 
2 13 21 
5 44 30 32 8 5 
4 11 27 6 24 
5 19 41 49 15 12 
3 4 32 9 
4 6 5 14 28 
3 38 24 30 
3 27 13 8 
3 2 21 18 
3 36 5 24 
1 19 
3 27 16 2 
3 26 31 4 
4 31 4 8 5 
5 8 2 38 4 21 
4 19 8 5 9 

7 38 20 44 17 4 8 5 
14 6 10 12 11 21 14 20 33 25 31 19 34 26 4 
6 5 4 32 10 42 45 
17 38 16 13 29 2 5 3 7 17 1 6 47 31 23 11 34 12 
13 33 8 9 25 4 6 7 3 15 40 1 24 18 
3 5 2 4 
7 15 4 23 31 8 21 5 
9 13 10 5 1 9 19 7 25 26 
9 39 38 33 5 8 31 36 27 44 
8 11 8 50 2 38 3 12 14 
6 20 42 10 2 14 4 
9 41 34 2 17 4 10 32 23 16 
4 18 8 4 33 
6 24 37 29 10 2 11 
5 5 7 26 18 28 
3 4 39 12 
4 43 4 1 12 
8 5 20 15 45 13 34 19 44 
5 2 22 45 8 18 
10 21 38 18 2 47 37 48 1 35 11 
8 43 36 41 7 20 25 46 2 
1 19 
3 12 7 4 
4 27 5 33 14 
6 30 2 5 21 46 8 
4 27 8 15 2 
5 26 30 24 9 35 
2 15 31 
2 4 14 
3 35 27 25 
6 9 4 28 7 42 2 
2 3 12 
6 13 2 5 40 9 24 
4 4 18 2 12 
3 30 27 20 
3 21 42 9 
4 49 20 14 41 
5 1 9 4 10 20 
3 9 45 16 
3 33 5 50 
3 12 37 21 
4 11 3 36 31 
2 21 17 
3 1 9 18 
4 39 18 3 19 
3 25 21 47 
3 4 20 46 
1 20 
1 37 
2 10 40 

9 7 39 9 19 24 26 6 5 4 
14 27 12 17 22 7 39 30 8 5 6 11 21 4 20 
9 44 47 22 40 27 4 5 26 15 
16 1 48 6 18 41 50 47 29 32 3 40 21 16 17 43 2 
3 2 1 3 
16 1 12 32 16 7 9 14 11 10 19 8 18 48 4 15 2 
6 2 20 1 9 6 23 
9 49 6 29 2 27 43 21 47 50 
7 7 32 14 25 1 22 6 
11 39 41 35 46 18 21 43 22 6 13 16 
4 2 6 35 13 
2 2 6 
3 10 11 28 
8 47 9 43 28 15 29 24 6 
10 23 6 37 3 46 49 27 14 38 34 
5 4 6 37 10 17 
6 19 4 42 16 26 2 
5 4 10 45 6 22 
5 35 6 17 1 30 
4 24 28 2 7 
9 41 4 44 8 10 2 26 36 39 
7 40 10 18 2 9 3 41 
3 27 15 7 
4 36 14 1 20 
2 30 9 
4 17 1 21 3 
8 3 23 2 31 15 39 8 33 
5 14 30 50 13 20 
4 8 4 40 14 
4 2 28 25 19 
1 27 
7 45 48 50 37 6 9 4 
2 36 27 
1 15 
3 10 11 19 
3 33 24 21 
4 32 15 16 42 
1 15 
6 21 1 27 10 44 2 
5 48 4 3 22 29 
5 21 22 10 46 4 
2 37 17 
4 8 4 10 14 
3 39 21 3 
2 18 32 
3 41 15 10 
5 8 49 4 14 3 
4 32 40 6 4 
3 47 8 15 
4 32 28 8 4 

4 7 5 47 4 
6 8 4 5 6 9 45 
2 4 9 
3 1 3 2 
12 2 7 1 15 9 10 8 41 25 38 42 36 
7 34 2 32 8 24 25 14 
11 49 31 46 5 17 1 11 14 44 13 9 
17 40 23 12 43 6 5 10 20 38 18 16 2 24 33 46 28 31 
13 2 33 15 28 10 25 7 5 35 11 13 3 14 
10 9 20 8 33 13 12 5 45 37 23 
3 7 31 9 
8 34 10 48 41 42 29 8 27 
4 10 22 7 9 
8 35 9 19 26 34 6 7 18 
3 16 9 5 
7 37 43 15 42 47 44 8 
3 7 29 30 
4 19 14 8 49 
7 45 23 30 14 18 21 28 
2 8 10 
1 19 
2 50 13 
3 8 19 10 
3 8 39 6 
4 5 6 9 32 
1 14 
3 12 50 36 
3 8 9 19 
3 17 35 12 
4 45 37 19 17 
3 7 11 8 
2 6 25 
6 48 49 9 10 36 8 
3 14 12 6 
3 14 29 9 
5 27 46 5 33 38 
3 10 16 30 
3 5 36 8 
1 24 
1 8 
2 5 12 
3 5 12 16 
2 16 8 
2 7 16 
4 10 30 2 19 
3 8 7 36 
2 1 16 
2 12 33 
3 7 18 33 
2 27 22 

10 45 22 10 5 26 6 24 7 4 12 
1 4 
0 
28 11 1 26 49 12 18 42 17 45 38 25 28 6 37 5 7 10 20 34 16 15 33 43 22 13 8 29 2 
19 6 26 19 35 20 33 41 22 7 1 15 27 43 16 17 4 31 10 46 
8 40 24 5 18 39 10 4 1 
13 5 43 30 44 8 14 4 1 26 21 13 9 38 
7 16 29 4 27 7 11 22 
8 13 12 11 21 19 7 35 32 
7 36 40 41 6 1 5 4 
10 44 42 9 50 14 4 49 20 8 12 
8 17 4 11 46 34 9 15 1 
10 14 48 31 9 7 30 39 4 24 50 
11 13 36 32 33 28 49 19 7 24 11 25 
6 12 5 4 50 41 23 
3 8 5 4 
10 45 5 18 37 29 12 21 47 4 32 
5 17 27 23 6 4 
5 14 5 46 48 9 
3 5 11 4 
5 36 7 17 23 9 
7 39 5 1 4 25 31 8 
4 21 37 18 15 
6 1 14 6 34 13 28 
3 4 22 14 
5 5 1 4 30 7 
4 5 35 8 18 
3 14 4 24 
4 38 4 8 17 
4 42 13 26 7 
3 5 22 13 
4 17 9 40 14 
4 14 5 48 4 
3 4 24 12 
3 9 5 27 
3 21 14 10 
3 17 4 23 
3 29 4 7 
3 13 6 22 
4 6 47 10 32 
4 5 15 44 10 
3 11 4 30 
3 5 7 4 
3 41 7 11 
3 17 4 1 
3 5 19 12 
2 17 40 
3 33 19 13 
3 14 4 11 
3 15 13 11 

1 4 
0 
19 16 19 20 18 29 41 35 5 4 28 22 10 23 48 9 11 17 32 14 
23 7 11 37 1 36 50 44 25 30 47 24 26 10 8 3 13 21 46 5 14 20 49 6 
8 26 40 6 25 4 11 3 16 
9 16 39 5 36 4 7 18 9 8 
6 8 9 6 4 36 12 
9 6 21 18 45 30 15 41 4 7 
6 6 3 22 12 7 33 
9 14 37 40 27 15 28 13 3 4 
6 3 5 4 29 13 31 
5 15 9 7 39 40 
5 11 45 39 4 10 
4 4 10 21 3 
12 25 10 32 43 29 17 38 20 19 8 12 23 
9 23 17 6 44 49 35 33 5 3 
4 15 3 16 43 
9 3 27 8 24 48 19 35 37 6 
5 15 18 30 3 34 
3 4 15 3 
4 4 34 8 14 
2 9 3 
4 15 3 16 27 
3 33 18 4 
3 15 4 5 
4 5 32 38 4 
4 28 10 18 23 
8 47 10 42 38 27 46 3 31 
7 15 34 49 48 31 11 3 
4 42 4 19 8 
4 29 28 41 11 
5 3 42 15 50 26 
5 9 50 47 16 24 
3 21 29 19 
4 46 3 18 16 
3 4 6 7 
3 10 4 18 
3 26 15 28 
3 6 12 13 
3 12 10 5 
3 3 8 31 
5 32 28 43 44 30 
3 17 15 42 
3 42 4 16 
2 13 8 
3 28 35 4 
3 28 4 33 
3 3 18 29 
3 4 16 29 
3 4 33 32 

0 
6 7 11 4 36 30 5 
5 14 4 25 6 5 
17 34 6 18 8 33 22 12 47 7 11 35 28 2 3 31 5 27 
20 22 18 13 37 11 3 14 23 32 9 8 25 4 2 38 48 49 15 7 6 
9 5 37 4 3 27 9 15 12 48 
11 4 2 10 16 24 15 20 23 30 8 5 
9 5 10 7 35 31 21 4 39 9 
14 30 34 8 16 12 27 26 10 38 36 19 5 33 6 
13 33 17 29 13 42 32 26 23 8 7 9 38 44 
7 4 22 46 17 5 2 14 
6 9 44 13 6 4 28 
6 5 49 12 24 10 18 
7 5 41 20 19 3 16 11 
7 50 6 17 7 29 5 37 
3 7 14 9 
6 10 19 11 32 15 21 
5 40 5 13 4 31 
7 41 14 40 17 34 20 9 
6 21 7 19 46 14 48 
5 28 20 8 24 17 
11 11 29 26 25 5 42 50 45 4 39 41 
5 10 39 5 42 7 
4 35 13 21 7 
3 22 5 3 
3 9 10 22 
3 6 9 4 
5 47 12 21 50 4 
5 36 43 10 15 22 
3 7 9 2 
4 45 4 8 18 
3 5 10 17 
4 40 4 10 9 
4 19 43 9 4 
3 4 8 24 
5 47 2 29 46 9 
3 5 6 15 
5 45 10 5 43 9 
3 22 8 23 
3 19 18 33 
3 22 19 14 
4 10 22 44 23 
3 38 34 29 
4 10 42 12 49 
3 31 38 22 
3 36 11 20 
3 28 4 36 
3 20 5 6 
3 13 44 5 
3 15 28 22 

8 43 4 5 6 41 10 23 21 
21 4 21 16 10 11 12 17 14 45 9 44 15 32 8 39 46 29 20 19 27 7 
11 22 4 50 38 43 14 5 6 41 10 37 
21 8 13 7 9 11 19 16 1 20 5 24 33 6 2 31 28 32 48 47 3 18 
8 27 3 1 17 4 7 8 30 
11 48 3 1 20 40 13 23 12 4 37 31 
4 4 2 29 5 
11 2 9 4 32 18 12 5 23 48 33 38 
6 28 8 13 4 2 45 
11 15 25 1 14 22 2 49 3 18 11 36 
6 22 2 10 4 26 36 
5 6 8 2 17 49 
6 9 4 15 25 6 16 
8 2 41 3 45 27 42 10 38 
3 13 10 2 
5 24 13 42 2 4 
5 5 2 12 19 30 
5 8 35 4 10 39 
17 47 31 24 46 39 2 30 43 42 36 35 34 26 4 21 40 17 
6 26 2 6 4 25 29 
4 1 19 50 2 
4 11 44 10 3 
4 6 34 1 8 
3 4 19 16 
4 28 13 10 20 
4 19 11 20 44 
5 40 14 2 35 5 
3 4 9 25 
3 7 20 2 
3 19 5 17 
5 46 6 4 34 19 
5 2 37 4 8 33 
4 32 4 8 49 
3 23 19 31 
3 18 19 27 
3 19 11 10 
4 50 32 3 6 
3 14 8 3 
3 19 18 2 
3 27 6 19 
3 14 3 1 
4 47 19 14 16 
3 1 3 19 
3 26 2 22 
3 2 14 9 
3 2 31 19 
3 42 4 19 
3 6 8 4 
3 33 12 10 
3 37 21 3 

7 42 4 8 5 6 10 17 
9 9 5 19 12 6 15 11 4 21 
7 13 19 31 16 4 36 27 
20 40 39 49 33 38 34 43 5 9 42 1 22 3 30 17 35 2 16 6 7 
11 1 36 2 15 8 25 48 14 18 7 4 
16 46 32 20 24 1 13 17 33 2 7 28 48 4 9 44 12 
21 42 23 39 14 10 29 45 13 26 30 27 40 11 4 24 8 5 6 32 18 41 
19 44 5 11 47 1 18 22 40 14 25 23 27 31 7 10 28 16 37 48 
6 25 6 4 2 19 34 
5 8 7 1 12 36 
7 15 33 7 21 8 26 2 
4 2 20 10 6 
8 6 21 45 37 3 29 7 20 
5 8 38 5 22 7 
5 5 2 24 11 28 
6 3 46 35 4 41 8 
3 6 1 4 
5 29 5 26 7 8 
4 43 9 3 2 
4 6 13 12 43 
3 2 13 11 
7 4 8 23 45 39 35 14 
3 22 7 8 
6 47 31 7 6 44 15 
3 8 9 5 
5 7 11 41 38 18 
5 3 8 34 7 30 
3 8 15 6 
3 13 7 18 
5 7 37 27 32 4 
3 3 24 8 
3 6 30 7 
5 47 6 11 49 4 
4 27 9 4 46 
5 4 16 50 49 22 
3 10 3 5 
4 13 8 50 30 
3 26 4 14 
3 7 4 22 
3 7 8 4 
3 26 7 16 
3 7 4 1 
3 19 20 4 
3 6 24 8 
3 13 7 22 
3 6 34 16 
3 33 8 24 
4 6 8 50 5 
3 33 35 4 
3 35 37 48 

5 6 19 12 4 5 
12 4 10 7 9 6 40 34 11 5 26 37 25 
4 4 8 16 29 
16 9 1 49 31 34 3 25 10 11 8 2 5 17 21 12 7 
12 24 2 7 4 36 14 47 6 48 1 19 27 
10 48 15 44 25 13 1 5 28 22 2 
17 5 41 10 40 4 36 24 46 9 19 13 8 14 18 2 30 20 
9 13 14 3 4 24 42 11 7 21 
12 12 7 42 29 2 37 21 15 17 26 32 4 
7 23 2 4 35 7 39 15 
4 32 4 8 2 
7 17 36 27 9 30 4 1 
6 22 50 8 31 7 6 
9 5 38 39 7 8 43 18 16 30 
8 28 16 45 23 20 9 10 6 
9 14 3 28 15 18 35 32 43 47 
6 12 9 45 34 22 4 
4 7 14 16 33 
4 1 7 5 20 
4 19 15 7 38 
6 9 45 27 4 8 23 
7 33 29 26 13 17 44 6 
6 35 40 37 10 15 21 
3 8 5 7 
3 2 6 4 
5 2 22 39 31 9 
3 12 5 21 
4 16 15 48 6 
5 9 22 46 3 41 
4 12 7 49 14 
4 26 13 33 4 
6 9 46 11 44 49 16 
4 31 18 22 47 
3 4 17 2 
3 16 10 23 
4 41 5 7 12 
4 23 9 38 2 
3 37 14 20 
4 42 14 10 26 
4 7 50 2 23 
4 36 29 43 7 
3 8 9 39 
3 16 14 41 
3 22 32 6 
3 17 15 21 
3 29 7 32 
3 5 33 16 
4 5 6 50 28 
3 32 30 4 
3 48 13 40 

14 30 5 41 15 4 7 32 11 17 18 22 9 50 33 
4 7 13 40 4 
5 6 16 5 4 40 
17 9 6 3 2 43 8 44 1 46 16 5 22 10 13 28 31 11 
17 21 4 17 16 30 26 12 29 6 8 19 18 3 15 34 24 1 
15 28 43 42 20 41 11 4 10 48 3 9 14 36 5 7 
16 6 47 19 20 15 1 40 18 2 12 23 8 13 17 35 10 
10 7 25 29 19 4 12 5 14 31 50 
8 1 27 23 20 29 25 6 4 
7 6 38 26 24 7 4 32 
4 6 27 4 1 
5 8 28 7 5 14 
5 7 49 2 4 35 
11 45 39 36 12 8 38 23 49 6 22 24 
4 1 7 5 21 
4 5 4 3 25 
7 7 31 36 33 5 1 41 
3 1 7 5 
6 8 7 47 35 5 21 
5 7 9 37 6 48 
3 5 15 19 
4 1 26 4 14 
4 48 9 14 7 
3 5 14 10 
5 9 16 50 38 8 
6 10 46 27 34 22 5 
6 30 26 32 11 9 37 
3 6 4 12 
6 39 34 9 5 42 8 
7 5 1 44 27 42 45 33 
4 17 4 46 8 
3 10 27 1 
4 30 39 17 1 
3 26 5 29 
3 19 13 7 
4 6 37 17 14 
4 36 27 49 20 
3 10 25 14 
5 45 33 14 43 29 
4 3 2 7 47 
4 6 17 1 44 
3 30 29 6 
3 6 39 4 
3 41 4 30 
3 39 14 30 
3 26 4 31 
3 19 40 7 
3 23 20 6 
3 37 14 13 
3 8 1 25 

11 9 42 4 46 24 18 12 7 6 22 32 
15 8 5 28 25 7 45 21 12 13 4 10 31 17 22 6 
6 44 4 9 47 5 40 
23 9 47 11 1 37 32 23 10 24 30 50 44 28 18 5 13 12 3 38 2 42 46 16 
16 31 48 16 4 2 3 15 34 35 17 19 7 6 26 23 8 
5 15 2 5 27 1 
16 1 11 48 21 5 29 2 38 49 8 16 14 15 34 10 27 
4 7 2 11 5 
7 3 14 18 46 4 1 43 
10 44 25 48 29 50 21 2 40 4 7 
11 22 13 34 14 37 4 25 8 7 20 36 
8 2 27 36 19 20 1 28 4 
3 2 4 11 
8 7 20 9 26 19 11 41 43 
5 5 7 17 6 35 
6 4 5 39 24 33 7 
5 5 30 15 2 39 
5 29 33 1 9 4 
5 26 12 23 5 14 
5 33 32 11 12 14 
4 7 10 49 2 
3 2 1 11 
4 5 41 19 4 
3 4 16 1 
4 10 11 50 2 
4 14 5 38 19 
7 36 30 6 12 7 35 41 
5 47 45 4 12 2 
4 31 18 7 10 
3 17 27 4 
6 42 40 5 29 2 39 
5 37 4 49 1 20 
3 18 20 16 
3 11 5 7 
3 15 5 27 
3 11 27 12 
3 32 4 11 
3 4 26 7 
3 17 31 16 
3 3 31 10 
3 27 23 14 
5 1 31 45 43 4 
3 42 14 9 
3 10 3 4 
3 2 42 28 
3 1 9 4 
3 4 3 28 
3 5 7 10 
3 21 32 7 
3 25 10 4 

11 20 15 5 34 38 4 44 36 24 12 11 
15 14 24 5 6 32 4 8 10 19 30 50 29 43 39 7 
2 4 18 
20 36 31 41 6 14 10 1 7 2 30 15 23 5 28 9 33 3 37 45 26 
15 12 17 1 22 38 2 11 10 14 6 13 20 39 16 4 
15 4 19 46 34 37 8 47 24 7 43 2 5 38 13 40 
12 46 16 2 9 15 50 12 6 4 17 8 13 
4 7 9 2 6 
5 48 4 8 26 7 
6 2 5 11 17 29 4 
6 46 33 1 10 5 21 
6 7 5 1 37 42 36 
8 48 27 6 5 50 41 7 33 
10 5 2 4 40 23 22 35 18 49 45 
5 16 4 1 7 44 
9 40 5 25 18 26 7 32 21 15 
5 39 10 7 5 25 
8 43 16 14 25 23 3 19 21 
5 47 6 2 18 20 
5 19 44 1 5 35 
5 16 28 11 22 18 
5 21 5 14 29 49 
7 4 31 18 27 28 14 42 
3 1 2 6 
5 17 30 18 27 16 
6 16 35 32 34 4 9 
3 23 25 13 
3 4 21 23 
4 10 2 31 22 
3 2 4 25 
5 23 29 41 4 48 
4 2 42 16 26 
4 4 11 13 45 
3 26 6 1 
3 14 26 20 
3 1 12 4 
3 6 4 12 
3 5 1 6 
3 5 17 2 
3 16 6 14 
4 47 13 4 31 
3 23 12 32 
3 2 6 18 
3 15 20 1 
3 33 14 4 
3 6 7 11 
3 6 41 19 
3 9 31 13 
2 14 22 
3 13 7 2 

13 30 6 29 10 15 40 32 26 13 4 5 14 8 
4 19 4 12 41 
14 21 9 7 19 34 8 12 6 31 4 30 5 28 42 
24 47 36 48 5 14 26 23 2 33 24 9 45 40 43 32 11 16 37 7 17 13 3 18 1 
11 4 11 29 1 3 6 23 13 19 39 36 
14 41 8 1 23 7 17 22 32 10 21 3 49 5 45 
18 9 6 4 50 15 17 29 20 40 12 11 35 22 24 27 3 31 10 
5 6 3 42 1 25 
11 28 46 3 4 14 38 18 7 48 15 16 
5 1 45 6 7 28 
6 5 35 20 7 4 21 
6 7 22 20 27 3 2 
7 5 35 44 1 4 25 16 
4 46 1 4 9 
7 7 44 9 1 46 49 33 
7 31 13 4 37 33 9 18 
4 34 6 7 4 
5 27 4 34 16 9 
3 5 3 2 
5 7 36 38 11 12 
4 11 26 3 6 
6 24 48 7 25 6 12 
4 5 4 47 6 
3 4 7 22 
4 8 49 13 22 
4 4 39 21 1 
5 39 37 12 7 18 
3 3 10 9 
4 7 5 1 30 
3 3 29 1 
4 16 7 3 44 
3 6 4 1 
3 15 4 16 
4 17 38 3 18 
4 11 13 43 7 
6 20 5 50 4 41 42 
3 16 4 27 
4 34 9 47 20 
3 26 27 5 
3 4 7 1 
4 43 36 6 2 
3 36 3 8 
3 41 4 35 
3 15 13 31 
3 4 6 10 
3 15 14 9 
3 23 4 38 
4 4 22 9 49 
4 25 6 48 15 
2 36 7 

14 5 19 31 23 10 14 6 8 21 7 4 43 11 9 
9 32 12 14 4 5 16 38 20 26 
1 4 
13 1 10 39 2 3 9 24 31 5 19 6 12 22 
20 13 26 6 2 22 17 15 42 7 32 1 48 10 4 8 49 11 21 16 12 
7 1 41 5 28 7 4 8 
10 17 1 42 27 9 6 38 5 43 45 
6 11 15 6 5 1 36 
5 4 7 46 1 24 
11 25 4 33 18 31 36 15 13 1 21 5 
11 5 14 47 37 13 19 46 45 1 8 18 
8 33 28 5 29 35 18 4 2 
8 10 43 23 27 5 41 48 11 
9 40 16 22 11 41 2 37 1 30 
4 5 48 8 10 
8 2 25 14 5 34 17 24 20 
4 25 5 7 16 
6 47 29 12 10 11 35 
7 47 23 1 4 11 28 20 
4 2 16 32 19 
5 26 5 1 30 10 
5 29 40 14 4 5 
3 1 13 19 
3 9 16 4 
7 10 30 17 27 16 50 34 
5 21 2 39 34 5 
3 7 13 25 
3 12 19 6 
5 12 33 18 22 46 
5 14 21 44 25 39 
7 38 10 44 42 1 36 4 
4 20 44 2 5 
3 10 12 29 
6 35 49 25 26 37 16 
3 12 34 18 
5 50 31 8 49 10 
4 11 40 14 34 
3 31 2 7 
3 30 4 26 
3 22 14 37 
4 14 6 13 50 
4 45 7 31 5 
3 1 7 13 
3 30 32 31 
3 42 11 7 
3 11 29 9 
4 50 11 19 18 
3 13 15 5 
3 36 34 5 
4 41 47 36 25 

13 13 45 30 28 37 17 6 7 26 39 5 42 4 
15 43 7 5 4 8 13 11 30 10 9 44 45 18 16 6 
1 4 
16 14 9 6 2 42 1 13 33 8 17 50 10 3 5 44 7 
20 9 29 14 26 8 24 25 18 15 4 36 1 23 32 21 27 12 2 11 41 
6 12 4 38 1 2 50 
7 2 4 1 22 11 24 20 
21 44 32 15 14 10 30 27 25 46 2 39 28 16 19 4 29 31 5 12 35 22 
8 22 5 4 39 2 50 31 18 
5 2 8 40 4 37 
5 5 20 7 33 2 
11 43 23 19 33 15 5 8 6 29 16 32 
5 37 45 4 2 1 
10 4 34 21 35 8 49 5 47 41 40 
7 20 46 12 40 17 5 8 
5 36 12 27 2 8 
5 15 4 38 35 1 
6 26 19 5 2 9 34 
4 18 48 8 12 
6 47 7 15 21 25 11 
5 14 20 23 5 34 
3 7 9 8 
4 12 24 5 21 
4 5 7 36 23 
4 20 8 28 5 
5 1 41 5 49 18 
3 16 5 8 
3 1 8 25 
4 5 8 31 12 
3 2 8 1 
4 9 47 8 29 
3 8 5 12 
4 4 11 12 38 
3 14 18 21 
4 14 43 8 17 
4 24 5 49 16 
3 13 10 1 
5 17 33 48 6 42 
3 8 9 1 
3 10 14 15 
3 26 14 5 
3 38 1 4 
3 2 12 35 
3 8 4 2 
3 1 13 2 
2 15 8 
3 14 20 31 
2 38 19 
3 26 36 14 
3 9 4 6 

